Date,Open,High,Low,Close,Volume,Dividends,Stock Splits
2022-01-19 00:00:00-05:00,36.878656296502974,41.73111107235863,36.878656296502974,40.7606201171875,129900,0.0,0.0
2022-01-20 00:00:00-05:00,39.74160138739842,46.94264177888787,39.74160138739842,43.672088623046875,153400,0.0,0.0
2022-01-21 00:00:00-05:00,41.73110690646701,48.4760191120078,41.68258310397828,43.672088623046875,329500,0.0,0.0
2022-01-24 00:00:00-05:00,43.594445881097215,43.67208692376122,40.644156600309806,41.53700637817383,110000,0.0,0.0
2022-01-25 00:00:00-05:00,41.24586543090065,43.594451756061694,40.110392794883744,40.66162872314453,23500,0.0,0.0
2022-01-26 00:00:00-05:00,43.681790163974576,43.73031766666053,41.0032371306487,41.94461441040039,90500,0.0,0.0
2022-01-27 00:00:00-05:00,45.865392696651035,48.155751532927,42.45897168312435,44.4096565246582,151600,0.0,0.0
2022-01-28 00:00:00-05:00,43.23537200486367,46.19536872511421,42.847177837855796,45.370452880859375,43600,0.0,0.0
2022-01-31 00:00:00-05:00,44.64258654912313,46.58356857299805,44.64258654912313,46.58356857299805,71300,0.0,0.0
2022-02-01 00:00:00-05:00,46.09831347923082,48.5245405044535,45.661591874265014,48.311031341552734,298800,0.0,0.0
2022-02-02 00:00:00-05:00,48.558511743213884,54.57070253661282,48.33044579073624,51.44572067260742,23860900,0.0,0.0
2022-02-03 00:00:00-05:00,50.6499249038495,54.90067659988967,48.815697471909616,52.03772735595703,8425500,0.0,0.0
2022-02-04 00:00:00-05:00,51.04782249833259,52.72677510000833,48.64100538615507,48.66041564941406,6757800,0.0,0.0
2022-02-07 00:00:00-05:00,48.52454348249818,48.56336400579511,44.64258000389833,44.710514068603516,9432500,0.0,0.0
2022-02-08 00:00:00-05:00,43.79825658224373,46.15654983156991,42.86658247848998,44.1573371887207,7277500,0.0,0.0
2022-02-09 00:00:00-05:00,43.42945995225138,46.04978565068998,42.58513405793203,45.913917541503906,4393100,0.0,0.0
2022-02-10 00:00:00-05:00,44.167033882611925,47.068802951221734,44.040872746419545,45.661590576171875,2450000,0.0,0.0
2022-02-11 00:00:00-05:00,45.38015143331172,47.46670828379188,44.70081078629852,46.67090606689453,3456800,0.0,0.0
2022-02-14 00:00:00-05:00,46.767960231324295,47.55405927869793,45.60337398620255,46.69032287597656,2155000,0.0,0.0
2022-02-15 00:00:00-05:00,46.292422009842696,47.02029026879579,45.80717650387396,46.58356857299805,2359800,0.0,0.0
2022-02-16 00:00:00-05:00,46.31182271956823,47.03969082835208,45.5645443502947,45.807167053222656,5855300,0.0,0.0
2022-02-17 00:00:00-05:00,44.953137601806034,45.69071274931736,43.85648186260386,43.95353317260742,3142600,0.0,0.0
2022-02-18 00:00:00-05:00,43.8176622649654,44.54553038430284,43.47798825466404,44.06998825073242,2018700,0.0,0.0
2022-02-22 00:00:00-05:00,44.069993570894134,44.332026569743874,42.206652737468204,42.25517654418945,2611100,0.0,0.0
2022-02-23 00:00:00-05:00,42.40074395762292,42.691894174695996,40.93530440119709,41.818450927734375,2791200,0.0,0.0
2022-02-24 00:00:00-05:00,42.01416573563033,43.41625933521796,41.10864579184983,43.15336608886719,2447900,0.141,0.0
2022-02-25 00:00:00-05:00,43.13389146549171,43.74730903125304,42.58863470862216,42.75415802001953,2040700,0.0,0.0
2022-02-28 00:00:00-05:00,42.16021388903796,45.392821272678,41.34232505014813,44.76966857910156,5534900,0.0,0.0
2022-03-01 00:00:00-05:00,44.41914337746003,46.785178767422174,44.15625014365502,46.53202438354492,4212900,0.0,0.0
2022-03-02 00:00:00-05:00,46.7364944983056,48.975950783492834,46.08413271212253,48.15806198120117,3517100,0.0,0.0
2022-03-03 00:00:00-05:00,48.50858641838996,49.00516375380631,46.29541982123647,48.21648406982422,2072200,0.0,0.0
2022-03-04 00:00:00-05:00,47.875697197587755,49.6964758957363,46.979916123782886,49.657527923583984,2544600,0.0,0.0
2022-03-07 00:00:00-05:00,49.71594338860535,51.19593270855006,48.55726551124434,50.29041290283203,2726900,0.0,0.0
2022-03-08 00:00:00-05:00,49.832788372772214,53.86381049503846,49.511473184973894,50.942779541015625,3873700,0.0,0.0
2022-03-09 00:00:00-05:00,51.059622071320064,52.26698322174675,49.258321053111594,49.978843688964844,3050600,0.0,0.0
2022-03-10 00:00:00-05:00,49.23884699603527,50.28068111858217,47.97306760282048,49.9691047668457,2692700,0.0,0.0
2022-03-11 00:00:00-05:00,50.0664677287253,50.47541398521781,47.01886150430712,48.02174758911133,3034100,0.0,0.0
2022-03-14 00:00:00-04:00,50.49489457677456,50.49489457677456,47.31097004076477,49.608848571777344,2916600,0.0,0.0
2022-03-15 00:00:00-04:00,49.98857873839923,50.23199799526438,48.586485155997856,49.93989562988281,2117400,0.0,0.0
2022-03-16 00:00:00-04:00,50.348842745407204,51.020682332167944,49.02464127419097,50.407264709472656,2989800,0.0,0.0
2022-03-17 00:00:00-04:00,50.51436088721079,51.32251081918363,49.56989306310069,49.647789001464844,2244600,0.0,0.0
2022-03-18 00:00:00-04:00,49.316739176892625,50.05673202721424,47.59333052360933,47.719905853271484,9663900,0.0,0.0
2022-03-21 00:00:00-04:00,47.622543851426194,48.128856357659465,47.320702632051606,47.92438507080078,2452000,0.0,0.0
2022-03-22 00:00:00-04:00,49.02463282102197,50.679884374632245,48.69358251029991,49.79383850097656,3841900,0.0,0.0
2022-03-23 00:00:00-04:00,49.36542179631895,50.40725582910147,49.36542179631895,49.647789001464844,2396200,0.0,0.0
2022-03-24 00:00:00-04:00,49.832788517683525,51.19593778590466,49.430657960702284,51.03041076660156,2335200,0.0,0.0
2022-03-25 00:00:00-04:00,50.864885903245565,52.40329356494557,50.66041091927879,52.383819580078125,2441200,0.0,0.0
2022-03-28 00:00:00-04:00,52.94855864233234,55.353538413011165,52.627243435262194,55.28538131713867,3127000,0.0,0.0
2022-03-29 00:00:00-04:00,55.499590832591345,55.87932428084483,53.1919773063934,54.84722900390625,2201300,0.0,0.0
2022-03-30 00:00:00-04:00,54.691435118734276,56.268794527584085,54.23380945602321,55.986427307128906,1934100,0.0,0.0
2022-03-31 00:00:00-04:00,56.80431406865595,57.524836654275035,54.31169971068079,54.76932907104492,3817600,0.0,0.0
2022-04-01 00:00:00-04:00,54.87644064676535,56.76537283875416,54.23381392460147,56.49274444580078,2156500,0.0,0.0
2022-04-04 00:00:00-04:00,56.823787733920355,57.154838047458696,56.01563407776273,56.84326171875,1885100,0.0,0.0
2022-04-05 00:00:00-04:00,57.10616350521667,58.73220248233628,56.911427342003634,57.44694900512695,2143100,0.0,0.0
2022-04-06 00:00:00-04:00,57.34957608295218,58.49851522601573,56.83352475356344,58.03114700317383,2559400,0.0,0.0
2022-04-07 00:00:00-04:00,58.18693726561337,59.462455503004044,57.787729834717524,59.30666732788086,3925800,0.0,0.0
2022-04-08 00:00:00-04:00,59.60850217454045,63.19163353389099,59.296925857578024,62.33479309082031,4762100,0.0,0.0
2022-04-11 00:00:00-04:00,62.49059127094533,62.9599057921657,58.81982846980544,59.08272171020508,3487700,0.0,0.0
2022-04-12 00:00:00-04:00,59.39429234466638,61.54611745457809,59.277452153823575,60.241390228271484,2553000,0.0,0.0
2022-04-13 00:00:00-04:00,60.406924621959625,62.850856079192795,60.124557388142016,62.51006317138672,3405700,0.0,0.0
2022-04-14 00:00:00-04:00,62.43217601071456,63.01638076333342,60.54421327183972,60.903499603271484,1860100,0.0,0.0
2022-04-18 00:00:00-04:00,60.650335136870055,62.48084503894604,60.650335136870055,61.64348602294922,1216800,0.0,0.0
2022-04-19 00:00:00-04:00,61.95507138516792,65.1292569161395,61.22481360175009,64.95399475097656,2078800,0.0,0.0
2022-04-20 00:00:00-04:00,66.03477886333239,66.87214174128047,63.35230119867342,63.6882209777832,2182800,0.0,0.0
2022-04-21 00:00:00-04:00,63.28900535676764,64.5547884353294,60.51402737683796,61.02033615112305,2493700,0.0,0.0
2022-04-22 00:00:00-04:00,60.85481251890392,62.759325979494626,60.65034124026832,60.78665542602539,2030500,0.0,0.0
2022-04-25 00:00:00-04:00,60.7184942624208,61.185858745518686,57.87535568072187,60.630863189697266,2261600,0.0,0.0
2022-04-26 00:00:00-04:00,60.173233827043184,60.582180071081176,58.33298501457906,58.37193298339844,2136500,0.0,0.0
2022-04-27 00:00:00-04:00,58.43035524718111,59.579294406515544,58.15772687523159,58.50825119018555,1991600,0.0,0.0
2022-04-28 00:00:00-04:00,58.63482467996224,59.735076913438164,57.25220153701457,59.69613265991211,3354600,0.0,0.0
2022-04-29 00:00:00-04:00,59.88112620997934,60.23165046988392,57.59298710067684,57.651405334472656,2578400,0.0,0.0
2022-05-02 00:00:00-04:00,57.73905020111376,58.410889764618304,55.40222743363773,56.668006896972656,2488200,0.0,0.0
2022-05-03 00:00:00-04:00,56.9114171763549,58.858771032077684,56.9114171763549,58.12851333618164,2224200,0.0,0.0
2022-05-04 00:00:00-04:00,58.537455577155036,60.655202142054826,58.267746653454914,60.1829719543457,2628900,0.0,0.0
2022-05-05 00:00:00-04:00,59.60850734715709,60.35823908562034,57.612466518411146,58.57640838623047,1946800,0.0,0.0
2022-05-06 00:00:00-04:00,58.67377097722743,59.61823880093178,57.15483732260673,58.683509826660156,2861000,0.0,0.0
2022-05-09 00:00:00-04:00,58.9756075409813,58.9756075409813,55.080900072721505,56.1032600402832,2193700,0.0,0.0
2022-05-10 00:00:00-04:00,56.71668822688407,58.294044009675375,55.24156808874484,55.53853988647461,2156200,0.0,0.0
2022-05-11 00:00:00-04:00,55.60669363868305,57.476151681518765,55.04195920014957,55.85984802246094,1877000,0.0,0.0
2022-05-12 00:00:00-04:00,55.93891641045217,56.46599461602517,51.8101154134296,52.1907844543457,3785600,0.141,0.0
2022-05-13 00:00:00-04:00,53.225417085406356,54.56361927517381,52.34695101854591,53.303504943847656,2317500,0.0,0.0
2022-05-16 00:00:00-04:00,53.11805067195053,55.763219289420014,53.03996653322386,55.23613739013672,1631900,0.0,0.0
2022-05-17 00:00:00-04:00,55.48991303812802,58.05699367976307,54.64072805361961,57.900821685791016,2215100,0.0,0.0
2022-05-18 00:00:00-04:00,57.99842782412671,58.81345402528458,55.56800093361322,55.90962600708008,4609100,0.0,0.0
2022-05-19 00:00:00-04:00,55.763222290138955,56.13412848505963,53.60609152479326,55.8608283996582,2181100,0.0,0.0
2022-05-20 00:00:00-04:00,56.13413050495334,57.52991951722331,54.1624602129895,55.294708251953125,2266200,0.0,0.0
2022-05-23 00:00:00-04:00,56.12436907534027,56.21221606283035,54.523605057462674,55.24589920043945,1581800,0.0,0.0
2022-05-24 00:00:00-04:00,55.19709948403368,55.987722419258176,53.7525073872825,55.42159652709961,1682300,0.0,0.0
2022-05-25 00:00:00-04:00,55.51919878662289,57.920344630874766,55.51919878662289,57.75440979003906,1974700,0.0,0.0
2022-05-26 00:00:00-04:00,57.76417319922338,61.53475346252077,57.75441035490774,60.9754638671875,3260100,0.0,0.0
2022-05-27 00:00:00-04:00,60.90714421805086,65.04570439526074,60.51671232657017,65.00666046142578,2793800,0.0,0.0
2022-05-31 00:00:00-04:00,63.972021062114905,64.80168416143839,59.90178226137903,60.59479904174805,7389300,0.0,0.0
2022-06-01 00:00:00-04:00,60.8876185151572,62.39077264122722,60.66312149453268,62.127235412597656,2008600,0.0,0.0
2022-06-02 00:00:00-04:00,62.16627998495995,62.58599669224692,60.497190894812405,62.22484588623047,1758500,0.0,0.0
2022-06-03 00:00:00-04:00,61.74656537287435,64.24532124300778,61.60991533028105,63.610870361328125,1793500,0.0,0.0
2022-06-06 00:00:00-04:00,64.00129200481426,65.33851857549419,63.82072035889627,64.80167388916016,2033200,0.0,0.0
2022-06-07 00:00:00-04:00,63.95249828651492,65.10426830118611,63.6020933062651,64.9578628540039,2721700,0.0,0.0
2022-06-08 00:00:00-04:00,64.85049250771989,64.87977359653003,61.619679573171055,63.22043991088867,1922200,0.0,0.0
2022-06-09 00:00:00-04:00,62.7226479781321,62.91786020602312,59.69681004117177,59.74561309814453,1811000,0.0,0.0
2022-06-10 00:00:00-04:00,58.41814316670065,59.59919787677547,57.7934551646241,58.359580993652344,1540800,0.0,0.0
2022-06-13 00:00:00-04:00,56.87594756883685,57.57872346306208,53.87939462036501,54.15269470214844,2113200,0.0,0.0
2022-06-14 00:00:00-04:00,54.68953414767101,55.12876906873885,52.044369223534204,53.1375732421875,2330400,0.0,0.0
2022-06-15 00:00:00-04:00,54.36743112859286,58.13020346687874,54.34790916279192,56.807621002197266,3891700,0.0,0.0
2022-06-16 00:00:00-04:00,54.98236104269236,56.95403122064137,54.73834205078998,56.86618423461914,4837000,0.0,0.0
2022-06-17 00:00:00-04:00,57.149249289750436,58.07652223824118,54.15757767791442,56.71001434326172,6478700,0.0,0.0
2022-06-21 00:00:00-04:00,56.71001107360308,59.48206691408699,56.71001107360308,58.93546676635742,4363600,0.0,0.0
2022-06-22 00:00:00-04:00,57.86177059334795,58.98425922092269,57.45670197763265,57.7934455871582,3233400,0.0,0.0
2022-06-23 00:00:00-04:00,58.44742578180601,59.7651267539885,56.4074270072003,57.24685287475586,2667600,0.0,0.0
2022-06-24 00:00:00-04:00,57.43230998936359,58.89642393838873,56.59288406283968,57.86178207397461,6473700,0.0,0.0
2022-06-27 00:00:00-04:00,57.705610114073636,58.43864262895852,57.02235619263365,57.99843215942383,1718900,0.0,0.0
2022-06-28 00:00:00-04:00,58.40838268844851,59.45278361579566,56.446471744800675,56.69049072265625,1401700,0.0,0.0
2022-06-29 00:00:00-04:00,56.57337011586193,56.76370465833997,54.972605900439014,55.93892288208008,1412200,0.0,0.0
2022-06-30 00:00:00-04:00,55.53872578421937,57.42645491782175,55.19709695080552,55.89011001586914,2424400,0.0,0.0
2022-07-01 00:00:00-04:00,55.363025504763954,56.70024842745583,55.26541568199891,56.22196960449219,1531900,0.0,0.0
2022-07-05 00:00:00-04:00,55.78274495875285,55.9974791470845,51.62465910845799,53.625614166259766,2696000,0.0,0.0
2022-07-06 00:00:00-04:00,53.81106427453094,55.851063011438846,53.25470132114096,55.40206527709961,1716600,0.0,0.0
2022-07-07 00:00:00-04:00,56.19269250599677,58.4669512714113,56.19269250599677,57.69585037231445,1872100,0.0,0.0
2022-07-08 00:00:00-04:00,57.529906627196816,58.37909525872807,56.04627095624493,58.222923278808594,2096000,0.0,0.0
2022-07-11 00:00:00-04:00,58.22293693907367,58.701212110787736,57.01260101815343,58.408390045166016,1774700,0.0,0.0
2022-07-12 00:00:00-04:00,57.9886708022812,59.648000626534966,57.51039195868322,57.8129768371582,1808400,0.0,0.0
2022-07-13 00:00:00-04:00,56.758821280574274,58.8378604940309,56.758821280574274,58.38886642456055,1577200,0.0,0.0
2022-07-14 00:00:00-04:00,56.89546011943548,57.55919197115392,55.72416839737742,56.53430938720703,2608600,0.0,0.0
2022-07-15 00:00:00-04:00,53.64513805874578,55.2908030601273,51.38064195251759,54.328392028808594,5186100,0.0,0.0
2022-07-18 00:00:00-04:00,54.98235790944758,55.31422014502624,53.28398418428007,53.498722076416016,2583100,0.0,0.0
2022-07-19 00:00:00-04:00,54.113653322649505,54.17221922440962,52.87403632781934,53.684181213378906,2326200,0.0,0.0
2022-07-20 00:00:00-04:00,53.84035119547709,54.020926593178096,52.093174288319446,52.77642822265625,2803600,0.0,0.0
2022-07-21 00:00:00-04:00,52.57144723869257,53.54264169204135,52.03460625197167,52.8642692565918,1816800,0.0,0.0
2022-07-22 00:00:00-04:00,53.47920023105366,54.26981933853433,52.14197354776681,52.708099365234375,1503100,0.0,0.0
2022-07-25 00:00:00-04:00,52.68857622964536,53.742739980779845,52.09316933947874,53.6451301574707,1847700,0.0,0.0
2022-07-26 00:00:00-04:00,54.07461221154615,55.31422546230936,53.576811363457004,54.172218322753906,1993500,0.0,0.0
2022-07-27 00:00:00-04:00,53.713458150957955,54.42599314517789,52.883795085705295,54.20149612426758,1557200,0.0,0.0
2022-07-28 00:00:00-04:00,61.082835269413465,64.36245108568188,60.70216251791843,63.044742584228516,8460600,0.0,0.0
2022-07-29 00:00:00-04:00,62.3224449400985,65.00665367433575,62.11746989401729,64.51861572265625,3895200,0.0,0.0
2022-08-01 00:00:00-04:00,64.4698116959316,65.00664893552415,62.59574043847732,63.737754821777344,2735200,0.0,0.0
2022-08-02 00:00:00-04:00,63.737749560930816,65.19210034575376,63.43516101405242,64.26482391357422,1722900,0.0,0.0
2022-08-03 00:00:00-04:00,65.03593690004564,65.76799385165435,63.97201770487114,65.56301879882812,2286700,0.0,0.0
2022-08-04 00:00:00-04:00,63.94273941601357,66.73431730937178,63.94273941601357,65.84608459472656,2425900,0.0,0.0
2022-08-05 00:00:00-04:00,68.09105999561385,74.1622535638796,68.08129715104249,72.52244567871094,4216800,0.0,0.0
2022-08-08 00:00:00-04:00,75.16760183777332,75.77276408705714,73.17640624871476,74.07439422607422,3183600,0.0,0.0
2022-08-09 00:00:00-04:00,73.93775124002849,74.93334540584642,73.22521253891507,73.9084701538086,2945700,0.0,0.0
2022-08-10 00:00:00-04:00,74.2305927342878,75.35307432733588,73.69374788354054,75.27499389648438,2134600,0.0,0.0
2022-08-11 00:00:00-04:00,75.27497246428973,78.14463040824184,74.84549670597173,76.94406127929688,2540200,0.0,0.0
2022-08-12 00:00:00-04:00,77.8837665476932,79.86875020105182,77.28729267173055,79.69274139404297,2170800,0.141,0.0
2022-08-15 00:00:00-04:00,78.47045281961574,80.60211152483747,78.47045281961574,79.39938354492188,1980100,0.0,0.0
2022-08-16 00:00:00-04:00,79.30160496411222,80.28921028997195,79.10604295077148,79.59495544433594,1878800,0.0,0.0
2022-08-17 00:00:00-04:00,78.6366751840356,79.64383361840122,77.3459466387942,77.9326400756836,2502200,0.0,0.0
2022-08-18 00:00:00-04:00,77.6588683092872,80.32344023731233,77.6588683092872,79.79052734375,1939600,0.0,0.0
2022-08-19 00:00:00-04:00,78.52911726512465,79.47760863511049,78.07931869527602,79.04736328125,1704000,0.0,0.0
2022-08-22 00:00:00-04:00,78.95935676015588,78.95935676015588,77.75662891029447,77.88375091552734,1724600,0.0,0.0
2022-08-23 00:00:00-04:00,78.48999485870908,79.09624893154779,77.83485402109694,77.98152923583984,1065800,0.0,0.0
2022-08-24 00:00:00-04:00,77.89353664545492,79.02292323351266,77.55129195556049,78.5877914428711,1430200,0.0,0.0
2022-08-25 00:00:00-04:00,78.23576256588343,80.99322814105591,77.9961928096304,80.90522003173828,1551700,0.0,0.0
2022-08-26 00:00:00-04:00,80.90522393395443,81.38436346957033,78.81267940521151,79.03758239746094,1641000,0.0,0.0
2022-08-29 00:00:00-04:00,77.88375711236307,80.17186386606953,77.39484464770318,79.20381927490234,1191200,0.0,0.0
2022-08-30 00:00:00-04:00,79.77095524166751,79.77095524166751,77.22861205397018,77.92286682128906,1802800,0.0,0.0
2022-08-31 00:00:00-04:00,78.48022222948914,80.56298641273335,77.80552071566989,79.78072357177734,3016500,0.0,0.0
2022-09-01 00:00:00-04:00,79.78073932078821,81.1008090580145,79.36028172652281,80.69011688232422,2421100,0.0,0.0
2022-09-02 00:00:00-04:00,80.74878799960746,81.83417431563207,79.16470885887122,79.27227020263672,2232200,0.0,0.0
2022-09-06 00:00:00-04:00,79.88829552278528,80.86612047390976,79.282048827624,80.43588256835938,2013300,0.0,0.0
2022-09-07 00:00:00-04:00,80.76834841167883,82.58710361891866,79.87266029920833,81.06169891357422,1759100,0.0,0.0
2022-09-08 00:00:00-04:00,81.03235668246444,84.04405187320874,81.03235668246444,83.88760375976562,2184400,0.0,0.0
2022-09-09 00:00:00-04:00,84.58186032375798,85.86280865353186,83.54047433828417,85.56946563720703,1905300,0.0,0.0
2022-09-12 00:00:00-04:00,86.59617762420248,86.6939660901271,85.52057164094442,86.17571258544922,1733800,0.0,0.0
2022-09-13 00:00:00-04:00,84.97299650820537,86.07793610524752,83.8680494509503,84.46452331542969,1974200,0.0,0.0
2022-09-14 00:00:00-04:00,84.46451509414821,86.56684019381537,84.34718087663055,86.09748840332031,3600300,0.0,0.0
2022-09-15 00:00:00-04:00,85.93125123691343,86.30282948084589,84.39606641176175,84.87520599365234,3631800,0.0,0.0
2022-09-16 00:00:00-04:00,84.68942425164919,84.93388050281774,83.0104959135836,83.6724853515625,6245600,0.0,0.0
2022-09-19 00:00:00-04:00,83.50624753796527,87.7108901109888,83.35957231165018,87.37843322753906,4407400,0.0,0.0
2022-09-20 00:00:00-04:00,86.44951390940696,88.1802609185257,85.61835667125328,85.80414581298828,4626000,0.0,0.0
2022-09-21 00:00:00-04:00,86.82107644930937,88.09224438246586,85.2956719454367,85.34455871582031,2155100,0.0,0.0
2022-09-22 00:00:00-04:00,86.04859061273477,86.04859061273477,82.75331803654808,83.48668670654297,1863300,0.0,0.0
2022-09-23 00:00:00-04:00,81.92706229958014,82.46974795378037,80.33320294831306,81.99061584472656,2678800,0.0,0.0
2022-09-26 00:00:00-04:00,81.81461415619843,83.06622893497642,79.83941098222928,81.08124542236328,1973300,0.0,0.0
2022-09-27 00:00:00-04:00,81.83416616130032,83.5209125783296,81.23769239084065,82.10795593261719,1777800,0.0,0.0
2022-09-28 00:00:00-04:00,82.24486479367876,83.6333745614198,81.33548720715847,83.13468170166016,1564300,0.0,0.0
2022-09-29 00:00:00-04:00,83.16402358124522,84.29829676122547,80.25010164643474,81.19859313964844,1823700,0.0,0.0
2022-09-30 00:00:00-04:00,81.43326892305832,82.57732244044256,80.39677675792865,81.34526824951172,3267800,0.0,0.0
2022-10-03 00:00:00-04:00,83.14445626907545,84.98277199303982,82.01018317958973,84.66986083984375,2026700,0.0,0.0
2022-10-04 00:00:00-04:00,86.34194014670135,87.48109957032705,85.2272203769794,87.35887145996094,1679100,0.0,0.0
2022-10-05 00:00:00-04:00,85.73568874289977,87.4859962338784,83.69203079368774,86.2148208618164,1766700,0.0,0.0
2022-10-06 00:00:00-04:00,86.27349273486395,87.91525408923394,84.04404573439272,84.36672973632812,1677300,0.0,0.0
2022-10-07 00:00:00-04:00,83.80937486497919,83.84848875787597,81.5212680821093,82.51864624023438,2017200,0.0,0.0
2022-10-10 00:00:00-04:00,83.06622704413805,83.7311483127548,82.0688488713191,82.8413314819336,982800,0.0,0.0
2022-10-11 00:00:00-04:00,82.53821573330937,83.42803264606931,80.7194605505016,81.0421371459961,1534200,0.0,0.0
2022-10-12 00:00:00-04:00,81.26705043377318,81.73640233741224,79.86876014298286,80.33811950683594,1878400,0.0,0.0
2022-10-13 00:00:00-04:00,78.77357697022268,82.45020093574756,77.54152288290585,81.96128845214844,2746500,0.0,0.0
2022-10-14 00:00:00-04:00,82.34264197072275,82.88044870229947,78.92025448668501,79.45806121826172,1693300,0.0,0.0
2022-10-17 00:00:00-04:00,81.37458712681833,84.37650918859823,81.29635934652546,83.3009033203125,1678900,0.0,0.0
2022-10-18 00:00:00-04:00,84.58185631956994,85.46190024730733,82.63598680061496,84.59163665771484,1598900,0.0,0.0
2022-10-19 00:00:00-04:00,83.20312447967012,84.31785182713027,82.68487843071273,83.78982543945312,1325800,0.0,0.0
2022-10-20 00:00:00-04:00,84.4547437229421,84.80676130219993,82.31330469249235,82.68487548828125,2076500,0.0,0.0
2022-10-21 00:00:00-04:00,82.82176860540615,85.5205675016681,81.80483724296582,85.34455871582031,1749200,0.0,0.0
2022-10-24 00:00:00-04:00,85.62618927852691,85.76503877187562,83.67249365112805,85.63792419433594,1325000,0.0,0.0
2022-10-25 00:00:00-04:00,85.55967904440342,86.59617105470208,84.82631036687997,86.19526672363281,1647200,0.0,0.0
2022-10-26 00:00:00-04:00,87.69133846913437,87.69133846913437,85.39345141633729,86.81129455566406,1370100,0.0,0.0
2022-10-27 00:00:00-04:00,87.81358011090288,91.07462580188817,87.81358011090288,90.97684478759766,3345800,0.0,0.0
2022-10-28 00:00:00-04:00,90.83015155813098,93.13977342312535,89.78387924586237,91.67108154296875,1958000,0.0,0.0
2022-10-31 00:00:00-04:00,92.05244911749223,93.30406398115915,91.30441355506298,92.4435806274414,2276600,0.0,0.0
2022-11-01 00:00:00-04:00,93.12804279805233,94.10586771286661,91.92042843143975,93.4018325805664,1467400,0.0,0.0
2022-11-02 00:00:00-04:00,92.58047195875956,94.15477081680561,90.91817243098791,91.02572631835938,1966100,0.0,0.0
2022-11-03 00:00:00-04:00,90.11635345760014,93.33339106681382,90.11635345760014,92.31645965576172,1484400,0.0,0.0
2022-11-04 00:00:00-04:00,92.98136887292321,94.0765354785521,90.68837568210087,92.22844696044922,1974300,0.0,0.0
2022-11-07 00:00:00-05:00,92.95204032559127,92.95204032559127,90.89860935711405,91.4266357421875,2120300,0.0,0.0
2022-11-08 00:00:00-05:00,87.57399605425798,91.0403910102541,84.17116956453016,85.59879302978516,4345400,0.0,0.0
2022-11-09 00:00:00-05:00,85.07076479724807,87.92601166436005,84.41562391627183,85.41300201416016,2241500,0.0,0.0
2022-11-10 00:00:00-05:00,88.49315860464036,93.71474029389067,86.24415821955348,93.03026580810547,4885600,0.0,0.0
2022-11-11 00:00:00-05:00,93.17693728371083,93.74407752631117,89.57365484999465,90.26301574707031,3133200,0.0,0.0
2022-11-14 00:00:00-05:00,90.09751198226003,92.76126570589115,90.09751198226003,91.9778060913086,1997000,0.141,0.0
2022-11-15 00:00:00-05:00,92.55561393522532,92.79064884287789,90.73407658976178,91.56649780273438,2537200,0.0,0.0
2022-11-16 00:00:00-05:00,92.35973715363498,92.56539361367622,89.39239648905883,89.78412628173828,1384600,0.0,0.0
2022-11-17 00:00:00-05:00,88.55998254664976,89.56868180142995,87.03224444982736,88.1878433227539,1792500,0.0,0.0
2022-11-18 00:00:00-05:00,88.25639546310497,91.50774030413591,88.1643375721126,91.37063598632812,2515700,0.0,0.0
2022-11-21 00:00:00-05:00,92.12471689314525,92.27161652267607,90.84180890326884,91.45877838134766,1744800,0.0,0.0
2022-11-22 00:00:00-05:00,92.6045902178627,94.36737098459913,92.1443081581245,94.27922821044922,1567600,0.0,0.0
2022-11-23 00:00:00-05:00,94.04417560023707,95.86571289316643,92.46257459404093,94.62197875976562,1135900,0.0,0.0
2022-11-25 00:00:00-05:00,94.6023931115142,95.43481434405214,94.01480209275948,95.15081787109375,631700,0.0,0.0
2022-11-28 00:00:00-05:00,94.0833574218153,94.59260099611704,92.42830272999008,92.84941101074219,1590100,0.0,0.0
2022-11-29 00:00:00-05:00,92.73189755740019,93.14321053841984,91.39022524697845,92.4772720336914,1436200,0.0,0.0
2022-11-30 00:00:00-05:00,92.19326561884048,94.93536702905843,91.82112637998422,94.13232421875,3361800,0.0,0.0
2022-12-01 00:00:00-05:00,94.99412971924927,95.75799884524291,91.93864574364899,92.51644897460938,1748600,0.0,0.0
2022-12-02 00:00:00-05:00,91.06705542938454,91.55671591718666,89.15738251560668,90.13670349121094,1848700,0.0,0.0
2022-12-05 00:00:00-05:00,89.12799111033505,89.71558211585587,87.94301379890764,88.1976318359375,2397000,0.0,0.0
2022-12-06 00:00:00-05:00,88.00178224543055,89.00068633918214,87.94302537862927,88.90275573730469,1237500,0.0,0.0
2022-12-07 00:00:00-05:00,89.00068206931105,91.2727062933455,88.71667810735354,90.06814575195312,1237200,0.0,0.0
2022-12-08 00:00:00-05:00,90.4206953686408,91.06214932634792,89.04964469197385,89.51972198486328,1002400,0.0,0.0
2022-12-09 00:00:00-05:00,89.47075543157895,89.96041586740344,87.83529136911527,87.86466979980469,1384600,0.0,0.0
2022-12-12 00:00:00-05:00,88.11929620011134,89.03985274796621,87.22811061161443,89.00067901611328,1554100,0.0,0.0
2022-12-13 00:00:00-05:00,90.07794243880814,90.79284253367624,88.52081827469173,88.96150970458984,1629900,0.0,0.0
2022-12-14 00:00:00-05:00,89.64704737359096,90.38153814109968,88.02137088845767,88.9713134765625,2561600,0.0,0.0
2022-12-15 00:00:00-05:00,88.93212425907478,88.97129798978499,87.58066417188601,87.84507751464844,2245100,0.0,0.0
2022-12-16 00:00:00-05:00,86.32712944671475,86.76782081516725,84.15303608954969,86.37609100341797,3911700,0.0,0.0
2022-12-19 00:00:00-05:00,86.55236980484437,86.83637373406486,85.20090978765273,85.91581726074219,1238100,0.0,0.0
2022-12-20 00:00:00-05:00,86.18023216502635,86.29775335321817,85.32332644747638,85.74932861328125,1306600,0.0,0.0
2022-12-21 00:00:00-05:00,86.17043593049793,88.30535559394032,84.91690648987576,87.79611206054688,1409500,0.0,0.0
2022-12-22 00:00:00-05:00,87.28685114297045,87.5267874038201,84.74061882191138,85.52407836914062,1548300,0.0,0.0
2022-12-23 00:00:00-05:00,85.7101627003427,86.40548712102427,85.32822814341937,86.21941375732422,600700,0.0,0.0
2022-12-27 00:00:00-05:00,86.61114989748204,87.07143195373014,85.46533867197837,85.82769012451172,634400,0.0,0.0
2022-12-28 00:00:00-05:00,86.13126367670122,86.51319820119393,84.63290400805676,84.81897735595703,752000,0.0,0.0
2022-12-29 00:00:00-05:00,85.35760421600497,85.87664304273066,84.49579713317766,84.97566223144531,870800,0.0,0.0
2022-12-30 00:00:00-05:00,84.80918061174017,84.80918061174017,83.35978999773256,84.42724609375,1343300,0.0,0.0
2023-01-03 00:00:00-05:00,84.22158178736652,84.33910296336614,79.11932174079654,80.2161636352539,4030600,0.0,0.0
2023-01-04 00:00:00-05:00,80.25534272324799,82.0083279862164,79.60899483094768,81.6851577758789,2612200,0.0,0.0
2023-01-05 00:00:00-05:00,81.2052816803257,82.18460251333963,80.19168850340127,80.7058334350586,1906300,0.0,0.0
2023-01-06 00:00:00-05:00,81.89081373554026,83.39896877002651,81.36197956981455,81.7732925415039,1914100,0.0,0.0
2023-01-09 00:00:00-05:00,82.11606269994532,83.4479398308204,81.85164932279233,82.2629623413086,1301500,0.0,0.0
2023-01-10 00:00:00-05:00,81.67535899132531,81.76349427994207,79.8929953735891,81.36197662353516,1376700,0.0,0.0
2023-01-11 00:00:00-05:00,81.283627433746,82.63019355087131,80.73521016969129,82.37067413330078,1696200,0.0,0.0
2023-01-12 00:00:00-05:00,82.14543005448495,83.04641091323393,81.05838331528928,82.59591674804688,1496700,0.0,0.0
2023-01-13 00:00:00-05:00,82.07687485485083,83.932691977521,81.72431876483499,83.39896392822266,1366200,0.0,0.0
2023-01-17 00:00:00-05:00,82.19441347380496,83.26186979878712,81.28364462671287,81.64599609375,2763600,0.0,0.0
2023-01-18 00:00:00-05:00,81.5970125055616,82.76240670201773,80.07906220717966,80.15740966796875,2084900,0.0,0.0
2023-01-19 00:00:00-05:00,79.91257507803445,80.09864841930666,79.08504781390239,79.16828918457031,1635500,0.0,0.0
2023-01-20 00:00:00-05:00,79.44250986693113,81.38156096155318,78.78635922044022,81.28363037109375,1795100,0.0,0.0
2023-01-23 00:00:00-05:00,81.21507761109113,82.54695455205794,80.85076864451123,82.40005493164062,1596200,0.0,0.0
2023-01-24 00:00:00-05:00,82.26296287810099,82.48820999254464,81.26405875923957,82.1748275756836,1176000,0.0,0.0
2023-01-25 00:00:00-05:00,81.69494476308519,81.83204908645178,80.78417605979276,81.67536163330078,1535200,0.0,0.0
2023-01-26 00:00:00-05:00,81.9005932114321,84.2901382784128,81.55783243664992,84.10406494140625,2161100,0.0,0.0
2023-01-27 00:00:00-05:00,84.10406751544738,84.86794401471512,83.08557298804848,84.78959655761719,1455100,0.0,0.0
2023-01-30 00:00:00-05:00,84.14324330119739,85.05401196526,80.54913767473651,80.69603729248047,3045800,0.0,0.0
2023-01-31 00:00:00-05:00,81.16612164038571,83.73194534543478,80.6764611412896,83.59484100341797,2509000,0.0,0.0
2023-02-01 00:00:00-05:00,83.68786647394533,84.09428553030297,81.16121684415883,83.643798828125,2623400,0.0,0.0
2023-02-02 00:00:00-05:00,83.71235220217056,84.88753427081552,82.02301770500854,83.5654525756836,2389600,0.0,0.0
2023-02-03 00:00:00-05:00,82.63509109583444,83.398967639276,81.33260003647776,81.4794921875,1807200,0.0,0.0
2023-02-06 00:00:00-05:00,81.29342357852234,82.11604948315107,80.80376316720762,81.53825378417969,1502000,0.0,0.0
2023-02-07 00:00:00-05:00,81.60680539741075,84.48600351599072,80.62748458132747,84.15303802490234,2032900,0.0,0.0
2023-02-08 00:00:00-05:00,82.99744188217552,83.24227209421733,82.40005556706348,82.59591674804688,2005900,0.0,0.0
2023-02-09 00:00:00-05:00,83.17372639329274,83.69276528767188,82.19440546906776,82.67427062988281,1975000,0.0,0.0
2023-02-10 00:00:00-05:00,82.46859909848345,85.20090487557081,82.42942537206068,85.01483154296875,1350300,0.0,0.0
2023-02-13 00:00:00-05:00,85.09319132759923,85.49471647790375,84.1628394730101,84.60353088378906,1173500,0.0,0.0
2023-02-14 00:00:00-05:00,84.14323779356396,85.79045453263373,83.38916409688643,84.28034210205078,2383100,0.0,0.0
2023-02-15 00:00:00-05:00,82.75260777417631,84.69656016399789,82.61550345961771,84.23138427734375,2030600,0.0,0.0
2023-02-16 00:00:00-05:00,83.24228340132194,86.10189887321238,83.16883731638299,83.8592529296875,3037600,0.0,0.0
2023-02-17 00:00:00-05:00,83.43812723495864,84.26076057311224,80.20637315293448,82.80157470703125,3570700,0.0,0.0
2023-02-21 00:00:00-05:00,79.92237888981082,81.29342963801305,78.24774105488451,78.70802307128906,5056000,0.0,0.0
2023-02-22 00:00:00-05:00,77.66993115489888,77.66993115489888,74.8201114792015,76.191162109375,3341000,0.0,0.0
2023-02-23 00:00:00-05:00,76.38702217089305,77.8021404237837,76.38702217089305,77.58179473876953,1584900,0.0,0.0
2023-02-24 00:00:00-05:00,76.39455344263176,78.04569029525793,76.14884859848094,77.90808868408203,1529100,0.282,0.0
2023-02-27 00:00:00-05:00,78.055523179539,78.7238407419473,76.6550098858418,77.02356719970703,1326200,0.0,0.0
2023-02-28 00:00:00-05:00,76.4731708367977,76.65007861883454,73.12176076939302,73.60334014892578,3584800,0.0,0.0
2023-03-01 00:00:00-05:00,72.85638751536122,74.09474185650019,71.57872700316516,73.0726089477539,2594400,0.0,0.0
2023-03-02 00:00:00-05:00,72.85640244969595,75.41173899452048,72.72863862178163,74.87118530273438,1949900,0.0,0.0
2023-03-03 00:00:00-05:00,74.92034620758966,77.83931430802755,74.69429438584584,77.62310028076172,2304600,0.0,0.0
2023-03-06 00:00:00-05:00,77.01372408312142,77.52478684066784,76.02107445018176,77.4461669921875,2295000,0.0,0.0
2023-03-07 00:00:00-05:00,77.71153485370166,77.71153485370166,75.99160078871039,76.56163787841797,2203900,0.0,0.0
2023-03-08 00:00:00-05:00,76.41421206589678,77.10218268002487,75.77537792516794,76.72871398925781,1261600,0.0,0.0
2023-03-09 00:00:00-05:00,76.6992273971589,78.81229062118578,76.07022357674862,77.2889175415039,3110500,0.0,0.0
2023-03-10 00:00:00-05:00,77.8294824564909,78.40934239099751,75.91297983764643,76.21765899658203,2895700,0.0,0.0
2023-03-13 00:00:00-04:00,75.608305477897,77.25453116243263,75.17586249247007,75.77538299560547,2242400,0.0,0.0
2023-03-14 00:00:00-04:00,76.16851279477751,77.74102252700612,75.84418055360347,76.59112548828125,2142800,0.0,0.0
2023-03-15 00:00:00-04:00,75.96210539517168,76.54196518907432,75.03825284400065,76.00141906738281,1957000,0.0,0.0
2023-03-16 00:00:00-04:00,75.30361896234857,77.68203991603312,74.723751664697,77.08251953125,1962900,0.0,0.0
2023-03-17 00:00:00-04:00,76.38471738216705,77.11200156641364,74.6795252926398,75.45103454589844,3896500,0.0,0.0
2023-03-20 00:00:00-04:00,75.73606027016876,77.08252554232945,75.5886433593953,75.67709350585938,1629500,0.0,0.0
2023-03-21 00:00:00-04:00,76.24713119191956,76.76802427651381,74.66479135099155,75.20533752441406,2045700,0.0,0.0
2023-03-22 00:00:00-04:00,74.95961722190616,75.01859147286856,73.12175011346501,73.14140319824219,1863400,0.0,0.0
2023-03-23 00:00:00-04:00,73.38711612911706,73.83921211223338,71.51975793915577,72.1389389038086,1655400,0.0,0.0
2023-03-24 00:00:00-04:00,71.3133824502899,72.25688829602319,69.93744111171087,72.17826843261719,2777200,0.0,0.0
2023-03-27 00:00:00-04:00,72.17826043437384,74.12915757834733,72.17826043437384,73.97681427001953,3225500,0.0,0.0
2023-03-28 00:00:00-04:00,73.78024934120492,75.49035293470381,73.5679569993763,74.21269226074219,1752200,0.0,0.0
2023-03-29 00:00:00-04:00,74.97928396794075,75.24464187497868,74.12914738803624,74.57632446289062,2299500,0.0,0.0
2023-03-30 00:00:00-04:00,75.37241928777472,76.10953380943641,74.69427152838463,75.50018310546875,1737800,0.0,0.0
2023-03-31 00:00:00-04:00,75.50017708494806,77.24959421045945,75.41172694859382,77.15131378173828,2984400,0.0,0.0
2023-04-03 00:00:00-04:00,76.65992288755545,77.2004766251923,75.1660405100322,75.30363464355469,1894900,0.0,0.0
2023-04-04 00:00:00-04:00,75.35277003322383,75.64761888555533,73.82940429169187,74.71393585205078,1316200,0.0,0.0
2023-04-05 00:00:00-04:00,74.57633347586375,75.79503493233936,74.37977259491838,75.18568420410156,1204800,0.0,0.0
2023-04-06 00:00:00-04:00,75.29380154424092,75.65744745404407,74.85153577415184,75.63778686523438,1223000,0.0,0.0
2023-04-10 00:00:00-04:00,75.21516061979263,76.04073273959395,74.55667348146771,76.00141906738281,1485500,0.0,0.0
2023-04-11 00:00:00-04:00,76.42403675444295,76.47317322423821,75.84908831945285,76.08987426757812,1371500,0.0,0.0
2023-04-12 00:00:00-04:00,76.59110914272003,76.61076222966459,75.34293191804309,75.49034881591797,1171100,0.0,0.0
2023-04-13 00:00:00-04:00,75.37242389552306,76.25695537693788,74.86135359687032,75.81468963623047,1324700,0.0,0.0
2023-04-14 00:00:00-04:00,75.00877921555734,75.31836973801911,74.20286757625126,75.11688995361328,1328400,0.0,0.0
2023-04-17 00:00:00-04:00,75.2643055975276,75.50509153287638,73.37729429589568,73.75076293945312,1093300,0.0,0.0
2023-04-18 00:00:00-04:00,74.04560376173946,74.64512414512173,72.8957069601635,73.20038604736328,1235200,0.0,0.0
2023-04-19 00:00:00-04:00,73.68198842378676,74.10460116211279,73.22300883993135,73.46576690673828,1039300,0.0,0.0
2023-04-20 00:00:00-04:00,73.45591582626581,75.25447702918267,73.40677935795188,75.15619659423828,1926900,0.0,0.0
2023-04-21 00:00:00-04:00,75.50018306266578,75.64268857084691,74.65495781177422,75.23482513427734,1178900,0.0,0.0
2023-04-24 00:00:00-04:00,75.11687205276353,76.0063222325478,74.30113031394436,75.96209716796875,1094300,0.0,0.0
2023-04-25 00:00:00-04:00,75.323273119464,75.81468278621328,74.53701465333859,75.60829162597656,1722400,0.0,0.0
2023-04-26 00:00:00-04:00,75.195505173915,75.64760114268611,74.16354193111574,74.55667114257812,3100600,0.0,0.0
2023-04-27 00:00:00-04:00,74.95961708095643,75.91295290463877,74.6746061114884,75.4313735961914,1865700,0.0,0.0
2023-04-28 00:00:00-04:00,75.5788112609116,76.13901800342252,74.98912113695013,76.07022094726562,2233400,0.0,0.0
2023-05-01 00:00:00-04:00,76.18816091104904,76.31593223922061,75.44122352346197,75.72624206542969,1788300,0.0,0.0
2023-05-02 00:00:00-04:00,75.41172873663785,76.07021587283036,74.64512337847766,75.47069549560547,2554000,0.0,0.0
2023-05-03 00:00:00-04:00,75.87365111957405,76.26678036078607,74.84169529699865,75.19551086425781,1607000,0.0,0.0
2023-05-04 00:00:00-04:00,75.65743672965812,78.98919372045339,73.62300097865645,77.2397689819336,3830400,0.0,0.0
2023-05-05 00:00:00-04:00,77.76067496914052,79.06781909497417,76.9351027597706,78.12431335449219,2359300,0.0,0.0
2023-05-08 00:00:00-04:00,78.37001454439648,78.47812527507236,76.73853828765317,77.35771179199219,2360100,0.0,0.0
2023-05-09 00:00:00-04:00,76.6402612491469,77.74101419456707,76.47317624994528,77.59358978271484,3158300,0.0,0.0
2023-05-10 00:00:00-04:00,78.47812275436908,78.74348817507426,77.3921115833486,78.08991241455078,1629400,0.0,0.0
2023-05-11 00:00:00-04:00,77.50503729107868,78.46176901710514,77.16968453529473,78.03765106201172,2497400,0.282,0.0
2023-05-12 00:00:00-04:00,78.36312276875454,79.29026599780757,77.78119756755713,78.75765228271484,1991000,0.0,0.0
2023-05-15 00:00:00-04:00,79.52698133047198,79.98068764138644,78.09682029661172,79.17190551757812,2048300,0.0,0.0
2023-05-16 00:00:00-04:00,79.09301197333733,79.09301197333733,77.25845596802426,77.9192886352539,3709100,0.0,0.0
2023-05-17 00:00:00-04:00,78.00804887374338,79.5269826485135,77.63324996504352,79.29026794433594,2329500,0.0,0.0
2023-05-18 00:00:00-04:00,79.17190677910688,80.35549534928732,78.4735920059586,80.28645324707031,2849300,0.0,0.0
2023-05-19 00:00:00-04:00,80.61194639443221,82.09635546005357,80.41467785621032,81.17414855957031,2407100,0.0,0.0
2023-05-22 00:00:00-04:00,81.59826230562243,82.81143177181363,81.18400215921638,82.38731384277344,1908300,0.0,0.0
2023-05-23 00:00:00-04:00,82.21962960317855,83.4032105039345,82.0272975186801,82.89032745361328,2232200,0.0,0.0
2023-05-24 00:00:00-04:00,82.89033553039982,83.21582294358137,81.4207208050076,82.17031860351562,2430300,0.0,0.0
2023-05-25 00:00:00-04:00,82.06181428134244,82.06181428134244,80.77960290117935,81.61797332763672,1863100,0.0,0.0
2023-05-26 00:00:00-04:00,81.81523717216048,82.80155712613481,81.18399300361884,82.70292663574219,2267100,0.0,0.0
2023-05-30 00:00:00-04:00,82.71279222217365,83.88157896358048,81.99771175812737,82.55497741699219,2198200,0.0,0.0
2023-05-31 00:00:00-04:00,82.38731834677877,83.39336908230378,81.32209081211418,82.87061309814453,5214700,0.0,0.0
2023-06-01 00:00:00-04:00,83.71390714928712,87.94226337370695,83.63007085514494,87.66411590576172,3646900,0.0,0.0
2023-06-02 00:00:00-04:00,87.44713410298161,87.83179829786076,86.07614239107528,86.34245300292969,3225600,0.0,0.0
2023-06-05 00:00:00-04:00,86.6186230061318,87.59507770935109,85.9873788015229,86.3128662109375,1819000,0.0,0.0
2023-06-06 00:00:00-04:00,85.94790914673676,88.66028867174286,85.94790914673676,88.32494354248047,2311500,0.0,0.0
2023-06-07 00:00:00-04:00,88.32496822363314,89.63676824145506,87.91070806140101,89.5677261352539,2452100,0.0,0.0
2023-06-08 00:00:00-04:00,90.23842150886962,91.20304693634384,89.81430357583422,91.03734588623047,3075700,0.0,0.0
2023-06-09 00:00:00-04:00,91.03733170131689,92.48721566389627,90.8301978959246,92.01378631591797,2530100,0.0,0.0
2023-06-12 00:00:00-04:00,91.72775122070313,92.73379421340364,91.60939012302272,92.46749114990234,1720700,0.0,0.0
2023-06-13 00:00:00-04:00,92.67462913004994,94.02589028036662,92.30968800988494,92.96066284179688,2429900,0.0,0.0
2023-06-14 00:00:00-04:00,93.23682567831598,93.70039726880765,91.50090042190814,91.92501831054688,2573200,0.0,0.0
2023-06-15 00:00:00-04:00,92.43790280211951,92.46749119529822,91.68829756648967,92.18145751953125,3712300,0.0,0.0
2023-06-16 00:00:00-04:00,92.30968367397885,93.22696155993518,91.4713131927342,91.6192626953125,4963400,0.0,0.0
2023-06-20 00:00:00-04:00,91.8559869381039,92.0828438689886,90.63295213796584,90.73158264160156,1846900,0.0,0.0
2023-06-21 00:00:00-04:00,89.63675413232423,89.78964004522828,87.96494212207894,89.26195526123047,2684900,0.0,0.0
2023-06-22 00:00:00-04:00,89.26196036886434,89.44442716161055,86.66300505111764,88.02906036376953,3205600,0.0,0.0
2023-06-23 00:00:00-04:00,88.41372685366927,89.45922367706491,87.90084374927461,89.1238784790039,2875900,0.0,0.0
2023-06-26 00:00:00-04:00,89.01537599160876,89.95237693940554,88.46303922448848,89.39017486572266,1890400,0.0,0.0
2023-06-27 00:00:00-04:00,89.72554649241832,89.769929093777,88.74909163739923,89.60718536376953,1472800,0.0,0.0
2023-06-28 00:00:00-04:00,89.65648213409487,89.65648213409487,88.48275902258212,89.31127166748047,1605400,0.0,0.0
2023-06-29 00:00:00-04:00,89.27183912108036,90.09541554551902,88.90689795559997,89.62691497802734,1738700,0.0,0.0
2023-06-30 00:00:00-04:00,90.79075979675393,91.02747449179834,89.7945744811147,90.29759979248047,2666400,0.0,0.0
2023-07-03 00:00:00-04:00,89.76498339375084,90.48499276439085,89.09428550704516,90.34690856933594,1089100,0.0,0.0
2023-07-05 00:00:00-04:00,90.16938019647243,91.93489404833166,90.10033809165223,90.87953186035156,2087300,0.0,0.0
2023-07-06 00:00:00-04:00,90.21869092424154,90.21869092424154,88.62084982727185,89.75511932373047,2263300,0.0,0.0
2023-07-07 00:00:00-04:00,89.75511715752474,90.45540343234428,89.41977198015658,90.08060455322266,1334000,0.0,0.0
2023-07-10 00:00:00-04:00,90.12992542714701,92.34914558808323,90.12992542714701,92.3195571899414,1539300,0.0,0.0
2023-07-11 00:00:00-04:00,92.55626223438465,93.13819492882703,91.58967287924358,93.06915283203125,1260900,0.0,0.0
2023-07-12 00:00:00-04:00,93.64122181815374,94.84453340429769,92.79298602874158,94.74589538574219,1532600,0.0,0.0
2023-07-13 00:00:00-04:00,94.53876506602549,94.75575665756847,93.58203351696271,93.9666976928711,1462400,0.0,0.0
2023-07-14 00:00:00-04:00,93.59191312319844,94.22809379788018,93.40352411902705,93.70040893554688,1259900,0.0,0.0
2023-07-17 00:00:00-04:00,93.1776515170764,95.59413250481225,93.1776515170764,94.8642578125,1951400,0.0,0.0
2023-07-18 00:00:00-04:00,94.68672468590248,95.32783422263489,92.60558878090825,94.06534576416016,1925300,0.0,0.0
2023-07-19 00:00:00-04:00,93.53272778543429,94.23301408527216,92.64503827682837,93.43409729003906,1785300,0.0,0.0
2023-07-20 00:00:00-04:00,94.19355295291193,95.98865491761046,93.93710766509105,95.56453704833984,1600300,0.0,0.0
2023-07-21 00:00:00-04:00,96.24510025718332,96.80730231442352,94.99246973621162,95.27850341796875,5081100,0.0,0.0
2023-07-24 00:00:00-04:00,95.27851375718151,95.48564006127026,94.45000854082652,95.22920227050781,1077800,0.0,0.0
2023-07-25 00:00:00-04:00,94.63739865454713,96.81717242277658,94.58808717077868,96.18592071533203,854800,0.0,0.0
2023-07-26 00:00:00-04:00,95.34755969080382,96.89608190506084,95.34755969080382,96.00839233398438,1243000,0.0,0.0
2023-07-27 00:00:00-04:00,96.39306671926045,96.41278981025658,93.89767054432677,94.11466217041016,897900,0.0,0.0
2023-07-28 00:00:00-04:00,94.94315790802817,95.33768738228713,93.95683798489269,94.43026733398438,1135900,0.0,0.0
2023-07-31 00:00:00-04:00,94.52891071924303,95.36728878831933,94.09493501086602,95.32783508300781,1170200,0.0,0.0
2023-08-01 00:00:00-04:00,94.92343592147526,95.76180642732042,94.75576332531114,94.98262023925781,1469600,0.0,0.0
2023-08-02 00:00:00-04:00,94.67684980609083,94.7113746163205,93.13819309351896,94.24287414550781,2040300,0.0,0.0
2023-08-03 00:00:00-04:00,94.65712862832056,102.15710200033617,94.4500023378348,99.75640106201172,3511000,0.0,0.0
2023-08-04 00:00:00-04:00,100.52573391306564,103.2726387611215,100.39751502039198,102.51810455322266,2723600,0.0,0.0
2023-08-07 00:00:00-04:00,103.14934348081049,103.21838557718222,101.36903564755649,102.33069610595703,1759800,0.0,0.0
2023-08-08 00:00:00-04:00,101.55151479661853,103.49456656325127,101.55151479661853,103.37620544433594,1207300,0.0,0.0
2023-08-09 00:00:00-04:00,103.1888015573484,104.4512899588298,102.88106568259825,103.6720962524414,1646700,0.0,0.0
2023-08-10 00:00:00-04:00,104.52033794954043,105.38829689322631,103.67210209604121,104.27375793457031,1563700,0.0,0.0
2023-08-11 00:00:00-04:00,104.27573368792137,105.53863347346409,103.83069806188306,105.38336181640625,1414100,0.282,0.0
2023-08-14 00:00:00-04:00,105.28447370737939,106.41188528729717,104.54572040999795,105.81851196289062,2404000,0.0,0.0
2023-08-15 00:00:00-04:00,105.2152397384784,105.40808624433012,104.45374540759359,105.06689453125,1709600,0.0,0.0
2023-08-16 00:00:00-04:00,105.22513205261833,105.27457542521945,103.8405893522252,103.93948364257812,1835200,0.0,0.0
2023-08-17 00:00:00-04:00,104.31529065405957,104.97294106852918,103.41533527400546,103.6625747680664,1800600,0.0,0.0
2023-08-18 00:00:00-04:00,103.37578084943262,104.3746305644591,103.35600500885577,103.61312866210938,1660800,0.0,0.0
2023-08-21 00:00:00-04:00,103.4450029452248,105.28051172821782,103.1285366942071,104.9383316040039,1377000,0.0,0.0
2023-08-22 00:00:00-04:00,104.49331185588278,105.36853430324592,104.34496663839965,105.08668518066406,1276900,0.0,0.0
2023-08-23 00:00:00-04:00,105.76905427542684,108.05355236870955,105.76905427542684,107.24260711669922,1393500,0.0,0.0
2023-08-24 00:00:00-04:00,107.69752767138898,109.03261946189221,105.66026906139851,105.73938751220703,1498700,0.0,0.0
2023-08-25 00:00:00-04:00,105.64048817688612,106.25364482364756,104.40429073634722,104.70098114013672,1383800,0.0,0.0
2023-08-28 00:00:00-04:00,105.13118581353045,106.16464516500783,104.06805892777544,104.20651245117188,1088000,0.0,0.0
2023-08-29 00:00:00-04:00,104.06804399319876,104.99765929614618,103.64279179089353,104.37461853027344,1131500,0.0,0.0
2023-08-30 00:00:00-04:00,104.17683349854352,105.09458792318657,103.92959399522043,104.57241821289062,1167400,0.0,0.0
2023-08-31 00:00:00-04:00,104.78009291703137,104.91854642791591,102.62416426092143,103.0098648071289,2035500,0.0,0.0
2023-09-01 00:00:00-04:00,104.46363457213553,106.22398621322753,104.03838231507049,106.10530853271484,1338800,0.0,0.0
2023-09-05 00:00:00-04:00,105.37347679747587,105.55148953738885,103.98992251790816,104.87899780273438,1433200,0.0,0.0
2023-09-06 00:00:00-04:00,105.15591168482105,106.59978953813533,104.8196620230075,105.46248626708984,1337800,0.0,0.0
2023-09-07 00:00:00-04:00,106.66900002335909,109.72982594043027,105.99650834749943,107.34149169921875,1951100,0.0,0.0
2023-09-08 00:00:00-04:00,107.03492270278412,108.44913287909418,107.03492270278412,107.44039154052734,1428100,0.0,0.0
2023-09-11 00:00:00-04:00,107.59863139198437,109.17799740896741,107.45028618574754,108.7656021118164,1820700,0.0,0.0
2023-09-12 00:00:00-04:00,108.33045812343003,108.87933010458603,106.9558071337151,107.30194091796875,1557100,0.0,0.0
2023-09-13 00:00:00-04:00,107.57885110334718,108.87438368179143,107.3118357605563,108.06343841552734,1894600,0.0,0.0
2023-09-14 00:00:00-04:00,108.54802491019032,111.37644520404459,108.31561919217029,111.21820831298828,2308300,0.0,0.0
2023-09-15 00:00:00-04:00,111.21821860224894,111.43579057500472,108.58759417884502,108.71615600585938,4287700,0.0,0.0
2023-09-18 00:00:00-04:00,109.21062211814069,111.01052520948627,109.19084627984022,109.51719665527344,1358500,0.0,0.0
2023-09-19 00:00:00-04:00,109.86334224188649,110.15014097159509,109.08207204993133,109.31941986083984,1972100,0.0,0.0
2023-09-20 00:00:00-04:00,109.70510983762114,109.95234933445656,108.69637601039888,108.9139404296875,924500,0.0,0.0
2023-09-21 00:00:00-04:00,108.4194615939469,109.4183112752592,108.30079146418947,108.72604370117188,1443800,0.0,0.0
2023-09-22 00:00:00-04:00,108.25133950784955,109.51720451411882,107.41566880812398,109.14140319824219,1210500,0.0,0.0
2023-09-25 00:00:00-04:00,108.50846698227393,111.67312938966184,108.28595295357718,110.9709701538086,2115200,0.0,0.0
2023-09-26 00:00:00-04:00,110.4270480206142,110.48143346437304,106.73823155720467,107.29204559326172,2309700,0.0,0.0
2023-09-27 00:00:00-04:00,107.7766472515114,110.06113784020225,107.7766472515114,109.527099609375,2819500,0.0,0.0
2023-09-28 00:00:00-04:00,109.54687828445034,109.75456611166096,107.63324689999686,108.1128921508789,1550700,0.0,0.0
2023-09-29 00:00:00-04:00,108.82494047247305,109.48754052922979,107.44039774757704,107.87554168701172,2867500,0.0,0.0
2023-10-02 00:00:00-04:00,107.10414985938677,107.10414985938677,101.625321867164,103.57357025146484,2892500,0.0,0.0
2023-10-03 00:00:00-04:00,102.07035415419651,103.76147142678386,101.27424266332945,103.73180389404297,2557000,0.0,0.0
2023-10-04 00:00:00-04:00,103.48454990749133,105.42290640843576,103.07413149001194,104.9877700805664,1973900,0.0,0.0
2023-10-05 00:00:00-04:00,105.79873317840226,107.30194606142399,105.43281599170804,106.68878936767578,1589200,0.0,0.0
2023-10-06 00:00:00-04:00,105.37346840310104,109.35896757599636,103.96914243559357,108.9534912109375,2095800,0.0,0.0
2023-10-09 00:00:00-04:00,108.95350813200216,110.25596723061881,108.75571953720463,110.150146484375,1258400,0.0,0.0
2023-10-10 00:00:00-04:00,109.73477550606043,112.23683796431077,109.73477550606043,111.75225067138672,1464400,0.0,0.0
2023-10-11 00:00:00-04:00,112.65220538458152,113.90620185050035,112.05882456962043,113.79939270019531,1353300,0.0,0.0
2023-10-12 00:00:00-04:00,113.64116144227619,114.8773588774494,113.1961258385236,114.44221496582031,1299700,0.0,0.0
2023-10-13 00:00:00-04:00,115.48061608844341,116.09377273150368,111.74235625804299,112.43463134765625,1699400,0.0,0.0
2023-10-16 00:00:00-04:00,113.50271169120047,115.82676913688839,113.34448232721917,115.53997039794922,1701700,0.0,0.0
2023-10-17 00:00:00-04:00,114.76857777358914,116.68715114375463,114.43232813346383,115.85643005371094,1214600,0.0,0.0
2023-10-18 00:00:00-04:00,116.03443442728322,117.33490895984396,114.53121416537594,114.78834533691406,1050700,0.0,0.0
2023-10-19 00:00:00-04:00,114.71912473375723,115.32238970019334,112.8499947705865,113.02800750732422,981000,0.0,0.0
2023-10-20 00:00:00-04:00,112.84999793842834,113.52248967996512,110.68417750484727,110.86219024658203,1654400,0.0,0.0
2023-10-23 00:00:00-04:00,110.59517091921299,111.78191745789117,109.1799723142473,110.87207794189453,950800,0.0,0.0
2023-10-24 00:00:00-04:00,112.00938236502844,114.02685753951651,112.00938236502844,113.00822448730469,1930900,0.0,0.0
2023-10-25 00:00:00-04:00,112.96867320032659,113.00822487973281,110.43693564474475,110.79296112060547,1575000,0.0,0.0
2023-10-26 00:00:00-04:00,110.76329086267658,111.78191634820749,109.91278641851186,111.475341796875,1652700,0.0,0.0
2023-10-27 00:00:00-04:00,111.75225837794028,112.1082838754998,108.67956351820159,109.55677032470703,1128700,0.0,0.0
2023-10-30 00:00:00-04:00,110.6248423390668,111.97971751355077,110.27375892965921,111.78192138671875,1271600,0.0,0.0
2023-10-31 00:00:00-04:00,111.87092997417871,112.25662298469847,109.94245737642927,111.67313385009766,1942000,0.0,0.0
2023-11-01 00:00:00-04:00,112.33572851290626,114.10596412666918,111.58412591282111,113.58181762695312,2751300,0.0,0.0
2023-11-02 00:00:00-04:00,113.64116546990887,116.5981477270015,113.11701140089222,115.89598846435547,1894600,0.0,0.0
2023-11-03 00:00:00-04:00,117.33986868965833,117.359644529873,115.55974126430657,115.77731323242188,1853200,0.0,0.0
2023-11-06 00:00:00-05:00,117.67611294691847,124.23686312197391,116.7563816844822,123.35273742675781,2530800,0.0,0.0
2023-11-07 00:00:00-05:00,123.06593988065562,123.59404008936203,117.34976366458599,118.54640197753906,2271500,0.0,0.0
2023-11-08 00:00:00-05:00,119.09031640819953,120.13861698245093,117.65138075739749,119.84192657470703,1730200,0.0,0.0
2023-11-09 00:00:00-05:00,120.24740295144667,122.9818788392367,119.18921816374505,119.29800415039062,1603200,0.0,0.0
2023-11-10 00:00:00-05:00,120.108948773776,121.36987176106548,120.03576835494536,120.4254150390625,1219700,0.0,0.0
2023-11-13 00:00:00-05:00,120.03971168163926,120.88626245236064,119.57490778915677,120.37596130371094,891600,0.0,0.0
2023-11-14 00:00:00-05:00,122.68023554696025,125.31085974542385,122.01762799245769,125.12295532226562,1433300,0.0,0.0
2023-11-15 00:00:00-05:00,125.18230355774176,125.83501190439266,120.34629961448726,120.64298248291016,1982200,0.0,0.0
2023-11-16 00:00:00-05:00,121.92367200437937,122.74641079309926,120.44671256674147,120.60530853271484,1474500,0.282,0.0
2023-11-17 00:00:00-05:00,121.13066905882434,122.43911791467188,120.53592095391771,120.62513732910156,1487900,0.0,0.0
2023-11-20 00:00:00-05:00,121.37847914033247,121.77498039043472,120.41697362932236,121.20996856689453,1041600,0.0,0.0
2023-11-21 00:00:00-05:00,121.82454439808659,122.10209300098616,120.78372957458099,121.43795776367188,984700,0.0,0.0
2023-11-22 00:00:00-05:00,121.82454252319928,122.75631173821752,120.90763388028742,122.17147827148438,1376700,0.0,0.0
2023-11-24 00:00:00-05:00,121.9930580356911,123.2122980720816,121.97323637611389,122.7761459350586,532500,0.0,0.0
2023-11-27 00:00:00-05:00,122.84554240880493,124.28285106013465,122.29044514693409,124.00530242919922,1073200,0.0,0.0
2023-11-28 00:00:00-05:00,123.88634567495959,125.39304134218494,122.67702027175687,123.36097717285156,2003000,0.0,0.0
2023-11-29 00:00:00-05:00,122.46886072982387,122.85544737293031,118.71202477009363,119.52484893798828,2078800,0.0,0.0
2023-11-30 00:00:00-05:00,119.53476816853241,120.79365921166917,119.46042748444816,119.9808349609375,2650000,0.0,0.0
2023-12-01 00:00:00-05:00,119.56451608993108,119.88171562391689,118.60300287554593,118.83098602294922,1454900,0.0,0.0
2023-12-04 00:00:00-05:00,117.95868867566104,118.50387891728258,117.01700469027845,117.87938690185547,1946900,0.0,0.0
2023-12-05 00:00:00-05:00,117.66626700353106,117.89921122775992,114.8709438754179,117.27471923828125,1805900,0.0,0.0
2023-12-06 00:00:00-05:00,118.29569935230957,118.62281346819765,111.23800848907209,111.64441680908203,2629800,0.0,0.0
2023-12-07 00:00:00-05:00,112.26891179953097,112.44733699822875,108.4922463542,109.56279754638672,3497000,0.0,0.0
2023-12-08 00:00:00-05:00,109.02751387753914,110.63334054691853,108.69049272863798,110.2368392944336,2627300,0.0,0.0
2023-12-11 00:00:00-05:00,110.57387541336496,115.28231014079195,109.70157108693554,115.13362121582031,2582900,0.0,0.0
2023-12-12 00:00:00-05:00,115.1435361990627,115.38143394220523,112.85374489742973,113.48814392089844,1846200,0.0,0.0
2023-12-13 00:00:00-05:00,113.58726057443329,115.72836282289038,112.53653867248626,115.41116333007812,1731100,0.0,0.0
2023-12-14 00:00:00-05:00,115.61932492614476,116.77908486412609,114.36044156453494,114.58842468261719,2456400,0.0,0.0
2023-12-15 00:00:00-05:00,114.65781880135893,119.81232033215414,114.59834625609514,117.71086883544922,5714900,0.0,0.0
2023-12-18 00:00:00-05:00,118.52369797872043,120.4764606306922,117.86947726576318,118.31553649902344,2019800,0.0,0.0
2023-12-19 00:00:00-05:00,118.7219378465941,119.99074343693559,118.21144500829932,119.75283813476562,1012700,0.0,0.0
2023-12-20 00:00:00-05:00,118.78142236510338,119.07383913525271,115.97618463121388,115.98609924316406,1324300,0.0,0.0
2023-12-21 00:00:00-05:00,116.46189499713155,117.39367189404697,115.78784507305865,117.27471923828125,904600,0.0,0.0
2023-12-22 00:00:00-05:00,113.99367904044671,116.94760552922706,113.02225131758715,114.32079315185547,1188400,0.0,0.0
2023-12-26 00:00:00-05:00,114.57851397085284,116.8088251102426,114.57851397085284,116.54119110107422,740700,0.0,0.0
2023-12-27 00:00:00-05:00,116.25372752114066,116.72953055701213,115.85722625168655,116.39250183105469,541300,0.0,0.0
2023-12-28 00:00:00-05:00,117.67122563214478,117.74061279369283,115.92662441840827,116.0852279663086,559700,0.0,0.0
2023-12-29 00:00:00-05:00,115.70854575225297,116.24381377296358,114.91554320745554,115.86714172363281,849900,0.0,0.0
2024-01-02 00:00:00-05:00,115.3814315463779,116.20417036251024,113.96394460342235,114.24149322509766,1362800,0.0,0.0
2024-01-03 00:00:00-05:00,114.48930689468754,116.14072877532638,114.48930689468754,114.83624267578125,1372400,0.0,0.0
2024-01-04 00:00:00-05:00,115.19310070324124,116.08423603923862,113.99368974474729,114.35054016113281,1348900,0.0,0.0
2024-01-05 00:00:00-05:00,114.10272259174597,116.63239307534451,114.10272259174597,115.22283172607422,1729900,0.0,0.0
2024-01-08 00:00:00-05:00,115.1732745130822,116.13478767706036,114.02342153601838,116.00592041015625,1351700,0.0,0.0
2024-01-09 00:00:00-05:00,115.42109178285625,115.90680191014697,114.1622007091456,115.47064971923828,1514000,0.0,0.0
2024-01-10 00:00:00-05:00,115.00475326050778,115.41116914881242,113.95898483008996,114.83624267578125,1090500,0.0,0.0
2024-01-11 00:00:00-05:00,113.9936818128376,114.2811450484033,110.50448722751614,111.9219741821289,1609300,0.0,0.0
2024-01-12 00:00:00-05:00,112.94295986138785,113.41875534170619,111.75345603532638,111.9219741821289,1556900,0.0,0.0
2024-01-16 00:00:00-05:00,111.38670119803363,111.847628553029,110.32606461018771,110.83159637451172,1417000,0.0,0.0
2024-01-17 00:00:00-05:00,110.25667112672745,111.01992981665866,108.48233384089174,110.94062805175781,1484500,0.0,0.0
2024-01-18 00:00:00-05:00,110.3954458581199,110.92080681799949,109.28524383314027,110.43509674072266,1614900,0.0,0.0
2024-01-19 00:00:00-05:00,110.4747456748833,113.60709749599063,110.4747456748833,113.44849395751953,1684200,0.0,0.0
2024-01-22 00:00:00-05:00,113.45840557681204,116.34789848941112,113.32954587717775,116.18434143066406,1876700,0.0,0.0
2024-01-23 00:00:00-05:00,116.69979915624869,119.50502930599912,116.13478728154894,117.65139770507812,1929400,0.0,0.0
2024-01-24 00:00:00-05:00,118.0974505861894,118.47412262822664,114.33069991528643,114.6578140258789,1514600,0.0,0.0
2024-01-25 00:00:00-05:00,116.86830478712209,119.53476050804892,116.01582970529931,119.4951171875,1425800,0.0,0.0
2024-01-26 00:00:00-05:00,119.01931266883096,121.33884014893823,119.01931266883096,120.20880889892578,1558800,0.0,0.0
2024-01-29 00:00:00-05:00,120.03038215337546,120.67667716380832,118.95487749829303,119.95108795166016,1801500,0.0,0.0
2024-01-30 00:00:00-05:00,120.26828632422439,121.23970645920717,119.64379438910304,120.81346893310547,1285500,0.0,0.0
2024-01-31 00:00:00-05:00,121.70559209422208,123.09334267521197,120.30297337822353,120.93241882324219,1666100,0.0,0.0
2024-02-01 00:00:00-05:00,120.93242190271712,126.58254022885667,120.93242190271712,126.51315307617188,1937400,0.0,0.0
2024-02-02 00:00:00-05:00,125.89858851097064,131.90556502230515,125.3236620434847,128.57496643066406,3781700,0.0,0.0
2024-02-05 00:00:00-05:00,126.78080096353207,127.29624732881588,124.74873664938933,125.91841125488281,1878000,0.0,0.0
2024-02-06 00:00:00-05:00,126.64203324052994,130.34434301932237,126.07702135032937,129.86358642578125,2656900,0.0,0.0
2024-02-07 00:00:00-05:00,130.80527763278485,132.62917290086384,129.66533174628637,131.34054565429688,2087600,0.0,0.0
2024-02-08 00:00:00-05:00,131.39011436215125,132.79768673119085,129.0309358896083,129.5761260986328,1228700,0.0,0.0
2024-02-09 00:00:00-05:00,128.88224763383243,131.35044889092558,128.86241841131033,131.013427734375,1245300,0.0,0.0
2024-02-12 00:00:00-05:00,130.66650824664748,131.03326569881702,126.84027724629277,127.38545989990234,1206900,0.0,0.0
2024-02-13 00:00:00-05:00,126.79071044921875,127.68282883142639,125.62103589101332,126.79071044921875,1503700,0.0,0.0
2024-02-14 00:00:00-05:00,127.17730231184972,128.30236494696072,126.57263956681612,127.54405975341797,1372300,0.0,0.0
2024-02-15 00:00:00-05:00,128.78311315942167,130.46823402181155,127.70265500283068,130.3492889404297,1348900,0.0,0.0
2024-02-16 00:00:00-05:00,130.11139919643307,131.49915752115976,129.34814799936316,130.0122833251953,1295700,0.0,0.0
2024-02-20 00:00:00-05:00,129.85366497465455,130.90438686662083,128.25775291461193,130.64666748046875,2121200,0.0,0.0
2024-02-21 00:00:00-05:00,131.1323792262059,131.42083317067318,129.00119902153224,130.2501678466797,983400,0.0,0.0
2024-02-22 00:00:00-05:00,131.24140551886813,132.88688304020425,130.49796851979917,132.22274780273438,1529900,0.0,0.0
2024-02-23 00:00:00-05:00,132.32188021142764,132.97609328245454,130.20060722291097,132.8175048828125,2052200,0.0,0.0
2024-02-26 00:00:00-05:00,133.50146063490885,134.01691455297555,131.76677420176128,132.0542449951172,1494700,0.0,0.0
2024-02-27 00:00:00-05:00,133.8186575733058,155.2990284220781,133.8186575733058,154.39698791503906,4888300,0.0,0.0
2024-02-28 00:00:00-05:00,157.09320738046975,169.48382540920713,155.13053771979224,169.33514404296875,8227500,0.0,0.0
2024-02-29 00:00:00-05:00,169.68207418004823,169.8069786293055,161.94041836871,166.97596740722656,4536900,0.0,0.0
2024-03-01 00:00:00-05:00,165.5783044117906,168.81969440589774,163.60572765144906,168.50250244140625,4554500,0.0,0.0
2024-03-04 00:00:00-05:00,171.4464973149502,175.48583546380343,168.13571293119742,174.44998168945312,3818200,0.0,0.0
2024-03-05 00:00:00-05:00,175.83772957485698,183.9560645399872,173.88496705667666,175.22315979003906,4323800,0.0,0.0
2024-03-06 00:00:00-05:00,175.22315776343828,179.22779861782314,173.47854916823815,178.40505981445312,2073600,0.0,0.0
2024-03-07 00:00:00-05:00,180.51363506785438,180.8115973314266,175.011327907847,178.3583984375,1967800,0.353,0.0
2024-03-08 00:00:00-05:00,178.35840216941594,178.60670153508974,167.3140512338415,169.40969848632812,3196900,0.0,0.0
2024-03-11 00:00:00-04:00,169.1514596272455,169.7970470793136,165.26805386085098,166.76779174804688,2601700,0.0,0.0
2024-03-12 00:00:00-04:00,165.43689671256118,167.90994851724636,163.08300859022378,167.22463989257812,2617000,0.0,0.0
2024-03-13 00:00:00-04:00,170.07513661675077,170.1446525575834,165.30778583071543,166.71812438964844,1639000,0.0,0.0
2024-03-14 00:00:00-04:00,166.70818985737313,167.24450978583843,162.1593439411704,163.52001953125,3012300,0.0,0.0
2024-03-15 00:00:00-04:00,163.0631468938528,167.24451474519088,161.56342422932974,164.39404296875,4530900,0.0,0.0
2024-03-18 00:00:00-04:00,166.5492810330855,169.91621974635692,165.05948487402753,167.6914520263672,2006800,0.0,0.0
2024-03-19 00:00:00-04:00,167.85036058745408,172.82627410528588,167.11538905571274,171.23716735839844,1922200,0.0,0.0
2024-03-20 00:00:00-04:00,171.74369545245665,175.56751156819746,171.47652813592092,174.5147247314453,1969200,0.0,0.0
2024-03-21 00:00:00-04:00,176.25281419066508,176.60042418159384,171.1974279952592,172.94546508789062,2212100,0.0,0.0
2024-03-22 00:00:00-04:00,173.80954653643732,177.15661695442802,173.02988293334778,177.0275115966797,1608100,0.0,0.0
2024-03-25 00:00:00-04:00,178.7755371438587,187.7639769034785,178.31865965851765,185.98614501953125,3570600,0.0,0.0
2024-03-26 00:00:00-04:00,188.60817389476523,197.47743426095133,183.2250459852668,184.1487274169922,4228700,0.0,0.0
2024-03-27 00:00:00-04:00,186.80058077612705,188.8266969337147,181.09962187915534,183.6322784423828,2452100,0.0,0.0
2024-03-28 00:00:00-04:00,183.77132808604316,185.55908657689753,182.08786624194045,183.59255981445312,2050800,0.0,0.0
2024-04-01 00:00:00-04:00,184.7645066497992,187.52559414275353,182.1523927012531,184.71484375,1977500,0.0,0.0
2024-04-02 00:00:00-04:00,183.42866260800804,187.0885926663344,182.86750364237778,186.85023498535156,1875500,0.0,0.0
2024-04-03 00:00:00-04:00,187.19783862924615,191.89567316556048,185.5987902353505,188.96572875976562,2555800,0.0,0.0
2024-04-04 00:00:00-04:00,192.12409491350908,194.17007899887813,181.715391085764,181.86436462402344,3747800,0.0,0.0
2024-04-05 00:00:00-04:00,181.07975721929253,193.52451942730562,180.1858704664128,191.7665557861328,4330700,0.0,0.0
2024-04-08 00:00:00-04:00,193.5394260835847,196.29554293869583,186.83037247540767,190.67404174804688,1663500,0.0,0.0
2024-04-09 00:00:00-04:00,191.28982281213825,193.5145752599872,183.79117950874382,186.8204345703125,1958600,0.0,0.0
2024-04-10 00:00:00-04:00,182.25172829261993,192.5114595567924,181.25853086323235,189.78016662597656,3861900,0.0,0.0
2024-04-11 00:00:00-04:00,190.2668307178371,192.95838715003728,188.70750354572226,191.5679168701172,2267300,0.0,0.0
2024-04-12 00:00:00-04:00,190.654170362435,191.9353882783489,189.0551220194792,190.3661346435547,1801400,0.0,0.0
2024-04-15 00:00:00-04:00,192.76968187207154,194.66669256436057,183.5230164000628,184.1387939453125,2531500,0.0,0.0
2024-04-16 00:00:00-04:00,183.77131980800792,186.9942406283631,181.86438255532542,185.3802947998047,2982700,0.0,0.0
2024-04-17 00:00:00-04:00,186.64165566453715,187.7540319153082,181.387648028317,184.1387939453125,3282900,0.0,0.0
2024-04-18 00:00:00-04:00,184.8638458982623,186.98730252764818,181.84451716869145,182.60928344726562,1654200,0.0,0.0
2024-04-19 00:00:00-04:00,182.05308592224247,184.69499463576682,176.44151153554697,179.66940307617188,3413600,0.0,0.0
2024-04-22 00:00:00-04:00,180.36465783897614,182.5993520377548,176.99771918568254,181.9736328125,2327500,0.0,0.0
2024-04-23 00:00:00-04:00,182.71853748073735,188.45921757306712,182.71853748073735,186.96942138671875,2387300,0.0,0.0
2024-04-24 00:00:00-04:00,185.4597456168919,193.0477731204369,182.39772543892175,184.8936309814453,2266400,0.0,0.0
2024-04-25 00:00:00-04:00,184.33743916529878,189.23290988340804,184.14375840246026,186.7310333251953,2908900,0.0,0.0
2024-04-26 00:00:00-04:00,185.64347332850974,188.09171627872695,184.36722626996553,187.0885772705078,1826600,0.0,0.0
2024-04-29 00:00:00-04:00,187.14818191646674,189.12465023109564,184.87376650088012,187.32696533203125,2205500,0.0,0.0
2024-04-30 00:00:00-04:00,187.32694485688418,188.11156406196247,184.4466787258516,184.67510986328125,2173200,0.0,0.0
2024-05-01 00:00:00-04:00,184.98301037657197,186.9247130557677,182.6688586831952,183.30450439453125,2717000,0.0,0.0
2024-05-02 00:00:00-04:00,183.74151702103316,185.9066800553185,182.3510467380049,184.91348266601562,3071000,0.0,0.0
2024-05-03 00:00:00-04:00,188.042073698411,195.9280638204878,186.7211192806459,193.53445434570312,3480200,0.0,0.0
2024-05-06 00:00:00-04:00,196.40479596019503,197.55690864069905,192.79948436301018,196.35513305664062,2708000,0.0,0.0
2024-05-07 00:00:00-04:00,197.3483308425098,203.6849354410397,196.00752337420946,199.1956787109375,2797300,0.0,0.0
2024-05-08 00:00:00-04:00,197.18941328801156,206.853235301518,196.76234566273342,206.58506774902344,3992100,0.0,0.0
2024-05-09 00:00:00-04:00,204.03253402808124,214.48097488980113,201.61907162733135,214.44125366210938,4313500,0.0,0.0
2024-05-10 00:00:00-04:00,219.01989577273488,219.01989577273488,210.4188026169265,213.46791076660156,2744700,0.0,0.0
2024-05-13 00:00:00-04:00,215.52383061550807,217.18743925148738,211.1438265496729,212.13702392578125,1919300,0.0,0.0
2024-05-14 00:00:00-04:00,213.1103704257167,216.4276460583399,209.3362173272582,216.25880432128906,1951000,0.0,0.0
2024-05-15 00:00:00-04:00,218.64247487628592,223.19132078369083,218.26505501495424,221.79090881347656,2682200,0.0,0.0
2024-05-16 00:00:00-04:00,222.2080446515927,223.27077311812826,214.76900600580092,214.86831665039062,3539800,0.0,0.0
2024-05-17 00:00:00-04:00,214.88818505374815,216.2309928780376,208.48206500429356,211.66029357910156,3057300,0.0,0.0
2024-05-20 00:00:00-04:00,212.49457275949783,213.7758058444209,209.71361711240564,213.60696411132812,2326200,0.0,0.0
2024-05-21 00:00:00-04:00,214.46110734181,221.15526327467393,214.03403973413688,221.0758056640625,1881100,0.0,0.0
2024-05-22 00:00:00-04:00,220.589139095052,222.87845172899225,216.37797684474828,218.6126708984375,1573700,0.0,0.0
2024-05-23 00:00:00-04:00,222.25770508310003,226.4986620742036,219.2383917622957,219.65553283691406,2658300,0.0,0.0
2024-05-24 00:00:00-04:00,221.79089951761915,234.69253864961422,220.1322617489005,229.0611114501953,2670600,0.0,0.0
2024-05-28 00:00:00-04:00,231.15677880026874,233.1828949198307,220.3110645196941,229.69677734375,2602200,0.0,0.0
2024-05-29 00:00:00-04:00,225.58162346586002,227.67053249077054,217.73331726142405,219.57354736328125,3809400,0.353,0.0
2024-05-30 00:00:00-04:00,221.15513320696914,224.09948304346457,218.83744391143745,223.771240234375,2040800,0.0,0.0
2024-05-31 00:00:00-04:00,222.87600135750066,223.29378013770224,206.90086935414269,216.10198974609375,5618300,0.0,0.0
2024-06-03 00:00:00-04:00,214.36123194832672,216.05224559163804,202.97174029343216,207.15948486328125,4922600,0.0,0.0
2024-06-04 00:00:00-04:00,205.8962050363886,207.39822025612142,195.7998317299759,202.06654357910156,4666700,0.0,0.0
2024-06-05 00:00:00-04:00,203.409411019391,211.7252345540048,203.36961389317608,208.2238311767578,4502200,0.0,0.0
2024-06-06 00:00:00-04:00,208.39295161457716,208.7013110715159,195.17318584925434,201.5294189453125,4842100,0.0,0.0
2024-06-07 00:00:00-04:00,201.01214663376044,202.9219989198627,196.476245556998,196.95370483398438,4558700,0.0,0.0
2024-06-10 00:00:00-04:00,198.4756212935663,213.6350939406786,197.08501373120126,213.49583435058594,5719600,0.0,0.0
2024-06-11 00:00:00-04:00,210.04417597208874,218.39978198439454,209.33792112949308,217.15638732910156,3701900,0.0,0.0
2024-06-12 00:00:00-04:00,220.10076287043884,220.5981207558742,211.02894471895075,216.97735595703125,3137900,0.0,0.0
2024-06-13 00:00:00-04:00,219.14580381324393,219.19554263169073,212.9885114721774,218.76780700683594,2238200,0.0,0.0
2024-06-14 00:00:00-04:00,217.64380475060867,217.7134269590639,209.8452370704898,213.764404296875,2373800,0.0,0.0
2024-06-17 00:00:00-04:00,212.73984262994955,213.5853570491056,207.6071211357856,210.89962768554688,3321100,0.0,0.0
2024-06-18 00:00:00-04:00,211.66554128804052,220.03110373712204,208.00997333386658,219.2452850341797,2714700,0.0,0.0
2024-06-20 00:00:00-04:00,222.63728438886199,226.56640852934615,218.13120811918373,221.13525390625,3075100,0.0,0.0
2024-06-21 00:00:00-04:00,221.82161690416083,223.39326964351548,214.59998587177665,216.97735595703125,5513400,0.0,0.0
2024-06-24 00:00:00-04:00,216.84802260644966,219.6829684227968,214.21301865284192,214.95806884765625,2474100,0.0,0.0
2024-06-25 00:00:00-04:00,215.3559397223953,221.28445171600572,213.04819211283424,221.19491577148438,2305100,0.0,0.0
2024-06-26 00:00:00-04:00,219.4044468603907,221.02582311269936,206.3537666964623,209.1986541748047,4237000,0.0,0.0
2024-06-27 00:00:00-04:00,206.4930246121564,206.82128260832263,200.19647252894606,203.6978759765625,4733600,0.0,0.0
2024-06-28 00:00:00-04:00,204.16539558983138,206.20456579213342,198.38609985328452,199.2117156982422,10579100,0.0,0.0
2024-07-01 00:00:00-04:00,207.08986793163928,212.46132674205617,202.06655051591832,203.96646118164062,4168400,0.0,0.0
2024-07-02 00:00:00-04:00,202.384865905971,210.68079132031554,202.0267676417036,205.06063842773438,1905300,0.0,0.0
2024-07-03 00:00:00-04:00,204.22507406373572,211.30744485635174,200.94250928038434,208.95993041992188,1612700,0.0,0.0
2024-07-05 00:00:00-04:00,208.89030057627224,211.63571049113804,206.9705065279201,210.17347717285156,1601600,0.0,0.0
2024-07-08 00:00:00-04:00,210.71062647616753,215.2863095441874,210.13368955447348,214.5900115966797,1634400,0.0,0.0
2024-07-09 00:00:00-04:00,215.89308144224572,221.19491776271676,213.92354867370503,214.8188018798828,1773200,0.0,0.0
2024-07-10 00:00:00-04:00,217.02706073421086,218.79766861632538,212.61053584518083,218.38983154296875,2584300,0.0,0.0
2024-07-11 00:00:00-04:00,218.39976535135523,219.37757253376273,214.05286282451576,215.6941375732422,2438200,0.0,0.0
2024-07-12 00:00:00-04:00,215.11721428667025,219.97143181539025,211.18511534339416,215.99256896972656,1760700,0.0,0.0
2024-07-15 00:00:00-04:00,215.85328941294662,218.48927973313272,210.51962474734705,211.75506591796875,2164300,0.0,0.0
2024-07-16 00:00:00-04:00,213.00842546162943,213.87382328828306,202.98168909848786,203.79736328125,4049600,0.0,0.0
2024-07-17 00:00:00-04:00,201.06188994076115,201.98696825920302,184.78834042961188,185.68357849121094,6748700,0.0,0.0
2024-07-18 00:00:00-04:00,189.36402744016254,191.82097649164797,177.12903618270303,186.2903594970703,5484900,0.0,0.0
2024-07-19 00:00:00-04:00,187.0264477518606,188.93630004985096,185.41499801749617,188.2996826171875,2827000,0.0,0.0
2024-07-22 00:00:00-04:00,191.22414714121692,195.77994676160233,187.61332437800723,189.41375732421875,1868800,0.0,0.0
2024-07-23 00:00:00-04:00,188.66772859301213,191.1465645359599,187.30497291505273,188.86666870117188,1856600,0.0,0.0
2024-07-24 00:00:00-04:00,187.2950007483745,187.2950007483745,173.77681887448364,174.15481567382812,4910100,0.0,0.0
2024-07-25 00:00:00-04:00,175.7662600784402,175.90551966846147,164.99348729200537,169.52938842773438,5542000,0.0,0.0
2024-07-26 00:00:00-04:00,175.60709422741883,176.13430748598714,170.53405351772926,174.11502075195312,3469300,0.0,0.0
2024-07-29 00:00:00-04:00,175.1196885444466,176.21386662335084,170.22370116001923,171.76748657226562,2100100,0.0,0.0
2024-07-30 00:00:00-04:00,172.55333922740616,174.1050933406691,164.87413256286504,167.79859924316406,3517100,0.0,0.0
2024-07-31 00:00:00-04:00,192.25864923189818,195.46163499932027,182.03297305280208,188.7970428466797,7483700,0.0,0.0
2024-08-01 00:00:00-04:00,187.29700958271627,193.24341667679514,175.6866760656289,176.6316680908203,4482100,0.0,0.0
2024-08-02 00:00:00-04:00,173.54804605269868,174.40350214535866,160.5849136069005,166.1970977783203,6099200,0.0,0.0
2024-08-05 00:00:00-04:00,155.41438126323206,171.84707315242645,154.77776384353152,169.0718231201172,5430800,0.0,0.0
2024-08-06 00:00:00-04:00,172.72243795041237,182.85859362068973,167.5001803920901,180.0833282470703,6322100,0.0,0.0
2024-08-07 00:00:00-04:00,189.08551013915752,189.08551013915752,175.96520718572484,178.71063232421875,6154900,0.0,0.0
2024-08-08 00:00:00-04:00,182.2816477101863,186.63850723006473,175.487737818627,186.0416717529297,3338800,0.0,0.0
2024-08-09 00:00:00-04:00,186.09141852367378,189.09546424480504,182.1026139547967,188.86666870117188,3204000,0.0,0.0
2024-08-12 00:00:00-04:00,189.3480311209895,190.17518487118434,183.06964599516547,186.68719482421875,2232300,0.353,0.0
2024-08-13 00:00:00-04:00,188.69027319020827,190.19510133379393,186.42807367920722,188.76004028320312,2349000,0.0,0.0
2024-08-14 00:00:00-04:00,188.31158539314845,189.2383867741707,181.58474819881812,185.51121520996094,2327900,0.0,0.0
2024-08-15 00:00:00-04:00,185.76036522558334,191.91916655934475,184.85349943327168,189.73667907714844,4241900,0.0,0.0
2024-08-16 00:00:00-04:00,190.56382963697737,190.70334861861076,185.1923260344496,189.3280792236328,2572300,0.0,0.0
2024-08-19 00:00:00-04:00,188.95934899986298,192.21813216827175,184.92324363809846,192.11846923828125,2025100,0.0,0.0
2024-08-20 00:00:00-04:00,192.33771135446872,192.83599558077566,188.98825232762186,190.06553649902344,2507000,0.0,0.0
2024-08-21 00:00:00-04:00,190.82292064428117,196.65285210118466,190.32463642425276,196.06488037109375,2404200,0.0,0.0
2024-08-22 00:00:00-04:00,194.8989192202197,198.12579955776272,194.0418696563345,194.28103637695312,1520300,0.0,0.0
2024-08-23 00:00:00-04:00,194.34082801520114,196.65287435687824,191.8593820507419,194.32090759277344,2683300,0.0,0.0
2024-08-26 00:00:00-04:00,194.82914458471924,197.31060566013818,192.41745060440107,194.2212371826172,1953400,0.0,0.0
2024-08-27 00:00:00-04:00,194.22123880933228,197.6195411217824,192.90577626651768,195.46694946289062,1703200,0.0,0.0
2024-08-28 00:00:00-04:00,196.51334980982335,196.77245215191937,191.74975347848496,193.10508728027344,2493200,0.0,0.0
2024-08-29 00:00:00-04:00,195.23773828206532,198.42675443747234,191.6500856032146,193.7727813720703,2463800,0.0,0.0
2024-08-30 00:00:00-04:00,194.58996331537196,197.13121607710073,194.48034017015453,196.0250244140625,2239400,0.0,0.0
2024-09-03 00:00:00-04:00,194.8291479951489,195.12812159601805,176.57200519083983,177.16995239257812,4252300,0.0,0.0
2024-09-04 00:00:00-04:00,177.07029756982715,182.12290755737237,175.39606965853648,176.91085815429688,3310400,0.0,0.0
2024-09-05 00:00:00-04:00,177.35929434991215,179.1331850352771,174.50910787683782,175.4658203125,2444900,0.0,0.0
2024-09-06 00:00:00-04:00,175.20670789687452,176.03386158771627,171.34999261631475,172.51597595214844,3390300,0.0,0.0
2024-09-09 00:00:00-04:00,175.7448640703671,175.7448640703671,170.4530724712499,174.31976318359375,2184400,0.0,0.0
2024-09-10 00:00:00-04:00,176.2431429543748,180.5831944561265,173.26339770484608,179.6314697265625,2301800,0.0,0.0
2024-09-11 00:00:00-04:00,180.90707933261632,187.50435796369598,178.530268924654,186.60745239257812,2846900,0.0,0.0
2024-09-12 00:00:00-04:00,186.3583056726095,191.02223885773685,183.5579506781512,189.2782440185547,2154900,0.0,0.0
2024-09-13 00:00:00-04:00,190.793026012935,197.13120193999515,188.53081138191467,195.30747985839844,2613600,0.0,0.0
2024-09-16 00:00:00-04:00,194.33085289623685,198.84530687777365,192.02878214880226,198.56626892089844,2264000,0.0,0.0
2024-09-17 00:00:00-04:00,199.31369949322135,203.99756839002634,197.56970462265568,200.5394744873047,2881700,0.0,0.0
2024-09-18 00:00:00-04:00,201.26698971680673,204.249715596022,197.73912855755435,199.642578125,1796000,0.0,0.0
2024-09-19 00:00:00-04:00,204.40617906978486,207.92406488934475,201.77523866522728,207.7845458984375,3432600,0.0,0.0
2024-09-20 00:00:00-04:00,234.35306099256158,254.36415905584224,232.20046930142598,254.10504150390625,15031400,0.0,0.0
2024-09-23 00:00:00-04:00,258.6693311177448,270.9171671465946,251.2448984410723,256.2377014160156,10270000,0.0,0.0
2024-09-24 00:00:00-04:00,253.20811945462864,258.5497270783771,250.22638220384337,252.62014770507812,4562700,0.0,0.0
2024-09-25 00:00:00-04:00,253.56691722482523,266.1735039425842,252.37103794513123,261.9580078125,6246200,0.0,0.0
2024-09-26 00:00:00-04:00,262.9246410709662,269.1930651439588,253.6266708038982,255.8888702392578,4072200,0.0,0.0
2024-09-27 00:00:00-04:00,256.29747805722667,261.4995668138294,254.46379567731304,256.11810302734375,2598100,0.0,0.0
2024-09-30 00:00:00-04:00,256.86551664341835,260.22394743628803,250.4127298808623,259.1277160644531,2899300,0.0,0.0
2024-10-01 00:00:00-04:00,258.21090704342544,265.0872236803827,253.08854550988872,264.69854736328125,3179800,0.0,0.0
2024-10-02 00:00:00-04:00,264.00097192772967,268.79446410576924,260.7521488001718,264.4693603515625,3233600,0.0,0.0
2024-10-03 00:00:00-04:00,271.2160939178691,278.5508534253821,267.0803409888589,276.4181823730469,4274200,0.0,0.0
2024-10-04 00:00:00-04:00,276.9563506144962,285.0185859881857,274.65427985300477,284.54022216796875,3829200,0.0,0.0
2024-10-07 00:00:00-04:00,284.0219984894588,287.7621105082701,273.0597459161814,277.6040954589844,3477000,0.0,0.0
2024-10-08 00:00:00-04:00,277.93302065100517,280.434387059051,272.16288016564636,278.4313049316406,2599100,0.0,0.0
2024-10-09 00:00:00-04:00,275.10271110518596,275.10271110518596,256.6163783448996,261.3799743652344,5235800,0.0,0.0
2024-10-10 00:00:00-04:00,260.1641709630331,266.8411920983499,258.141138118435,261.4098815917969,2733500,0.0,0.0
2024-10-11 00:00:00-04:00,255.51023229756535,265.9841473710259,248.19540737856033,265.3064880371094,4477700,0.0,0.0
2024-10-14 00:00:00-04:00,266.6518518494509,271.8838366903875,264.2999342776959,270.8075256347656,2229300,0.0,0.0
2024-10-15 00:00:00-04:00,268.87416319804987,268.87416319804987,261.4397708678031,265.2366943359375,3000900,0.0,0.0
2024-10-16 00:00:00-04:00,267.2996235860092,279.2783668722666,263.21368635842606,278.8398742675781,2469300,0.0,0.0
2024-10-17 00:00:00-04:00,284.02201125234365,284.02201125234365,269.6116398286139,270.2693786621094,3209900,0.0,0.0
2024-10-18 00:00:00-04:00,266.86113310522126,271.6446501235278,264.090673669654,269.23297119140625,1708800,0.0,0.0
2024-10-21 00:00:00-04:00,272.1429127626155,273.1793525188411,267.090333578337,272.7807312011719,1650900,0.0,0.0
2024-10-22 00:00:00-04:00,269.4422186882816,270.4935911497087,264.93774004684605,265.08721923828125,2134100,0.0,0.0
2024-10-23 00:00:00-04:00,264.09063921854806,267.0065933935411,261.7088260251611,265.13702392578125,2633700,0.0,0.0
2024-10-24 00:00:00-04:00,266.87109569480225,266.8810406993786,261.6690067413469,263.5923767089844,1553700,0.0,0.0
2024-10-25 00:00:00-04:00,268.07693139587127,268.81438236722505,262.1872078037648,263.502685546875,2016200,0.0,0.0
2024-10-28 00:00:00-04:00,265.9741857741385,270.2594182268405,264.1006320984188,266.0638732910156,1542500,0.0,0.0
2024-10-29 00:00:00-04:00,265.3662742616327,266.31302655635506,260.8020036501634,264.0906677246094,1829700,0.0,0.0
2024-10-30 00:00:00-04:00,265.96421955601977,267.08037146623917,260.5329087920293,260.8817138671875,1831000,0.0,0.0
2024-10-31 00:00:00-04:00,260.84183290250803,263.2834379248942,258.4600499707404,262.0576477050781,2290900,0.0,0.0
2024-11-01 00:00:00-04:00,261.82844177523583,263.8614195311837,255.93871854214635,257.2143249511719,2804500,0.0,0.0
2024-11-04 00:00:00-05:00,231.7021788902771,234.68989238218538,223.90900583238718,225.17465209960938,10719400,0.0,0.0
2024-11-05 00:00:00-05:00,229.55956435449977,236.04721993662235,226.22105373443765,232.94789123535156,6347400,0.0,0.0
2024-11-06 00:00:00-05:00,238.0004987425994,241.16957930378652,232.95784931102924,234.1836395263672,4790100,0.0,0.0
2024-11-07 00:00:00-05:00,241.68778764627803,247.4977836041305,237.57893478285717,240.76097106933594,4154900,0.0,0.0
2024-11-08 00:00:00-05:00,242.41528992592248,247.14899034585315,236.0173219199666,238.54859924316406,5162100,0.0,0.0
2024-11-11 00:00:00-05:00,241.1596150494534,243.07302473087756,233.48602548967216,236.455810546875,3382100,0.0,0.0
2024-11-12 00:00:00-05:00,234.632083896682,235.17022418168767,224.91554127745576,227.9152069091797,4460000,0.0,0.0
2024-11-13 00:00:00-05:00,230.20733003950767,231.9712605924157,224.83582628017632,225.18463134765625,2979500,0.0,0.0
2024-11-14 00:00:00-05:00,227.416928418873,230.74546355581978,224.34749561733872,224.6066131591797,2513200,0.0,0.0
2024-11-15 00:00:00-05:00,224.42995014934286,227.32452639107865,221.24590714526354,223.8610076904297,2717400,0.353,0.0
2024-11-18 00:00:00-05:00,225.56781370772578,231.60649898692796,220.7667868979096,229.84979248046875,3295000,0.0,0.0
2024-11-19 00:00:00-05:00,225.88221927545476,234.45118784346695,225.67761565041954,234.1417694091797,2197500,0.0,0.0
2024-11-20 00:00:00-05:00,237.69511389360605,241.0288705576436,231.70632290084168,234.98019409179688,2567600,0.0,0.0
2024-11-21 00:00:00-05:00,236.8666531169506,251.71885905524206,233.67263442868426,251.3695068359375,3586400,0.0,0.0
2024-11-22 00:00:00-05:00,250.74069803456544,252.75691331968005,244.5722355451778,249.42315673828125,2471600,0.0,0.0
2024-11-25 00:00:00-05:00,253.026420361415,255.13247914404877,242.54603608609014,248.46495056152344,3459600,0.0,0.0
2024-11-26 00:00:00-05:00,249.0838068258061,266.63096661957115,248.73445458533405,266.2317199707031,3881600,0.0,0.0
2024-11-27 00:00:00-05:00,264.50493723205363,265.50306907066516,250.38137780781383,252.9166259765625,2298200,0.0,0.0
2024-11-29 00:00:00-05:00,257.4980490147623,260.3017916968151,254.7232286389359,256.0806884765625,1185700,0.0,0.0
2024-12-02 00:00:00-05:00,256.5198752176126,257.9571874611246,249.0438624764232,249.11373901367188,1908400,0.0,0.0
2024-12-03 00:00:00-05:00,251.00119069401248,253.70512932902298,246.11933691529748,247.04759216308594,1784600,0.0,0.0
2024-12-04 00:00:00-05:00,252.20793307285862,257.17864034667724,250.5310789782806,253.72509765625,2701200,0.0,0.0
2024-12-05 00:00:00-05:00,253.24600474315585,259.2747294209767,252.6271678929565,255.611572265625,2118200,0.0,0.0
2024-12-06 00:00:00-05:00,255.9709126970196,258.08694724265894,249.95216392168857,253.1561737060547,1329700,0.0,0.0
2024-12-09 00:00:00-05:00,253.3158608967954,253.5254752745278,235.88848833011087,239.40191650390625,3262400,0.0,0.0
2024-12-10 00:00:00-05:00,237.43560366985258,239.05257235446783,230.27900030424422,231.90594482421875,2771500,0.0,0.0
2024-12-11 00:00:00-05:00,234.3314064839557,239.00066082110453,231.68634808105213,236.15798950195312,2386700,0.0,0.0
2024-12-12 00:00:00-05:00,242.50611286360373,247.66645252781612,238.47365179556232,238.57347106933594,2822000,0.0,0.0
2024-12-13 00:00:00-05:00,241.5379256679553,242.9652468663026,236.05817646913152,238.62338256835938,2004800,0.0,0.0
2024-12-16 00:00:00-05:00,239.60154992570446,243.24472502963667,236.80478257586674,238.8529510498047,1974400,0.0,0.0
2024-12-17 00:00:00-05:00,237.21600761536126,237.6352211443849,228.43244471552697,233.80239868164062,2506500,0.0,0.0
2024-12-18 00:00:00-05:00,233.88224719214205,236.5472572306907,224.35008559850388,225.33822631835938,3173700,0.0,0.0
2024-12-19 00:00:00-05:00,228.43245278682966,233.35323543188082,224.5596963862267,224.7493438720703,3626800,0.0,0.0
2024-12-20 00:00:00-05:00,221.40560389980453,231.26713575898177,219.2296686490477,226.59588623046875,4985400,0.0,0.0
2024-12-23 00:00:00-05:00,226.5759233713074,228.9315150781235,221.28582167385025,227.85353088378906,1935200,0.0,0.0
2024-12-24 00:00:00-05:00,228.81672250441864,229.68011200521426,226.73163587002887,229.36070251464844,978400,0.0,0.0
2024-12-26 00:00:00-05:00,228.1429987993429,229.79988605563298,226.8943288180562,228.21286010742188,920500,0.0,0.0
2024-12-27 00:00:00-05:00,227.75371108619342,227.75371108619342,222.32388678576564,226.1167755126953,1466000,0.0,0.0
2024-12-30 00:00:00-05:00,223.1024293870579,228.5721875137371,221.83479770710946,225.89720153808594,1587100,0.0,0.0
2024-12-31 00:00:00-05:00,225.92713578649588,226.6058580902399,222.46361727167607,223.2920684814453,1885700,0.0,0.0
2025-01-02 00:00:00-05:00,225.9570899494254,243.2646923336187,224.71740582256115,242.14678955078125,4552500,0.0,0.0
2025-01-03 00:00:00-05:00,250.0320224195386,253.70415026038447,243.89351778159127,251.928466796875,4576600,0.0,0.0
2025-01-06 00:00:00-05:00,257.39824762100255,267.31968069577357,251.04013734855602,263.7862854003906,4116000,0.0,0.0
2025-01-07 00:00:00-05:00,263.0077276456327,264.9840395630048,249.09376800430888,255.15243530273438,3112400,0.0,0.0
2025-01-08 00:00:00-05:00,255.03265701438073,255.5117712559807,227.62396564049632,243.38446044921875,8414200,0.0,0.0
2025-01-10 00:00:00-05:00,281.96223877883796,309.42085398820416,279.60666238245045,304.6198425292969,14707200,0.0,0.0
2025-01-13 00:00:00-05:00,296.9392242033417,299.89868142712515,278.3390277844182,278.71832275390625,6920600,0.0,0.0
2025-01-14 00:00:00-05:00,283.3646105705831,293.8499897877446,280.87427665446285,288.330322265625,4852400,0.0,0.0
2025-01-15 00:00:00-05:00,296.5349815435489,304.5380079128017,292.47257768732254,300.2080993652344,4140700,0.0,0.0
2025-01-16 00:00:00-05:00,301.90492976484717,319.9112361447577,301.90492976484717,314.65106201171875,5269100,0.0,0.0
2025-01-17 00:00:00-05:00,319.5618704097044,319.5618704097044,310.45891356175406,315.7689514160156,2820000,0.0,0.0
2025-01-21 00:00:00-05:00,325.3909768906018,329.7228653816689,317.735292344545,323.035400390625,4032300,0.0,0.0
2025-01-22 00:00:00-05:00,328.385358428481,335.8194420400241,318.4040405431169,331.848876953125,4576600,0.0,0.0
2025-01-23 00:00:00-05:00,332.5076693578566,351.3424125669451,332.3779073431611,345.5732116699219,4853500,0.0,0.0
2025-01-24 00:00:00-05:00,347.10034250148925,349.3461391100539,341.31119009474907,346.7909240722656,3226600,0.0,0.0
2025-01-27 00:00:00-05:00,291.9136087362231,302.1045560329306,269.9347581408579,274.4862365722656,16083200,0.0,0.0
2025-01-28 00:00:00-05:00,281.0240068419737,283.8387459360432,258.60597428647674,278.2791442871094,9989300,0.0,0.0
2025-01-29 00:00:00-05:00,278.5087056838254,293.64038692443546,275.54425311787867,291.3446960449219,6638500,0.0,0.0
2025-01-30 00:00:00-05:00,300.43768845384125,310.10958856881854,298.23182558252427,307.97357177734375,6023100,0.0,0.0
2025-01-31 00:00:00-05:00,311.4171193657618,311.4171193657618,297.3883843279455,299.4195861816406,4726000,0.0,0.0
2025-02-03 00:00:00-05:00,284.86682195476766,308.0733873089722,283.4893951374726,305.7377624511719,3723500,0.0,0.0
2025-02-04 00:00:00-05:00,297.6698318989167,306.5162803191128,292.95167327650097,305.7576904296875,2996300,0.0,0.0
2025-02-05 00:00:00-05:00,309.9498601742187,317.77520966782004,302.284215420556,313.2436828613281,3578600,0.0,0.0
2025-02-06 00:00:00-05:00,314.73593792050974,315.98856780592115,305.2985842167934,311.2174987792969,2480100,0.0,0.0
2025-02-07 00:00:00-05:00,313.89251398933845,319.012904773967,308.7271634084106,309.2112731933594,2298000,0.0,0.0
2025-02-10 00:00:00-05:00,312.0459650253161,321.3984555827124,311.99107508412214,321.228759765625,2729800,0.0,0.0
2025-02-11 00:00:00-05:00,316.7172138972516,318.5637639060964,308.8619211359817,312.9941711425781,2642900,0.0,0.0
2025-02-12 00:00:00-05:00,304.8593868659167,316.8369684070797,303.22246656145154,313.2137451171875,1766400,0.0,0.0
2025-02-13 00:00:00-05:00,315.7689783037169,317.14442519731205,304.52004328942746,310.9080810546875,2707200,0.0,0.0
2025-02-14 00:00:00-05:00,310.603648022515,317.595566296491,305.6479271906427,316.70721435546875,2193000,0.0,0.0
2025-02-18 00:00:00-05:00,323.2350079692485,328.954314317366,315.22500613063437,324.9917297363281,3253000,0.0,0.0
2025-02-19 00:00:00-05:00,323.2050687455354,329.2717169946209,317.53568720360875,321.0640869140625,3079100,0.0,0.0
2025-02-20 00:00:00-05:00,316.89684979552635,321.39843388080277,303.6117182107768,308.8419494628906,3860000,0.0,0.0
2025-02-21 00:00:00-05:00,309.4208451665302,309.8799772465291,277.2510476209941,283.9085998535156,6478000,0.0,0.0
2025-02-24 00:00:00-05:00,289.46821514349335,289.46821514349335,262.15931305994695,267.2198486328125,7221400,0.0,0.0
2025-02-25 00:00:00-05:00,264.2853463258885,267.5492264639063,248.09564672704164,263.81622314453125,5094600,0.0,0.0
2025-02-26 00:00:00-05:00,272.24045489761124,279.4270162120403,267.5492231422803,269.6353454589844,4724900,0.0,0.0
2025-02-27 00:00:00-05:00,275.87365871174865,280.0757849981664,248.32520011990542,249.2734375,5131000,0.0,0.0
2025-02-28 00:00:00-05:00,245.95964106024286,251.0690811324815,241.15862944672415,250.07693481445312,6029600,0.0,0.0
2025-03-03 00:00:00-05:00,248.91411767154452,249.25547400148656,228.81174346421568,231.8560333251953,5315000,0.0,0.0
2025-03-04 00:00:00-05:00,227.07498326572215,239.1823268076025,220.8366595496309,231.21722412109375,5525500,0.0,0.0
2025-03-05 00:00:00-05:00,230.2191035111289,233.1037039283792,223.0026145502389,228.8916015625,3840200,0.0,0.0
2025-03-06 00:00:00-05:00,219.77864981269212,222.3638075939265,204.32757336788345,207.302001953125,7710800,0.0,0.0
2025-03-07 00:00:00-05:00,208.10000610351562,216.13999938964844,203.10000610351562,212.5399932861328,4986200,0.388,0.0
2025-03-10 00:00:00-04:00,203.61000061035156,208.24000549316406,195.55999755859375,202.2100067138672,7689500,0.0,0.0
2025-03-11 00:00:00-04:00,203.99000549316406,211.63999938964844,199.9250030517578,208.5800018310547,5051000,0.0,0.0
2025-03-12 00:00:00-04:00,219.4199981689453,224.3300018310547,210.0,215.35000610351562,7320400,0.0,0.0
2025-03-13 00:00:00-04:00,216.77000427246094,216.77000427246094,203.72000122070312,209.8699951171875,3654300,0.0,0.0
2025-03-14 00:00:00-04:00,213.8300018310547,217.5,209.02999877929688,216.4600067138672,3829900,0.0,0.0
2025-03-17 00:00:00-04:00,216.91000366210938,222.06500244140625,214.36000061035156,218.5399932861328,3547600,0.0,0.0
2025-03-18 00:00:00-04:00,217.9199981689453,218.13499450683594,209.25,210.85000610351562,2716500,0.0,0.0
2025-03-19 00:00:00-04:00,211.1199951171875,220.3699951171875,211.1199951171875,218.0500030517578,3091900,0.0,0.0
2025-03-20 00:00:00-04:00,217.05999755859375,222.42999267578125,214.0,219.44000244140625,2250500,0.0,0.0
2025-03-21 00:00:00-04:00,215.77499389648438,222.82000732421875,212.5500030517578,222.47999572753906,3733500,0.0,0.0
2025-03-24 00:00:00-04:00,228.24000549316406,231.14999389648438,226.60000610351562,228.6199951171875,2773600,0.0,0.0
2025-03-25 00:00:00-04:00,229.30999755859375,230.8719940185547,222.0,226.8699951171875,2849900,0.0,0.0
2025-03-26 00:00:00-04:00,224.0,226.10000610351562,214.0,216.97000122070312,4059000,0.0,0.0
2025-03-27 00:00:00-04:00,211.9600067138672,217.5500030517578,207.52000427246094,209.1999969482422,4178300,0.0,0.0
2025-03-28 00:00:00-04:00,209.89999389648438,215.4149932861328,203.88999938964844,205.38999938964844,5572000,0.0,0.0
2025-03-31 00:00:00-04:00,198.97999572753906,203.55999755859375,195.5500030517578,201.6300048828125,4518500,0.0,0.0
2025-04-01 00:00:00-04:00,200.9499969482422,207.74000549316406,198.08999633789062,206.94000244140625,2861140,0.0,0.0
