Date,Open,High,Low,Close,Volume,Dividends,Stock Splits
2022-03-22 00:00:00-04:00,43.92555269281915,44.84066837391955,43.01043701171875,43.01043701171875,7000,0.0,0.0
2022-03-23 00:00:00-04:00,43.92554582868304,43.92554582868304,38.434852600097656,38.434852600097656,22900,0.0,0.0
2022-03-24 00:00:00-04:00,40.31084043576612,40.676888062622865,40.31084043576612,40.64851760864258,600,0.0,0.0
2022-03-25 00:00:00-04:00,39.359127044677734,39.359127044677734,39.359127044677734,39.359127044677734,1100,0.0,0.0
2022-03-28 00:00:00-04:00,40.26508725922683,40.26508725922683,38.43577063310257,39.80752944946289,1100,0.0,0.0
2022-03-29 00:00:00-04:00,39.807524564317276,39.85327964150083,36.1562121544958,36.65037536621094,15500,0.0,0.0
2022-03-30 00:00:00-04:00,36.98896864933702,37.364169374000305,33.310207230810626,33.32850646972656,46100,0.0,0.0
2022-03-31 00:00:00-04:00,33.27360199652162,33.27360199652162,30.500802993774414,30.500802993774414,132200,0.0,0.0
2022-04-01 00:00:00-04:00,29.613139564109407,30.336081681724878,26.16772835384627,27.91102409362793,22998000,0.0,0.0
2022-04-04 00:00:00-04:00,27.563281859616136,30.912602975709163,27.563281859616136,28.734628677368164,5199700,0.0,0.0
2022-04-05 00:00:00-04:00,27.97508199802687,28.624814944155876,27.453466415405273,27.453466415405273,4333000,0.0,0.0
2022-04-06 00:00:00-04:00,27.352804861229068,27.984235117087756,24.891145141730142,27.435165405273438,7015800,0.0,0.0
2022-04-07 00:00:00-04:00,26.33702354255901,27.599882108183937,26.172302480641797,26.904394149780273,5450300,0.0,0.0
2022-04-08 00:00:00-04:00,26.446840568192197,31.269498467746814,25.897770857498845,29.777862548828125,3501100,0.0,0.0
2022-04-11 00:00:00-04:00,29.073225757393462,29.960889089722993,28.0940522528377,29.668048858642578,1937500,0.0,0.0
2022-04-12 00:00:00-04:00,29.74125770839699,30.400142073175207,27.874421002118083,29.384363174438477,2213400,0.0,0.0
2022-04-13 00:00:00-04:00,28.990861051514013,30.601462891758658,28.368582195060927,30.528255462646484,2132600,0.0,0.0
2022-04-14 00:00:00-04:00,30.207960985859582,30.711277301351963,29.45756655843823,30.043243408203125,1598900,0.0,0.0
2022-04-18 00:00:00-04:00,29.613141335764038,29.97003586075445,29.000013814749146,29.530780792236328,926600,0.0,0.0
2022-04-19 00:00:00-04:00,29.274543463094957,29.503324074376543,27.83781246490743,28.304521560668945,1038300,0.0,0.0
2022-04-20 00:00:00-04:00,28.313674323521543,28.95425413224584,27.343650627729726,28.487545013427734,964500,0.0,0.0
2022-04-21 00:00:00-04:00,28.423490844970665,28.633968765415464,26.812887134316306,27.984235763549805,860600,0.0,0.0
2022-04-22 00:00:00-04:00,27.87441766099787,29.219638580881067,27.453465363241442,28.96340560913086,792100,0.0,0.0
2022-04-25 00:00:00-04:00,28.661417654581065,29.768706590074338,27.517523260669343,29.68634605407715,862800,0.0,0.0
2022-04-26 00:00:00-04:00,29.064068541736145,29.970032678912553,28.28622001624803,28.45094108581543,1023700,0.0,0.0
2022-04-27 00:00:00-04:00,28.222162533047747,29.28369638745754,27.88356902557227,28.96340560913086,921200,0.0,0.0
2022-04-28 00:00:00-04:00,28.77123462895748,29.05491997304067,27.41686222966062,28.313676834106445,846700,0.0,0.0
2022-04-29 00:00:00-04:00,27.929326326931196,28.24046574601394,27.005059434414154,27.846965789794922,958800,0.0,0.0
2022-05-02 00:00:00-04:00,27.224687127818378,29.064069560025146,27.16978068452031,29.045766830444336,1029700,0.0,0.0
2022-05-03 00:00:00-04:00,28.679722047857954,29.79616415817887,28.460094520936895,29.402664184570312,746900,0.0,0.0
2022-05-04 00:00:00-04:00,29.146429505959595,30.06154327564465,28.98628324354536,29.68634605407715,475800,0.0,0.0
2022-05-05 00:00:00-04:00,29.356910326460635,30.418444290159467,28.670571876274067,29.100675582885742,269900,0.0,0.0
2022-05-06 00:00:00-04:00,28.624815361416516,28.79136566732623,27.33450256071928,27.508373260498047,604900,0.0,0.0
2022-05-09 00:00:00-04:00,26.968456962634388,27.22011515700575,25.90692297245816,26.565807342529297,1003300,0.0,0.0
2022-05-10 00:00:00-04:00,26.300419578094207,26.58868145279904,25.165676553846794,26.154001235961914,929900,0.0,0.0
2022-05-11 00:00:00-04:00,25.797110732620094,27.673097122061485,25.394459356796848,26.428539276123047,536900,0.0,0.0
2022-05-12 00:00:00-04:00,26.02588964574439,26.629865836756963,25.485971271135487,26.428539276123047,660700,0.0,0.0
2022-05-13 00:00:00-04:00,24.81793771509181,25.330402001086114,22.52099717609526,24.094995498657227,2386000,0.0,0.0
2022-05-16 00:00:00-04:00,23.738098617278386,24.607457370402088,22.87788948395715,23.097517013549805,1390800,0.0,0.0
2022-05-17 00:00:00-04:00,22.887041489526375,23.911969989633704,22.635385047251017,23.646587371826172,1150200,0.0,0.0
2022-05-18 00:00:00-04:00,23.674040003880346,25.010107866662008,23.362900577804872,24.406131744384766,1197500,0.0,0.0
2022-05-19 00:00:00-04:00,24.058390446819537,25.91607403518512,23.802157445293982,24.87284278869629,667600,0.0,0.0
2022-05-20 00:00:00-04:00,25.27549070984163,25.9114956988393,24.900291751529014,25.394454956054688,527600,0.0,0.0
2022-05-23 00:00:00-04:00,25.074166043340867,25.376154108906366,23.939422956202485,24.223108291625977,514800,0.0,0.0
2022-05-24 00:00:00-04:00,23.802156934733862,23.976029387233915,22.347122992976193,23.161575317382812,949000,0.0,0.0
2022-05-25 00:00:00-04:00,22.75892630904497,23.555075923502464,22.713169480634203,23.472715377807617,698500,0.0,0.0
2022-05-26 00:00:00-04:00,23.710641924784742,24.085839131595062,23.05175940816657,23.948572158813477,657000,0.0,0.0
2022-05-27 00:00:00-04:00,23.9485715381127,24.58000169107565,23.253083582541542,24.104141235351562,363600,0.0,0.0
2022-05-31 00:00:00-04:00,23.728947759989232,24.030935837824245,22.319668899796167,22.676565170288086,973600,0.0,0.0
2022-06-01 00:00:00-04:00,22.64911264116815,23.28969430293459,21.816357528138546,23.115821838378906,628700,0.0,0.0
2022-06-02 00:00:00-04:00,23.17072611614436,26.03503884784484,23.17072611614436,25.916072845458984,548100,0.0,0.0
2022-06-03 00:00:00-04:00,25.467666185496675,26.72137528154759,25.101620307416113,25.174829483032227,507300,0.0,0.0
2022-06-06 00:00:00-04:00,25.81540870666504,27.398559927281028,25.458514202380353,25.81540870666504,731700,0.0,0.0
2022-06-07 00:00:00-04:00,25.62323382953266,26.62070985753215,24.936897209098746,25.394454956054688,538500,0.0,0.0
2022-06-08 00:00:00-04:00,25.339548481158218,26.181454804245732,24.955199904412957,25.623233795166016,601200,0.0,0.0
2022-06-09 00:00:00-04:00,25.797109828962263,26.428538350346642,25.065016285342576,25.348703384399414,430000,0.0,0.0
2022-06-10 00:00:00-04:00,24.89114302051895,25.586629284710988,24.630335235085848,24.799631118774414,476800,0.0,0.0
2022-06-13 00:00:00-04:00,24.19565599361862,24.63033623547697,22.717744567655757,23.99432945251465,481400,0.0,0.0
2022-06-14 00:00:00-04:00,23.948574482379016,25.385305644747998,23.68319012986784,25.174829483032227,651700,0.0,0.0
2022-06-15 00:00:00-04:00,24.95520077968236,26.272965878646957,24.95520077968236,25.742198944091797,474500,0.0,0.0
2022-06-16 00:00:00-04:00,25.00095902281671,25.513423292846593,24.387831473774956,25.183982849121094,646300,0.0,0.0
2022-06-17 00:00:00-04:00,25.870317365442652,27.416861409028503,25.431062314439966,25.86116600036621,1966200,0.0,0.0
2022-06-21 00:00:00-04:00,24.717275527316545,26.318728019218085,24.387833313297353,24.7081241607666,904400,0.0,0.0
2022-06-22 00:00:00-04:00,24.15905132709369,26.656401866341017,24.15905132709369,25.980131149291992,594400,0.0,0.0
2022-06-23 00:00:00-04:00,25.906919449647482,25.998431349207454,24.653212185642055,24.726421356201172,889200,0.0,0.0
2022-06-24 00:00:00-04:00,24.570852467534156,25.99843221362443,24.543398373120056,24.589155197143555,7372700,0.0,0.0
2022-06-27 00:00:00-04:00,24.97350855438088,25.101624195190702,24.332926859442388,24.7081241607666,1138700,0.0,0.0
2022-06-28 00:00:00-04:00,24.753877807482418,25.10162273436396,24.04924007859117,24.534250259399414,818800,0.0,0.0
2022-06-29 00:00:00-04:00,24.525093656550045,24.570850476866447,23.243932360242667,23.65573501586914,701500,0.0,0.0
2022-06-30 00:00:00-04:00,23.22563322354881,24.07669101314839,22.6674138929238,23.170726776123047,648800,0.0,0.0
2022-07-01 00:00:00-04:00,23.01515328718577,23.9760255598236,22.109189198431842,23.8662109375,578200,0.0,0.0
2022-07-05 00:00:00-04:00,23.390351368717408,24.030932908061363,22.502689974318404,23.98517608642578,593100,0.0,0.0
2022-07-06 00:00:00-04:00,23.976028627693488,23.976028627693488,22.951098421489633,23.307992935180664,356900,0.0,0.0
2022-07-07 00:00:00-04:00,23.225633568656303,23.390354658825668,22.713169312364023,22.969402313232422,467300,0.0,0.0
2022-07-08 00:00:00-04:00,22.88703489429814,23.335441202060935,22.46608092968891,23.070056915283203,296700,0.0,0.0
2022-07-11 00:00:00-04:00,22.841282719675174,22.951097350927846,21.976498825796167,21.99022674560547,362200,0.0,0.0
2022-07-12 00:00:00-04:00,21.917015654743736,22.72231648014195,21.61502762703888,22.466083526611328,323800,0.0,0.0
2022-07-13 00:00:00-04:00,22.054285439336162,22.63995884169678,22.008528613873978,22.57590103149414,207000,0.0,0.0
2022-07-14 00:00:00-04:00,22.337972178223307,22.63080889779343,22.06343818998745,22.511844635009766,263100,0.0,0.0
2022-07-15 00:00:00-04:00,22.96025118351472,23.35375118175229,22.4111814591238,23.24393653869629,575000,0.0,0.0
2022-07-18 00:00:00-04:00,23.463565331452024,23.53677451558118,21.77975235103683,21.96277618408203,385900,0.0,0.0
2022-07-19 00:00:00-04:00,22.154947563655888,24.16820255688664,22.154947563655888,24.05838966369629,566700,0.0,0.0
2022-07-20 00:00:00-04:00,23.911971367685606,25.211435671436316,23.36290336942174,25.01011085510254,351200,0.0,0.0
2022-07-21 00:00:00-04:00,24.72642335704909,25.138224320225206,24.35122610939233,24.73557472229004,320100,0.0,0.0
2022-07-22 00:00:00-04:00,24.845388606625423,25.357852862475543,23.91197026010074,24.1590518951416,350900,0.0,0.0
2022-07-25 00:00:00-04:00,24.268867553181583,25.14280293258071,24.268867553181583,24.763029098510742,272900,0.0,0.0
2022-07-26 00:00:00-04:00,24.827079963575024,25.399027086952522,24.488488243984243,24.845382690429688,295400,0.0,0.0
2022-07-27 00:00:00-04:00,24.872841936861203,25.595782343045247,24.680666755937445,25.476818084716797,450500,0.0,0.0
2022-07-28 00:00:00-04:00,25.62323719465543,26.858643622772366,25.271832086701654,26.757980346679688,600000,0.0,0.0
2022-07-29 00:00:00-04:00,26.712224806531378,27.307049596413858,25.870318386169497,26.931852340698242,663600,0.0,0.0
2022-08-01 00:00:00-04:00,26.254667666085016,27.069120010569986,25.36700439626299,27.01421356201172,338000,0.0,0.0
2022-08-02 00:00:00-04:00,26.92270136711109,27.956781240377964,26.92270136711109,27.69139862060547,454300,0.0,0.0
2022-08-03 00:00:00-04:00,27.70970042242127,28.569907811884146,27.12402526364985,27.334503173828125,375000,0.0,0.0
2022-08-04 00:00:00-04:00,27.07827005201673,27.416861837919683,26.81288569698168,27.087421417236328,295400,0.0,0.0
2022-08-05 00:00:00-04:00,26.74882611044903,28.423487434703134,26.74882611044903,28.277069091796875,293400,0.0,0.0
2022-08-08 00:00:00-04:00,28.405187513025652,29.100673795113238,28.03913989662874,28.39603614807129,298900,0.0,0.0
2022-08-09 00:00:00-04:00,28.231313781391908,28.69802290009886,27.04166257328273,27.77375602722168,305500,0.0,0.0
2022-08-10 00:00:00-04:00,28.011687553418167,28.633966406897557,27.453466509189116,27.462617874145508,442700,0.0,0.0
2022-08-11 00:00:00-04:00,27.59988476331855,28.49669758064847,27.453466415405273,27.453466415405273,238000,0.0,0.0
2022-08-12 00:00:00-04:00,27.499221225956596,27.52667532046379,26.13569928343121,26.245513916015625,867400,0.0,0.0
2022-08-15 00:00:00-04:00,27.709698112120662,31.196287696485037,27.45346514243135,30.583158493041992,853100,0.0,0.0
2022-08-16 00:00:00-04:00,30.38183915325028,30.84854658147859,28.739206552503127,29.585689544677734,415300,0.0,0.0
2022-08-17 00:00:00-04:00,29.430114854575873,30.272022944548002,28.505847973973502,29.905975341796875,255700,0.0,0.0
2022-08-18 00:00:00-04:00,30.125604382555906,30.6838254664776,28.82614188434852,30.555709838867188,479400,0.0,0.0
2022-08-19 00:00:00-04:00,30.35438365603509,30.683825840124474,28.899351415677582,30.592315673828125,378600,0.0,0.0
2022-08-22 00:00:00-04:00,30.272024444115686,30.564861144467205,29.741255742923038,30.0981502532959,334700,0.0,0.0
2022-08-23 00:00:00-04:00,29.713804422303774,30.098151295743666,28.73462927160363,29.51247787475586,285300,0.0,0.0
2022-08-24 00:00:00-04:00,28.890197242404607,30.189663121042727,28.890197242404607,29.539928436279297,305700,0.0,0.0
2022-08-25 00:00:00-04:00,29.91687934876855,30.399555831309954,29.52154232086641,30.330604553222656,201200,0.15,0.0
2022-08-26 00:00:00-04:00,30.10075960096075,31.47064552655524,29.135401311154013,29.254920959472656,422700,0.0,0.0
2022-08-29 00:00:00-04:00,28.960718687536666,29.493965349994795,28.960718687536666,29.080238342285156,234400,0.0,0.0
2022-08-30 00:00:00-04:00,29.03426855417235,29.409379670905828,28.298758967469883,28.712482452392578,208200,0.0,0.0
2022-08-31 00:00:00-04:00,28.611349431384713,29.705421416772733,28.3906948137256,29.346858978271484,375600,0.0,0.0
2022-09-01 00:00:00-04:00,29.061844474802548,30.486894645436355,28.795221211851832,29.411211013793945,423100,0.0,0.0
2022-09-02 00:00:00-04:00,29.46637871754754,29.962848978500045,28.629735947654762,28.859582901000977,280600,0.0,0.0
2022-09-06 00:00:00-04:00,28.72167555621169,29.04346164695352,28.20681886318063,28.445859909057617,257900,0.0,0.0
2022-09-07 00:00:00-04:00,28.418277846181454,29.503155772309032,28.28037002161796,29.438798904418945,221500,0.0,0.0
2022-09-08 00:00:00-04:00,28.822807564413406,29.88929550682912,28.059715768931397,29.815746307373047,545300,0.0,0.0
2022-09-09 00:00:00-04:00,30.073172611939107,30.452881606391898,29.687031438447406,29.778968811035156,325600,0.0,0.0
2022-09-12 00:00:00-04:00,30.04559314820985,31.45225533948073,29.939862009583532,30.40415382385254,484700,0.0,0.0
2022-09-13 00:00:00-04:00,29.981239792153275,30.367381024282462,29.162983373840717,29.31008529663086,245200,0.0,0.0
2022-09-14 00:00:00-04:00,29.3100828465831,30.431735352496617,29.043461291410495,29.880104064941406,593500,0.0,0.0
2022-09-15 00:00:00-04:00,29.81574732310251,30.61561374556151,29.624514487941486,29.981237411499023,434600,0.0,0.0
2022-09-16 00:00:00-04:00,30.247858740198854,30.247858740198854,28.694091179488026,29.061847686767578,1295000,0.0,0.0
2022-09-19 00:00:00-04:00,28.648123366088065,29.254919166564672,28.501021460129678,28.896358489990234,511600,0.0,0.0
2022-09-20 00:00:00-04:00,28.50102175816746,28.62973548882876,27.517277094186248,28.022939682006836,517800,0.0,0.0
2022-09-21 00:00:00-04:00,27.94019485996744,28.813613977003925,27.581634176818582,27.86664390563965,268900,0.0,0.0
2022-09-22 00:00:00-04:00,27.747123230837317,27.9218073984686,26.91967458701529,27.47130584716797,344700,0.0,0.0
2022-09-23 00:00:00-04:00,27.535664464615795,27.774703742102577,26.156582807027554,26.910480499267578,505500,0.0,0.0
2022-09-26 00:00:00-04:00,26.680634429148462,27.443726234500172,26.138195485797997,26.285297393798828,357600,0.0,0.0
2022-09-27 00:00:00-04:00,26.478365700105797,26.657647778967625,25.807213083706767,26.110610961914062,394000,0.0,0.0
2022-09-28 00:00:00-04:00,26.119808513340296,27.54945689164104,26.016837523710112,27.21388053894043,357100,0.0,0.0
2022-09-29 00:00:00-04:00,27.259850806693713,27.259850806693713,26.423207960362443,27.03919792175293,475400,0.0,0.0
2022-09-30 00:00:00-04:00,27.01161641488172,27.940198427842777,26.469179153442383,26.469179153442383,429800,0.0,0.0
2022-10-03 00:00:00-04:00,26.551915160068987,26.551915160068987,25.36590597665234,25.926733016967773,459100,0.0,0.0
2022-10-04 00:00:00-04:00,26.202552032503537,27.278235817665827,26.202552032503537,27.25984764099121,580300,0.0,0.0
2022-10-05 00:00:00-04:00,27.06677885152362,27.37017677251341,26.15658508855424,27.057584762573242,625700,0.0,0.0
2022-10-06 00:00:00-04:00,26.892093082168817,27.19549098525982,26.54272649063099,26.643857955932617,360000,0.0,0.0
2022-10-07 00:00:00-04:00,26.32207116117864,26.487561240841778,25.457847917415837,25.503816604614258,369300,0.0,0.0
2022-10-10 00:00:00-04:00,25.74286130396115,26.184167076880957,25.32453987791551,26.092227935791016,279300,0.0,0.0
2022-10-11 00:00:00-04:00,26.11980707382119,26.33126584547012,25.30155249873173,25.752052307128906,411600,0.0,0.0
2022-10-12 00:00:00-04:00,25.715276177343547,26.129001389466744,25.5773683578335,25.825603485107422,304600,0.0,0.0
2022-10-13 00:00:00-04:00,25.494622478178734,26.84612362433655,24.74991887440572,26.680633544921875,495700,0.0,0.0
2022-10-14 00:00:00-04:00,26.836931459704477,27.71494677411392,26.078435792553755,26.450788497924805,433400,0.0,0.0
2022-10-17 00:00:00-04:00,26.74499007712123,27.848256090493816,26.43883378471423,26.96564292907715,538800,0.0,0.0
2022-10-18 00:00:00-04:00,27.44372705569649,28.188430706433532,26.689829316235144,26.836931228637695,401700,0.0,0.0
2022-10-19 00:00:00-04:00,26.423205213350474,27.526471276949774,25.843991669796335,26.285297393798828,341600,0.0,0.0
2022-10-20 00:00:00-04:00,26.3128793258172,26.938061550104447,25.97270507187891,26.800153732299805,431800,0.0,0.0
2022-10-21 00:00:00-04:00,26.643856463732323,27.636795159474122,26.55651525913771,27.508081436157227,739700,0.0,0.0
2022-10-24 00:00:00-04:00,27.701153618740218,27.95398666639855,27.22307329587961,27.462114334106445,383300,0.0,0.0
2022-10-25 00:00:00-04:00,27.691960734962333,28.58376625122794,27.333398307933457,28.13326644897461,959300,0.0,0.0
2022-10-26 00:00:00-04:00,28.528604028149264,28.983700006544613,28.211414115262684,28.25278663635254,920900,0.0,0.0
2022-10-27 00:00:00-04:00,28.482633403809846,28.914746788781958,28.317143320509295,28.76764488220215,578700,0.0,0.0
2022-10-28 00:00:00-04:00,28.99749340689823,29.061850275326567,28.37230939314901,28.59296226501465,616600,0.0,0.0
2022-10-31 00:00:00-04:00,28.344724215888252,28.933131813773873,28.21141257149449,28.42746925354004,6539900,0.0,0.0
2022-11-01 00:00:00-04:00,28.519406475179224,28.519406475179224,27.08975834114006,27.60921287536621,433200,0.0,0.0
2022-11-02 00:00:00-04:00,27.55405304779505,27.783900008748407,26.588696513228204,26.625471115112305,363700,0.0,0.0
2022-11-03 00:00:00-04:00,26.239325941499224,26.436992684761805,25.108477731658517,25.733661651611328,530700,0.0,0.0
2022-11-04 00:00:00-04:00,26.0738381962362,26.85531641218488,25.752052120119842,26.827735900878906,287200,0.0,0.0
2022-11-07 00:00:00-05:00,26.947257431851124,27.756319723044953,26.51514577301355,27.51727867126465,354500,0.0,0.0
2022-11-08 00:00:00-05:00,27.50808155222915,27.97696951519585,26.781764387949462,27.37936782836914,351000,0.0,0.0
2022-11-09 00:00:00-05:00,27.17709964291236,27.351783795130963,25.85318263104582,26.046253204345703,303400,0.0,0.0
2022-11-10 00:00:00-05:00,27.06677966084858,28.81361628100972,27.06677966084858,28.271177291870117,600800,0.0,0.0
2022-11-11 00:00:00-05:00,28.363121255395985,31.544204771160345,28.363121255395985,31.056926727294922,437800,0.0,0.0
2022-11-14 00:00:00-05:00,30.90062636929311,31.728073334523973,30.238665991359348,30.937402725219727,450500,0.0,0.0
2022-11-15 00:00:00-05:00,31.305157016857805,31.73727044833806,30.220279023872074,30.588035583496094,580800,0.0,0.0
2022-11-16 00:00:00-05:00,30.440932489881853,30.886836161434417,29.466380099404223,29.78816795349121,336100,0.0,0.0
2022-11-17 00:00:00-05:00,29.29169914622915,29.447993406265606,28.675709181170067,29.052658081054688,268100,0.0,0.0
2022-11-18 00:00:00-05:00,29.80655080403664,30.33060507684982,28.99749206489888,29.30088996887207,328200,0.0,0.0
2022-11-21 00:00:00-05:00,29.135401311154013,29.93526950821713,28.951523040640403,29.254920959472656,226000,0.0,0.0
2022-11-22 00:00:00-05:00,29.25491622734087,30.045590207623444,29.089426161366113,30.008813858032227,224700,0.0,0.0
2022-11-23 00:00:00-05:00,29.843329025840042,30.61561496676688,29.641066081987873,30.3214111328125,246000,0.0,0.0
2022-11-25 00:00:00-05:00,30.40415216506858,30.450120850455782,30.23866209192595,30.376571655273438,98800,0.0,0.0
2022-11-28 00:00:00-05:00,30.23866586780833,30.597226568661974,29.029672105947853,29.429603576660156,255100,0.0,0.0
2022-11-29 00:00:00-05:00,29.374440840602983,30.2662446195659,29.071042937478328,30.01801300048828,327100,0.0,0.0
2022-11-30 00:00:00-05:00,30.16511517568793,30.689165944502477,28.749257112805818,30.266244888305664,1178700,0.0,0.0
2022-12-01 00:00:00-05:00,30.486900966261544,31.33273961201366,30.128340265904896,30.578838348388672,255400,0.0,0.0
2022-12-02 00:00:00-05:00,30.155917057030326,31.19942410202578,29.88010143750591,31.038528442382812,175900,0.0,0.0
2022-12-05 00:00:00-05:00,30.974176579424206,31.489035057550847,30.61561586546616,31.102893829345703,208200,0.0,0.0
2022-12-06 00:00:00-05:00,30.98337294365744,31.185635896850386,29.291699066702765,29.613483428955078,237300,0.0,0.0
2022-12-07 00:00:00-05:00,29.687036177513797,30.95119454192104,29.503157895799077,29.870914459228516,297500,0.0,0.0
2022-12-08 00:00:00-05:00,29.87091243418759,30.49609293813631,29.300891202390055,29.539932250976562,390100,0.0,0.0
2022-12-09 00:00:00-05:00,29.53073481609591,29.70542074069627,29.052654498296857,29.35605239868164,296400,0.0,0.0
2022-12-12 00:00:00-05:00,29.604286475337677,31.01094862117692,29.31927500809517,30.928203582763672,264800,0.0,0.0
2022-12-13 00:00:00-05:00,31.663716465294044,33.015217734515424,31.443065344106678,32.61988067626953,684200,0.0,0.0
2022-12-14 00:00:00-05:00,32.537136090557674,33.68637092567026,32.031473464545414,32.307289123535156,390200,0.0,0.0
2022-12-15 00:00:00-05:00,31.89355931616637,32.12340625028826,30.063979684580232,30.376571655273438,477400,0.0,0.0
2022-12-16 00:00:00-05:00,29.88010523549629,31.608555381900253,29.31927808377255,30.909818649291992,1461000,0.0,0.0
2022-12-19 00:00:00-05:00,30.790298958598758,30.88223633570471,29.806550786197214,29.86171531677246,394300,0.0,0.0
2022-12-20 00:00:00-05:00,26.579500822819213,27.48969452291989,22.166440139859613,25.191225051879883,2827600,0.0,0.0
2022-12-21 00:00:00-05:00,25.19122615812338,26.234731554231043,24.15231868317182,25.788827896118164,1389700,0.0,0.0
2022-12-22 00:00:00-05:00,25.154451026479318,27.259848198149097,25.016541452194055,25.669307708740234,798400,0.0,0.0
2022-12-23 00:00:00-05:00,25.53140261040432,25.963514295606412,23.885697414366263,25.301555633544922,667700,0.0,0.0
2022-12-27 00:00:00-05:00,25.209616199701824,25.595759186490863,24.657983110918448,24.667177200317383,441700,0.0,0.0
2022-12-28 00:00:00-05:00,24.593622370371364,25.255580920635555,23.614473923311294,23.747785568237305,922200,0.0,0.0
2022-12-29 00:00:00-05:00,23.868004329749077,24.774268542296596,23.6738059895263,24.006717681884766,1062500,0.15,0.0
2022-12-30 00:00:00-05:00,23.766281377343407,23.766281377343407,21.852030829937398,23.387130737304688,1143700,0.0,0.0
2023-01-03 00:00:00-05:00,23.609076125520435,23.90499845031693,23.155944845196277,23.405628204345703,752700,0.0,0.0
2023-01-04 00:00:00-05:00,23.535094557903516,24.820507763801814,23.294657238124678,24.617061614990234,510700,0.0,0.0
2023-01-05 00:00:00-05:00,24.385872647626382,24.848251712312358,23.10045764839078,23.2484188079834,850400,0.0,0.0
2023-01-06 00:00:00-05:00,22.314414056186433,24.043712624912306,21.5838560128551,23.165191650390625,678900,0.0,0.0
2023-01-09 00:00:00-05:00,23.461113599999603,23.52584638430825,22.573344913354493,22.665821075439453,726000,0.0,0.0
2023-01-10 00:00:00-05:00,23.08196209017178,23.08196209017178,22.2959190903316,22.693565368652344,584500,0.0,0.0
2023-01-11 00:00:00-05:00,22.665821671257714,22.813782828948682,22.10634343349897,22.17569923400879,540900,0.0,0.0
2023-01-12 00:00:00-05:00,22.20344024867786,22.49936253255514,21.301800827352068,21.42664337158203,761000,0.0,0.0
2023-01-13 00:00:00-05:00,21.324921595025696,21.4543889302732,20.631353010174227,21.334169387817383,641000,0.0,0.0
2023-01-17 00:00:00-05:00,21.149219210641004,21.94451000308706,20.62210559488242,21.79654884338379,771900,0.0,0.0
2023-01-18 00:00:00-05:00,21.879776643791338,22.26817511881043,21.593102124845565,21.999996185302734,691500,0.0,0.0
2023-01-19 00:00:00-05:00,21.82429199830242,22.17569930803246,21.491378510468387,21.58385467529297,557900,0.0,0.0
2023-01-20 00:00:00-05:00,21.80579520740765,22.03698472477365,21.093731070599723,21.935260772705078,674400,0.0,0.0
2023-01-23 00:00:00-05:00,22.01848970468081,22.712058274563894,21.556110658092088,22.665821075439453,556300,0.0,0.0
2023-01-24 00:00:00-05:00,22.665822641049417,22.665822641049417,21.63009272906121,21.91676902770996,612300,0.0,0.0
2023-01-25 00:00:00-05:00,21.731811375999637,23.377881127971126,21.47287852036855,23.313146591186523,891500,0.0,0.0
2023-01-26 00:00:00-05:00,23.507348515982653,24.912981104411546,23.498100724288733,24.857494354248047,1367400,0.0,0.0
2023-01-27 00:00:00-05:00,24.811259448525995,25.560313006476505,24.395117603089002,25.33837127685547,797400,0.0,0.0
2023-01-30 00:00:00-05:00,25.05169614333603,25.060943935654247,23.794024609435205,24.35812759399414,914300,0.0,0.0
2023-01-31 00:00:00-05:00,24.35812643664401,24.977714381837156,23.76628186708732,24.40436363220215,13478800,0.0,0.0
2023-02-01 00:00:00-05:00,24.35812838380863,25.588056580635342,23.75703597432239,25.301382064819336,580700,0.0,0.0
2023-02-02 00:00:00-05:00,25.458591330072217,27.243372995617555,25.40310457366977,26.64228057861328,542800,0.0,0.0
2023-02-03 00:00:00-05:00,26.281626522824013,27.271117454682337,25.523325126963844,26.041189193725586,652200,0.0,0.0
2023-02-06 00:00:00-05:00,25.874731656907883,26.49431966505079,25.449343770278848,26.300121307373047,452300,0.0,0.0
2023-02-07 00:00:00-05:00,26.05043597400225,26.70701338406836,25.7267702834215,26.355606079101562,369500,0.0,0.0
2023-02-08 00:00:00-05:00,26.152159443517657,26.79024125622507,26.152159443517657,26.50356674194336,395200,0.0,0.0
2023-02-09 00:00:00-05:00,26.81798379995749,27.14164947444832,25.35686613244428,25.560312271118164,433300,0.0,0.0
2023-02-10 00:00:00-05:00,25.64354468279805,26.392600101189913,25.403107337073834,26.364856719970703,590400,0.0,0.0
2023-02-13 00:00:00-05:00,26.078178638148326,26.82723219127484,26.078178638148326,26.29087257385254,456400,0.0,0.0
2023-02-14 00:00:00-05:00,28.482546220010363,29.98990277557141,27.714997136401394,29.592256546020508,2746000,0.0,0.0
2023-02-15 00:00:00-05:00,29.620000653936717,30.692719903027722,29.398060686633574,30.304323196411133,830700,0.0,0.0
2023-02-16 00:00:00-05:00,30.803695947943396,31.330807823233332,28.68599888957648,28.70449447631836,841900,0.0,0.0
2023-02-17 00:00:00-05:00,29.05590120352093,29.583013067895024,28.51029375278797,29.444299697875977,932800,0.0,0.0
2023-02-21 00:00:00-05:00,29.32407911765377,30.19335400754433,28.82471065040456,28.8617000579834,677100,0.0,0.0
2023-02-22 00:00:00-05:00,29.046652480886618,29.70322990109071,28.861700150888655,29.166872024536133,447100,0.0,0.0
2023-02-23 00:00:00-05:00,29.37956406123157,29.860438676925956,29.083641763523033,29.721723556518555,510700,0.0,0.0
2023-02-24 00:00:00-05:00,29.154976485702125,29.861088321099537,28.578939049000702,29.071359634399414,479400,0.15,0.0
2023-02-27 00:00:00-05:00,29.387252807617188,29.84250881557135,29.117816374059615,29.387252807617188,405600,0.0,0.0
2023-02-28 00:00:00-05:00,29.16426674123378,30.195561883402558,28.755466563959835,29.684560775756836,611600,0.0,0.0
2023-03-01 00:00:00-05:00,29.740308326535196,30.195566113547297,29.298989931791887,30.158401489257812,382900,0.0,0.0
2023-03-02 00:00:00-05:00,29.89825340848938,30.72514672833904,29.48016028490997,29.731016159057617,469300,0.0,0.0
2023-03-03 00:00:00-05:00,29.86109165263195,29.92148505329586,29.26647183947552,29.48945426940918,381400,0.0,0.0
2023-03-06 00:00:00-05:00,29.433708135543345,29.452290447119175,28.086520672110705,28.31879425048828,493100,0.0,0.0
2023-03-07 00:00:00-05:00,28.346668704697375,29.238598426107167,28.207304907240452,28.969161987304688,415000,0.0,0.0
2023-03-08 00:00:00-05:00,29.062067405801738,29.062067405801738,28.253754666739052,28.64397430419922,297000,0.0,0.0
2023-03-09 00:00:00-05:00,28.65326497680825,28.941283679673617,28.198009036115717,28.281627655029297,516200,0.0,0.0
2023-03-10 00:00:00-05:00,28.272336953186667,28.425636575578608,27.575516299153236,28.123682022094727,377300,0.0,0.0
2023-03-13 00:00:00-04:00,27.63126281596978,28.439575594180283,26.92515097245776,26.980897903442383,546500,0.0,0.0
2023-03-14 00:00:00-04:00,27.779918212086272,28.29092112189139,27.203880759274217,27.714881896972656,362100,0.0,0.0
2023-03-15 00:00:00-04:00,27.045931917269073,27.956443780633766,26.906566373766996,27.882116317749023,558300,0.0,0.0
2023-03-16 00:00:00-04:00,27.519772034827522,27.98431915257061,26.953023984106835,27.436153411865234,343400,0.0,0.0
2023-03-17 00:00:00-04:00,27.194588634742836,28.253755493659785,27.0691607005911,27.696298599243164,2255900,0.0,0.0
2023-03-20 00:00:00-04:00,27.752042680968344,28.1050976736711,27.398985916159152,27.56622314453125,334000,0.0,0.0
2023-03-21 00:00:00-04:00,27.75204656002346,28.904123239488758,27.733464249361113,28.866958618164062,363300,0.0,0.0
2023-03-22 00:00:00-04:00,28.811211822378265,28.931993290612166,27.18529694598292,27.22245979309082,419700,0.0,0.0
2023-03-23 00:00:00-04:00,27.464026027556784,27.89141031173573,27.14813383510916,27.343244552612305,244700,0.0,0.0
2023-03-24 00:00:00-04:00,27.10167842283455,28.290919660398554,26.96231464448958,28.225881576538086,379600,0.0,0.0
2023-03-27 00:00:00-04:00,28.643974290999473,29.122457239863426,28.08651741315519,28.346664428710938,263700,0.0,0.0
2023-03-28 00:00:00-04:00,28.17013438631617,28.49067300269054,26.962312698364258,26.962312698364258,548700,0.0,0.0
2023-03-29 00:00:00-04:00,27.389700030755527,27.389700030755527,26.09361303366546,26.12613296508789,432600,0.0,0.0
2023-03-30 00:00:00-04:00,26.4606066645016,26.730044876631286,25.847404535228268,25.95889663696289,311100,0.0,0.0
2023-03-31 00:00:00-04:00,26.16329581626002,26.36769592797368,25.96818686036609,26.12613296508789,656700,0.0,0.0
2023-04-03 00:00:00-04:00,26.181876623559617,26.414150189386646,25.289945209288362,25.336400985717773,363800,0.0,0.0
2023-04-04 00:00:00-04:00,25.382858338431422,25.512930985379015,24.463055109072947,25.42002296447754,498300,0.0,0.0
2023-04-05 00:00:00-04:00,25.364271269671402,26.47918503251465,24.95082462901656,26.367692947387695,477300,0.0,0.0
2023-04-06 00:00:00-04:00,26.748622338628188,26.86011264803951,25.72661838445632,26.349111557006836,291200,0.0,0.0
2023-04-10 00:00:00-04:00,26.144711528614017,26.897279144172142,25.96818489770135,26.83224105834961,345800,0.0,0.0
2023-04-11 00:00:00-04:00,26.980897902777826,27.250334314103593,26.76720487822201,27.129552841186523,288600,0.0,0.0
2023-04-12 00:00:00-04:00,27.31536804181202,27.31536804181202,26.33981987936057,26.395565032958984,279700,0.0,0.0
2023-04-13 00:00:00-04:00,26.562805177222405,26.776496432859595,26.21439482785916,26.48847770690918,239300,0.0,0.0
2023-04-14 00:00:00-04:00,26.572096338373356,26.785787594057577,25.94960310982308,26.1911678314209,258200,0.0,0.0
2023-04-17 00:00:00-04:00,26.191166388946776,26.516349718269296,26.023929146889106,26.330530166625977,151000,0.0,0.0
2023-04-18 00:00:00-04:00,26.432732020821497,26.627840961968325,26.079675214784416,26.6092586517334,189300,0.0,0.0
2023-04-19 00:00:00-04:00,26.609261489383204,27.194591919457448,26.50706231640571,27.148136138916016,235800,0.0,0.0
2023-04-20 00:00:00-04:00,26.980901228538514,27.31537399513304,26.507062889413827,27.21317481994629,213600,0.0,0.0
2023-04-21 00:00:00-04:00,27.26891747241617,27.51977335332173,26.832242026667963,27.371116638183594,247000,0.0,0.0
2023-04-24 00:00:00-04:00,27.30607698743055,27.417569067141773,26.553511208725887,26.730039596557617,265200,0.0,0.0
2023-04-25 00:00:00-04:00,26.525642469863023,26.776498364809655,25.13200097185747,25.708040237426758,396500,0.0,0.0
2023-04-26 00:00:00-04:00,25.689459414884247,25.90315069832869,24.788238498548832,25.42002296447754,294800,0.0,0.0
2023-04-27 00:00:00-04:00,25.45718153909429,25.698746251466574,25.2341991366214,25.503637313842773,238200,0.0,0.0
2023-04-28 00:00:00-04:00,25.550092233193887,26.042512830555662,25.22026419512553,25.782365798950195,285100,0.0,0.0
2023-05-01 00:00:00-04:00,25.698748164165693,27.055226761968648,25.48505690073795,26.878698348999023,295300,0.0,0.0
2023-05-02 00:00:00-04:00,26.804371307872078,26.9065704773587,26.116841728304664,26.31195068359375,226200,0.0,0.0
2023-05-03 00:00:00-04:00,26.321237623105574,27.603386791056305,26.321237623105574,26.990184783935547,291400,0.0,0.0
2023-05-04 00:00:00-04:00,26.86940574721256,26.86940574721256,25.526864841182043,26.49776840209961,315200,0.0,0.0
2023-05-05 00:00:00-04:00,26.980897835600565,28.067936405467634,26.07317164873389,27.092388153076172,383200,0.0,0.0
2023-05-08 00:00:00-04:00,26.93444160498738,27.389697566554787,26.67894104530553,27.250333786010742,210100,0.0,0.0
2023-05-09 00:00:00-04:00,27.083094181168327,27.40363279781315,26.42343818374277,27.18529510498047,212100,0.0,0.0
2023-05-10 00:00:00-04:00,27.64984413053518,27.64984413053518,26.96231462211159,27.482606887817383,141100,0.0,0.0
2023-05-11 00:00:00-04:00,27.138840230644494,27.612678476554393,26.84153037566727,26.869403839111328,322300,0.0,0.0
2023-05-12 00:00:00-04:00,29.164267567606693,29.73101561993584,26.042512132545934,28.51390266418457,805200,0.0,0.0
2023-05-15 00:00:00-04:00,28.616100529585403,28.616100529585403,26.609257207879754,26.674293518066406,456000,0.0,0.0
2023-05-16 00:00:00-04:00,26.488475360839352,26.943731297699422,25.6290621785971,26.795076370239258,434800,0.0,0.0
2023-05-17 00:00:00-04:00,26.850825885781727,27.333955364544302,25.643003960982096,25.96818733215332,369500,0.0,0.0
2023-05-18 00:00:00-04:00,25.79165553128725,26.655713431767026,25.31781727063361,26.442020416259766,530100,0.0,0.0
2023-05-19 00:00:00-04:00,26.72075416326201,26.72075416326201,24.909019441773648,25.132001876831055,479300,0.0,0.0
2023-05-22 00:00:00-04:00,25.066961813383216,25.382853992259015,24.713906786931407,24.94618034362793,351300,0.0,0.0
2023-05-23 00:00:00-04:00,24.918305686304503,26.93444013282471,24.676740986248333,26.646421432495117,558800,0.0,0.0
2023-05-24 00:00:00-04:00,26.38627958258225,26.497771685986752,25.354986043598227,25.98676872253418,349700,0.0,0.0
2023-05-25 00:00:00-04:00,25.687851632377253,26.332383681291184,24.959250108315356,25.426301956176758,328500,0.15,0.0
2023-05-26 00:00:00-04:00,25.202118134753857,25.986765408212506,24.86584200445834,25.127389907836914,288600,0.0,0.0
2023-05-30 00:00:00-04:00,24.669680034984346,25.706535773500896,24.65099753227955,25.557079315185547,282300,0.0,0.0
2023-05-31 00:00:00-04:00,25.46366679960879,26.070833841690895,25.113377915908185,25.846649169921875,511100,0.0,0.0
2023-06-01 00:00:00-04:00,25.818624513873672,25.818624513873672,24.697701194274003,25.108705520629883,480900,0.0,0.0
2023-06-02 00:00:00-04:00,25.30487089629282,25.74389902027921,24.6323168332721,25.53839683532715,297100,0.0,0.0
2023-06-05 00:00:00-04:00,25.388938466009684,25.388938466009684,24.225978593216457,24.48285675048828,428000,0.0,0.0
2023-06-06 00:00:00-04:00,24.44549449739054,25.706534879525947,24.412801009624857,25.36558723449707,370500,0.0,0.0
2023-06-07 00:00:00-04:00,25.370256503708468,26.491181663187827,25.295528278520607,26.351064682006836,472600,0.0,0.0
2023-06-08 00:00:00-04:00,26.154905937903212,26.154905937903212,24.417472330467938,24.622976303100586,523400,0.0,0.0
2023-06-09 00:00:00-04:00,24.53890522202995,25.622465397789387,23.772940454509808,23.819644927978516,454500,0.0,0.0
2023-06-12 00:00:00-04:00,23.782279531633023,25.02463917268332,23.128408005548128,23.277864456176758,510000,0.0,0.0
2023-06-13 00:00:00-04:00,23.27786488354469,24.151251367002118,23.27786488354469,23.78227996826172,359900,0.0,0.0
2023-06-14 00:00:00-04:00,23.885032972426593,24.11855891354404,23.2124789034065,23.46468734741211,415500,0.0,0.0
2023-06-15 00:00:00-04:00,23.464687112515065,24.57626929831013,23.221819922384796,24.557588577270508,401300,0.0,0.0
2023-06-16 00:00:00-04:00,24.82847726688997,24.82847726688997,22.51190042591732,23.343252182006836,2579700,0.0,0.0
2023-06-20 00:00:00-04:00,23.324569187637294,23.880362039886048,22.96026930789616,23.165771484375,438200,0.0,0.0
2023-06-21 00:00:00-04:00,22.997633944918377,23.28720559389664,22.661356041807213,22.988292694091797,267900,0.0,0.0
2023-06-22 00:00:00-04:00,22.95092916043858,23.446004795980702,22.638005255186627,23.13775062561035,303200,0.0,0.0
2023-06-23 00:00:00-04:00,22.885540379256035,23.17978354014023,22.36244281230966,22.390464782714844,1754000,0.0,0.0
2023-06-26 00:00:00-04:00,22.250351341483995,22.47827217496098,21.951438422498793,22.138259887695312,295800,0.0,0.0
2023-06-27 00:00:00-04:00,22.016825572122183,22.077542816032697,21.624501917486228,21.736595153808594,321800,0.0,0.0
2023-06-28 00:00:00-04:00,21.633842170102756,21.722581382750413,21.353611764728022,21.40031623840332,192100,0.0,0.0
2023-06-29 00:00:00-04:00,21.21349469653266,21.372292400727083,20.681055859428252,21.09206199645996,891200,0.0,0.0
2023-06-30 00:00:00-04:00,21.325588655279002,21.535762356485275,20.129935207486717,20.1766414642334,782600,0.0,0.0
2023-07-03 00:00:00-04:00,20.083230381920224,20.10191288429286,19.494745810474083,19.616178512573242,597000,0.0,0.0
2023-07-05 00:00:00-04:00,19.429356711792856,19.457380464860872,18.85955465270154,19.42001724243164,726500,0.0,0.0
2023-07-06 00:00:00-04:00,19.354629845804716,19.56013381942646,18.89691920348782,18.934284210205078,537500,0.0,0.0
2023-07-07 00:00:00-04:00,18.868897798099184,19.24627511266298,18.710100078093912,19.03703498840332,387700,0.0,0.0
2023-07-10 00:00:00-04:00,18.96230560313045,19.644202701554317,18.73812091467413,19.46672248840332,337200,0.0,0.0
2023-07-11 00:00:00-04:00,19.45737941834759,19.66288158480908,18.96697534683313,19.102420806884766,367300,0.0,0.0
2023-07-12 00:00:00-04:00,19.307921519425882,19.6628801041597,18.86889346800172,18.896915435791016,380300,0.0,0.0
2023-07-13 00:00:00-04:00,18.86889472318949,19.415344511366158,18.775484000468484,19.13978385925293,425400,0.0,0.0
2023-07-14 00:00:00-04:00,19.139786373195996,20.00850317977994,19.055716889870997,19.933774948120117,1617800,0.0,0.0
2023-07-17 00:00:00-04:00,19.831022051854557,19.957126271057902,18.673667214050138,18.887577056884766,786200,0.0,0.0
2023-07-18 00:00:00-04:00,18.77548603852371,19.05571645544404,18.58866457280246,18.738121032714844,526400,0.0,0.0
2023-07-19 00:00:00-04:00,18.7661446917458,18.868896675536693,18.22903431677171,18.448549270629883,690400,0.0,0.0
2023-07-20 00:00:00-04:00,18.457889556884766,18.784826212310165,18.448548305968448,18.457889556884766,362200,0.0,0.0
2023-07-21 00:00:00-04:00,18.53261793273894,19.130443742936503,18.457889706464247,19.093080520629883,580100,0.0,0.0
2023-07-24 00:00:00-04:00,19.177148521638046,19.391991932931447,18.61668597689156,18.92494010925293,463000,0.0,0.0
2023-07-25 00:00:00-04:00,18.915598909316852,19.868385059755234,18.85021193889367,19.578811645507812,679700,0.0,0.0
2023-07-26 00:00:00-04:00,19.59749625671454,20.167300114617007,19.59749625671454,19.887069702148438,757000,0.0,0.0
2023-07-27 00:00:00-04:00,19.95245787026543,20.157960066228174,19.746953892641066,19.803001403808594,584500,0.0,0.0
2023-07-28 00:00:00-04:00,19.8030011834965,20.503579030341967,19.690907944070123,19.877729415893555,508400,0.0,0.0
2023-07-31 00:00:00-04:00,19.84036421312994,20.51291829806836,19.84036421312994,19.933774948120117,419000,0.0,0.0
2023-08-01 00:00:00-04:00,19.812341865348237,19.98048084394067,19.550793926792643,19.774978637695312,423600,0.0,0.0
2023-08-02 00:00:00-04:00,19.569474060785183,19.807669730494737,19.403202283803783,19.597496032714844,565100,0.0,0.0
2023-08-03 00:00:00-04:00,19.541450530553124,20.064548131936494,19.387322556532354,19.887069702148438,468600,0.0,0.0
2023-08-04 00:00:00-04:00,19.840363038650985,20.344779908741298,19.840363038650985,20.01784324645996,522100,0.0,0.0
2023-08-07 00:00:00-04:00,20.03652529936747,20.38214267446131,19.9431145720016,20.18598175048828,566800,0.0,0.0
2023-08-08 00:00:00-04:00,22.128917838057955,22.184963562930676,20.176640901987138,20.70907974243164,2130400,0.0,0.0
2023-08-09 00:00:00-04:00,20.615669833931417,20.69973931541811,19.98982023934243,20.08323097229004,1296800,0.0,0.0
2023-08-10 00:00:00-04:00,20.24202856130226,20.447530747214117,19.429357505736153,19.448040008544922,1148900,0.0,0.0
2023-08-11 00:00:00-04:00,20.428851015308158,20.699740192506642,19.335949491334283,19.457382202148438,826400,0.0,0.0
2023-08-14 00:00:00-04:00,19.354629909345032,19.658214354103855,18.990330000963716,19.242538452148438,628700,0.0,0.0
2023-08-15 00:00:00-04:00,19.139787047050294,19.33594977560212,18.233706983566876,18.383163452148438,472400,0.0,0.0
2023-08-16 00:00:00-04:00,18.252387709160157,18.406513897890864,17.607855637662695,17.63587760925293,571000,0.0,0.0
2023-08-17 00:00:00-04:00,17.607855553502795,17.790005494614586,17.271577642735508,17.32762336730957,595800,0.0,0.0
2023-08-18 00:00:00-04:00,17.299601460585194,17.402351659078533,16.776502090398417,17.000688552856445,550600,0.0,0.0
2023-08-21 00:00:00-04:00,16.897934347336818,17.178164716012358,16.02921771011692,16.038558959960938,545800,0.0,0.0
2023-08-22 00:00:00-04:00,16.075925802983612,16.40286249460725,16.057245080744092,16.094608306884766,747600,0.0,0.0
2023-08-23 00:00:00-04:00,16.11328970313766,16.860571991198277,16.019878971714704,16.48693084716797,525800,0.0,0.0
2023-08-24 00:00:00-04:00,16.27966826382146,16.420984463609567,15.723822987312998,15.9593505859375,520600,0.15,0.0
2023-08-25 00:00:00-04:00,16.09124571392809,16.49635347730952,15.97819167419697,16.14777183532715,353300,0.0,0.0
2023-08-28 00:00:00-04:00,16.17603353343839,16.515193808291578,16.171323772702205,16.4398250579834,451900,0.0,0.0
2023-08-29 00:00:00-04:00,16.5057735614725,17.193513677300636,16.270245976851943,17.06161880493164,652700,0.0,0.0
2023-08-30 00:00:00-04:00,17.02393390116857,17.608043114452155,17.02393390116857,17.2877254486084,432700,0.0,0.0
2023-08-31 00:00:00-04:00,17.297148619507574,17.391358227955045,16.896750595873435,17.268884658813477,625200,0.0,0.0
2023-09-01 00:00:00-04:00,17.353673634801474,17.881254955505923,17.118146034870364,17.184093475341797,411700,0.0,0.0
2023-09-05 00:00:00-04:00,16.882618137130823,17.56093696607104,16.741301939051564,17.01451301574707,467100,0.0,0.0
2023-09-06 00:00:00-04:00,17.023934451452156,17.05219841003418,16.62824801596865,17.05219841003418,530400,0.0,0.0
2023-09-07 00:00:00-04:00,16.486932901454242,16.595275387746113,14.626264400332076,14.800555229187012,1016300,0.0,0.0
2023-09-08 00:00:00-04:00,14.762870226602905,15.29045155413469,14.322904657050346,15.017239570617676,1003200,0.0,0.0
2023-09-11 00:00:00-04:00,15.497715447951448,16.161903150181775,15.18681911492731,15.23392391204834,672800,0.0,0.0
2023-09-12 00:00:00-04:00,15.394080756005563,15.959347233344992,15.290448059362431,15.742660522460938,590000,0.0,0.0
2023-09-13 00:00:00-04:00,15.629611940211321,16.270247310396343,15.351689295702613,15.620190620422363,504300,0.0,0.0
2023-09-14 00:00:00-04:00,15.808613271091863,16.145888609804526,15.483584030747975,15.535400390625,375600,0.0,0.0
2023-09-15 00:00:00-04:00,15.55424278048532,15.563664100032994,14.941870486883642,15.346979141235352,1362900,0.0,0.0
2023-09-18 00:00:00-04:00,15.299872485555806,15.422347842278805,14.941870430298243,15.328136444091797,351600,0.0,0.0
2023-09-19 00:00:00-04:00,15.262189062239237,15.836875179183727,15.17739898324312,15.346979141235352,375100,0.0,0.0
2023-09-20 00:00:00-04:00,15.43176741373773,15.601347571624897,14.7911329588229,14.819396018981934,415300,0.0,0.0
2023-09-21 00:00:00-04:00,14.715762839052543,14.932448676151342,14.357760815755778,14.583867073059082,361400,0.0,0.0
2023-09-22 00:00:00-04:00,14.649815885433021,14.701631342888433,14.282392531423145,14.291813850402832,488300,0.0,0.0
2023-09-25 00:00:00-04:00,14.244709312921625,14.659238397089622,14.1881831913774,14.414289474487305,354800,0.0,0.0
2023-09-26 00:00:00-04:00,14.414287436292502,14.4802348682579,14.131654173136498,14.338918685913086,707900,0.0,0.0
2023-09-27 00:00:00-04:00,14.414287436292502,14.649815005844777,14.028022365981393,14.338918685913086,551200,0.0,0.0
2023-09-28 00:00:00-04:00,14.320076622878332,14.781710462066137,13.85844278369053,14.131654739379883,644600,0.0,0.0
2023-09-29 00:00:00-04:00,14.25412928246187,14.513209261675938,14.065707397718327,14.178760528564453,372400,0.0,0.0
2023-10-02 00:00:00-04:00,14.084550438763538,14.301236300096223,13.707706634445607,13.839601516723633,479800,0.0,0.0
2023-10-03 00:00:00-04:00,13.688862963447095,13.75481129808295,11.983643754325254,12.124959945678711,675200,0.0,0.0
2023-10-04 00:00:00-04:00,12.077854942006788,12.558331457720897,12.077854942006788,12.530068397521973,595200,0.0,0.0
2023-10-05 00:00:00-04:00,12.50180503139647,13.029386335043062,12.388750996434311,12.916333198547363,587400,0.0,0.0
2023-10-06 00:00:00-04:00,12.746753604620858,13.307309550532494,12.481078856953067,13.246072769165039,388300,0.0,0.0
2023-10-09 00:00:00-04:00,13.189545729658578,13.849022836448206,13.147150689364498,13.839601516723633,547200,0.0,0.0
2023-10-10 00:00:00-04:00,13.839601108595618,14.169340101499722,13.65117921199319,14.141077041625977,633600,0.0,0.0
2023-10-11 00:00:00-04:00,14.13165584689153,14.244708985850684,13.660600651995145,14.2352876663208,470700,0.0,0.0
2023-10-12 00:00:00-04:00,14.169340435684585,14.781711838701918,14.04686597538782,14.357762336730957,550500,0.0,0.0
2023-10-13 00:00:00-04:00,14.367183774222783,14.744027579405959,14.207024932403307,14.414289474487305,483400,0.0,0.0
2023-10-16 00:00:00-04:00,14.546183283067085,15.158555544359059,14.386025351539192,14.89476490020752,649400,0.0,0.0
2023-10-17 00:00:00-04:00,14.828817151150329,15.243346221088517,14.596116131899459,14.687500953674316,557700,0.0,0.0
2023-10-18 00:00:00-04:00,14.20702508061774,14.828817814890071,14.20702508061774,14.517921447753906,613900,0.0,0.0
2023-10-19 00:00:00-04:00,14.546183398386292,15.139713026282463,14.404867205372822,14.433130264282227,973500,0.0,0.0
2023-10-20 00:00:00-04:00,14.442550946006973,14.951290476256021,14.338919135601827,14.602709770202637,705500,0.0,0.0
2023-10-23 00:00:00-04:00,14.574448644755478,14.838239314328469,14.188183511121252,14.612133026123047,838900,0.0,0.0
2023-10-24 00:00:00-04:00,14.715763422097089,15.525977992101492,14.612131608010406,15.460030555725098,558700,0.0,0.0
2023-10-25 00:00:00-04:00,15.186817948356046,15.314001250199837,14.046863616877607,14.065706253051758,419500,0.0,0.0
2023-10-26 00:00:00-04:00,13.962075324690966,14.423710086471367,13.726547733392042,14.009181022644043,543900,0.0,0.0
2023-10-27 00:00:00-04:00,14.178760986278052,14.301235439931634,13.613494415333276,13.896127700805664,424200,0.0,0.0
2023-10-30 00:00:00-04:00,13.990339882451885,14.37660500499063,13.867865421908734,14.367183685302734,462500,0.0,0.0
2023-10-31 00:00:00-04:00,14.348340834533133,14.857081308586261,14.145787855026569,14.244709014892578,478000,0.0,0.0
2023-11-01 00:00:00-04:00,14.178760718045892,14.67807894390565,13.839600422508644,14.291813850402832,357300,0.0,0.0
2023-11-02 00:00:00-04:00,14.433130662695822,15.045502945746545,14.357761904545958,14.668658256530762,737000,0.0,0.0
2023-11-03 00:00:00-04:00,15.08318735537131,15.769985906637832,15.064344716562447,15.271608352661133,359800,0.0,0.0
2023-11-06 00:00:00-05:00,15.196238799216077,15.309292829220777,14.706341895883552,14.772290229797363,1111900,0.0,0.0
2023-11-07 00:00:00-05:00,14.838238349191572,14.847659668537295,14.517920679168675,14.630973815917969,534600,0.0,0.0
2023-11-08 00:00:00-05:00,14.630972598098905,14.630972598098905,14.150497031523738,14.461393356323242,539900,0.0,0.0
2023-11-09 00:00:00-05:00,14.574448280221155,14.574448280221155,13.556969110279303,13.820759773254395,330700,0.0,0.0
2023-11-10 00:00:00-05:00,13.87728613163276,14.056287615558148,13.415652238926679,13.952655792236328,446800,0.0,0.0
2023-11-13 00:00:00-05:00,13.952654812703578,14.480236110624611,13.783074660567163,13.962075233459473,292900,0.0,0.0
2023-11-14 00:00:00-05:00,14.499078581604323,15.31871447668608,14.414288506515444,14.979554176330566,832200,0.0,0.0
2023-11-15 00:00:00-05:00,14.913606629692708,15.889632281929089,14.913606629692708,15.460030555725098,555000,0.0,0.0
2023-11-16 00:00:00-05:00,15.507136281540845,15.62019031990024,15.111451639615408,15.450610160827637,310000,0.0,0.0
2023-11-17 00:00:00-05:00,15.582507171516736,15.86984933949576,15.436479409875187,15.667295455932617,451500,0.0,0.0
2023-11-20 00:00:00-05:00,15.469452707201253,15.75208510600402,15.243346428772444,15.384662628173828,601100,0.0,0.0
2023-11-21 00:00:00-05:00,15.092609070480192,16.524617312705953,15.008760583435429,16.072402954101562,1110100,0.0,0.0
2023-11-22 00:00:00-05:00,16.458667132932057,16.816670071460297,15.949928479408875,16.599985122680664,606600,0.0,0.0
2023-11-24 00:00:00-05:00,16.64709253641062,16.64709253641062,16.23256341502402,16.47751235961914,192800,0.0,0.0
2023-11-27 00:00:00-05:00,16.336194996217706,16.797828891180142,16.2890901935017,16.373878479003906,358600,0.0,0.0
2023-11-28 00:00:00-05:00,16.213718954170638,16.57172190875905,15.874560435584678,16.496353149414062,1532200,0.0,0.0
2023-11-29 00:00:00-05:00,16.73188073383644,17.174671970023688,16.7224594143091,17.05219841003418,557100,0.0,0.0
2023-11-30 00:00:00-05:00,17.193513075113966,17.589199475295274,17.023932932617292,17.278303146362305,534300,0.0,0.0
2023-12-01 00:00:00-05:00,17.10732621715021,17.753244423733488,16.98384089496466,17.496776580810547,748400,0.15,0.0
2023-12-04 00:00:00-05:00,17.34479657176576,17.800738209787283,17.23081025638487,17.781740188598633,679900,0.0,0.0
2023-12-05 00:00:00-05:00,17.78173967565831,17.843482336864863,17.14532047820508,17.15481948852539,303200,0.0,0.0
2023-12-06 00:00:00-05:00,17.22131190015708,17.516725162087212,16.736875023696214,16.74637222290039,280700,0.0,0.0
2023-12-07 00:00:00-05:00,16.698876927534567,17.00758840451031,16.290428565413134,16.537397384643555,525600,0.0,0.0
2023-12-08 00:00:00-05:00,16.53739752180776,17.306799203493142,16.53739752180776,17.002838134765625,330400,0.0,0.0
2023-12-11 00:00:00-05:00,16.955346420712484,17.29730174788202,16.61813969302749,16.755870819091797,579000,0.0,0.0
2023-12-12 00:00:00-05:00,16.850857736791653,16.850857736791653,16.20493955464222,16.233436584472656,320700,0.0,0.0
2023-12-13 00:00:00-05:00,16.138449583111665,17.10732693356065,16.100455352060294,17.012338638305664,391400,0.0,0.0
2023-12-14 00:00:00-05:00,17.430284944319908,17.85772952821684,16.888854050999907,16.99333953857422,591800,0.0,0.0
2023-12-15 00:00:00-05:00,17.145318229606563,17.705747082748342,16.375916612077457,16.480403900146484,2211300,0.0,0.0
2023-12-18 00:00:00-05:00,16.57539341731057,16.831859434477604,16.366418825562263,16.708375930786133,639200,0.0,0.0
2023-12-19 00:00:00-05:00,16.91734926954248,17.11682485809512,16.641885223709025,16.99333953857422,711500,0.0,0.0
2023-12-20 00:00:00-05:00,16.936346467522423,18.237681799734276,16.62288639651531,16.926847457885742,734000,0.0,0.0
2023-12-21 00:00:00-05:00,17.211812448383636,17.75324331971716,16.708375804147643,17.73424530029297,413000,0.0,0.0
2023-12-22 00:00:00-05:00,17.696250107600896,17.91472371792385,17.278304530789462,17.45878028869629,293500,0.0,0.0
2023-12-26 00:00:00-05:00,17.45877920005036,18.114196366648656,17.354293718238182,17.952716827392578,215900,0.0,0.0
2023-12-27 00:00:00-05:00,17.88622690503952,18.19018798705544,17.762743394877166,17.924222946166992,206100,0.0,0.0
2023-12-28 00:00:00-05:00,17.87672803273812,18.209186148165703,17.658256229821788,18.133195877075195,344400,0.0,0.0
2023-12-29 00:00:00-05:00,17.98121452331543,18.332668831839584,17.715247680627535,17.98121452331543,446200,0.0,0.0
2024-01-02 00:00:00-05:00,17.705746550815253,18.798109008808165,17.563265042479426,18.114194869995117,508500,0.0,0.0
2024-01-03 00:00:00-05:00,18.03820535242306,18.057203370781767,17.20231247389812,17.373291015625,538300,0.0,0.0
2024-01-04 00:00:00-05:00,17.496776580810547,17.867228923865266,17.354295049770343,17.496776580810547,294800,0.0,0.0
2024-01-05 00:00:00-05:00,17.287803805173038,17.620260107319815,17.240308753615665,17.32579803466797,182600,0.0,0.0
2024-01-08 00:00:00-05:00,17.3352982741011,18.361167907714844,17.287805030927284,18.361167907714844,438600,0.0,0.0
2024-01-09 00:00:00-05:00,18.199686768985213,18.285176048698425,17.506275332867784,17.544269561767578,302700,0.0,0.0
2024-01-10 00:00:00-05:00,17.525274442192433,17.73424724350397,17.344796861388673,17.477779388427734,222000,0.0,0.0
2024-01-11 00:00:00-05:00,17.51577534661178,17.587015209287244,16.68937953261867,16.694129943847656,381400,0.0,0.0
2024-01-12 00:00:00-05:00,16.869858562773594,16.907852797116494,16.366421822534004,16.385419845581055,281000,0.0,0.0
2024-01-16 00:00:00-05:00,16.22393731512868,16.53739739124808,16.100453811339584,16.366418838500977,346200,0.0,0.0
2024-01-17 00:00:00-05:00,16.071959779902333,16.299930622172077,15.706255987589028,15.938977241516113,372300,0.0,0.0
2024-01-18 00:00:00-05:00,16.05296009591551,16.33792497808326,15.639763100285936,16.166946411132812,233400,0.0,0.0
2024-01-19 00:00:00-05:00,16.252435705122586,16.299928946305762,15.90097956041362,16.081457138061523,233600,0.0,0.0
2024-01-22 00:00:00-05:00,16.15744523960071,16.47660506777263,16.071955967559113,16.128948211669922,362300,0.0,0.0
2024-01-23 00:00:00-05:00,16.23343935297897,16.318928645299025,15.692008376119421,15.938977241516113,282400,0.0,0.0
2024-01-24 00:00:00-05:00,16.204939405577733,16.423413008766293,15.934223965806936,16.024463653564453,271400,0.0,0.0
2024-01-25 00:00:00-05:00,16.223939091676133,16.413915684809183,15.929477002895862,16.071958541870117,230900,0.0,0.0
2024-01-26 00:00:00-05:00,16.119452698319765,16.603891407702836,16.06246044184857,16.432912826538086,456800,0.0,0.0
2024-01-29 00:00:00-05:00,16.432908674206622,16.580140595617834,15.891477845163214,16.014963150024414,493100,0.0,0.0
2024-01-30 00:00:00-05:00,15.976969812793381,16.309427935900764,15.943724181657744,16.2524356842041,461200,0.0,0.0
2024-01-31 00:00:00-05:00,16.27143246187196,16.727375926621832,16.14794894359144,16.28093147277832,329400,0.0,0.0
2024-02-01 00:00:00-05:00,16.27143078969574,16.774867445489345,16.138448274175158,16.6608829498291,210000,0.0,0.0
2024-02-02 00:00:00-05:00,16.451908377919995,16.451908377919995,16.133699697692467,16.233436584472656,332400,0.0,0.0
2024-02-05 00:00:00-05:00,16.147945508073025,16.261931802947373,15.550471799660427,15.739497184753418,367900,0.0,0.0
2024-02-06 00:00:00-05:00,15.748998083869196,16.717875365460586,15.66350880539049,16.52789878845215,315400,0.0,0.0
2024-02-07 00:00:00-05:00,16.575393167710374,16.82236017137437,16.37591758874996,16.584890365600586,256400,0.0,0.0
2024-02-08 00:00:00-05:00,16.556397669208966,16.945848065033353,16.29043079401746,16.869857788085938,339600,0.0,0.0
2024-02-09 00:00:00-05:00,16.936348247660874,17.088328794320393,13.924281365335467,15.440287590026855,1870800,0.0,0.0
2024-02-12 00:00:00-05:00,15.435538417944162,15.49253066788938,13.925230206263704,14.219693183898926,1152200,0.0,0.0
2024-02-13 00:00:00-05:00,14.001220590117125,14.039215725680009,13.231818868499863,13.53577995300293,989700,0.0,0.0
2024-02-14 00:00:00-05:00,13.659264421772594,14.200695332062708,13.260315043913934,13.81124496459961,499000,0.0,0.0
2024-02-15 00:00:00-05:00,13.98222284007315,14.219692653021998,13.839740408778576,14.039215087890625,452300,0.0,0.0
2024-02-16 00:00:00-05:00,13.925231005172735,13.982224164263206,13.611770894863977,13.754252433776855,452100,0.0,0.0
2024-02-20 00:00:00-05:00,13.478786587055057,13.868237852860963,13.431293347746838,13.583273887634277,495500,0.0,0.0
2024-02-21 00:00:00-05:00,13.47878566330184,14.21969210328914,13.412294408126856,14.20069408416748,302000,0.0,0.0
2024-02-22 00:00:00-05:00,14.219692993358121,14.238690107793476,13.735254345937745,14.010719299316406,312400,0.0,0.0
2024-02-23 00:00:00-05:00,13.963224203223012,14.195944500924599,13.62126801380188,14.096207618713379,381500,0.0,0.0
2024-02-26 00:00:00-05:00,14.105707602525312,14.257688141654464,13.478786519804357,13.839740753173828,550600,0.0,0.0
2024-02-27 00:00:00-05:00,13.839741706848145,14.156462489317459,13.573887730045824,13.839741706848145,667700,0.15,0.0
2024-02-28 00:00:00-05:00,13.686179457651892,13.72936873604472,13.268683404954084,13.45583724975586,402200,0.0,0.0
2024-02-29 00:00:00-05:00,13.59020360927936,13.897326565100803,13.494228143234462,13.705374717712402,560400,0.0,0.0
2024-03-01 00:00:00-05:00,13.676582803042814,13.945315401836524,13.590204238891602,13.590204238891602,280800,0.0,0.0
2024-03-04 00:00:00-05:00,13.542215569444492,13.657386679160341,13.311873350012796,13.331068992614746,251600,0.0,0.0
2024-03-05 00:00:00-05:00,13.24469071999818,13.407850024474213,12.918372111046118,12.927969932556152,262700,0.0,0.0
2024-03-06 00:00:00-05:00,13.091129237032185,13.196702527746648,12.831993548053086,12.927969932556152,258100,0.0,0.0
2024-03-07 00:00:00-05:00,13.100724841469415,13.465433784923098,12.985553740689074,13.340664863586426,285100,0.0,0.0
2024-03-08 00:00:00-05:00,13.50382389527625,13.590202448044943,13.0767309569183,13.215896606445312,291800,0.0,0.0
2024-03-11 00:00:00-04:00,13.139116984861685,13.38865486127363,13.091129706189031,13.187105178833008,225000,0.0,0.0
2024-03-12 00:00:00-04:00,13.148714806715683,13.398252683127627,13.062336240627035,13.187105178833008,251000,0.0,0.0
2024-03-13 00:00:00-04:00,13.18710482043241,13.705375287580013,13.18710482043241,13.427044868469238,235200,0.0,0.0
2024-03-14 00:00:00-04:00,13.340666623293707,13.340666623293707,12.688030299452128,13.19670295715332,371700,0.0,0.0
2024-03-15 00:00:00-04:00,12.86078637557247,13.283081378165424,12.4864804815681,12.697627067565918,1054500,0.0,0.0
2024-03-18 00:00:00-04:00,12.659235288860092,13.129518432468785,12.400100538376396,12.784004211425781,464500,0.0,0.0
2024-03-19 00:00:00-04:00,12.726419678130132,12.774407868197612,12.217746144832866,12.332918167114258,489700,0.0,0.0
2024-03-20 00:00:00-04:00,12.246540344833104,12.55846222608979,12.209109206515057,12.371309280395508,421500,0.0,0.0
2024-03-21 00:00:00-04:00,12.457686381347244,12.611248775106436,12.102575233582499,12.467284202575684,531400,0.0,0.0
2024-03-22 00:00:00-04:00,12.515272566699188,12.568059668887855,11.901025729053714,11.910623550415039,249300,0.0,0.0
2024-03-25 00:00:00-04:00,11.872233498211012,12.174558472098768,11.862635676592655,12.025794982910156,414500,0.0,0.0
2024-03-26 00:00:00-04:00,12.0257940331611,12.044989674881823,11.824244371586397,11.85303783416748,301200,0.0,0.0
2024-03-27 00:00:00-04:00,11.96820892318733,12.428893340308633,11.953812191915324,12.380905151367188,295700,0.0,0.0
2024-03-28 00:00:00-04:00,12.332918827183818,13.052738970825708,12.332918827183818,12.736018180847168,316400,0.0,0.0
2024-04-01 00:00:00-04:00,12.70722456835402,12.860786050764554,12.40010160353295,12.5824556350708,352200,0.0,0.0
2024-04-02 00:00:00-04:00,12.409699587094115,12.409699587094115,12.102575702962998,12.208149909973145,471500,0.0,0.0
2024-04-03 00:00:00-04:00,12.169759881016818,12.23694280351308,12.025795298855108,12.140966415405273,348900,0.0,0.0
2024-04-04 00:00:00-04:00,12.179356111106847,12.354992763446877,12.035392452240028,12.265734672546387,448700,0.0,0.0
2024-04-05 00:00:00-04:00,12.227343474530738,12.294527304044761,12.131368013551299,12.246539115905762,301600,0.0,0.0
2024-04-08 00:00:00-04:00,12.39050312805653,12.39050312805653,11.641890483169464,11.651488304138184,355700,0.0,0.0
2024-04-09 00:00:00-04:00,11.661084928189963,11.761860215330605,11.28677907243531,11.344364166259766,282300,0.0,0.0
2024-04-10 00:00:00-04:00,10.998851116681605,11.181205138488904,10.739715442467533,10.941265106201172,427300,0.0,0.0
2024-04-11 00:00:00-04:00,10.97005871389156,10.97005871389156,10.49017864298185,10.566959381103516,374600,0.0,0.0
2024-04-12 00:00:00-04:00,10.509373505056583,10.5573616958246,9.808749031858829,9.837541580200195,413000,0.0,0.0
2024-04-15 00:00:00-04:00,9.866334266365925,10.183055048441096,9.525619846220879,10.163860321044922,677200,0.0,0.0
2024-04-16 00:00:00-04:00,10.05828546428196,10.10627365260706,9.799150711804119,9.933517456054688,365200,0.0,0.0
2024-04-17 00:00:00-04:00,9.933518005090006,10.039091293001515,9.597601583546435,9.827943801879883,363300,0.0,0.0
2024-04-18 00:00:00-04:00,9.943114361480857,10.163859661656893,9.78475398071702,9.933517456054688,304600,0.0,0.0
2024-04-19 00:00:00-04:00,9.885528821711155,10.341414301984415,9.885528821711155,10.192651748657227,576200,0.0,0.0
2024-04-22 00:00:00-04:00,10.211848789594864,10.336617724600941,10.087079854588787,10.288629531860352,408600,0.0,0.0
2024-04-23 00:00:00-04:00,10.307823424561546,10.538165632693982,10.2310426885174,10.442190170288086,357500,0.0,0.0
2024-04-24 00:00:00-04:00,10.336616845010607,10.47578158528764,10.279030835562427,10.451787948608398,284200,0.0,0.0
2024-04-25 00:00:00-04:00,10.221444459692883,10.336616474460522,9.914321527775275,9.981504440307617,488900,0.0,0.0
2024-04-26 00:00:00-04:00,9.9815049388903,10.192652422779878,9.875931654594801,9.895127296447754,264100,0.0,0.0
2024-04-29 00:00:00-04:00,9.875931897347385,10.135067576940378,9.856737170321203,10.019895553588867,239200,0.0,0.0
2024-04-30 00:00:00-04:00,9.885528472023953,9.91432101658202,9.674381009568325,9.722369194030762,337900,0.0,0.0
2024-05-01 00:00:00-04:00,9.751161738588827,10.048687750017146,9.597600280547821,9.722369194030762,290700,0.0,0.0
2024-05-02 00:00:00-04:00,9.895127678638426,9.971908418418666,9.693578007890645,9.81834602355957,587200,0.0,0.0
2024-05-03 00:00:00-04:00,10.010298240494377,10.13506716463393,9.712772203654126,9.741564750671387,446200,0.0,0.0
2024-05-06 00:00:00-04:00,9.818346172152792,9.991103296922185,9.741565431210535,9.971908569335938,314700,0.0,0.0
2024-05-07 00:00:00-04:00,9.981505584130202,10.240641274105032,9.981505584130202,10.125470161437988,417600,0.0,0.0
2024-05-08 00:00:00-04:00,10.039091161813868,10.231043007916709,9.85673713684082,9.85673713684082,416100,0.0,0.0
2024-05-09 00:00:00-04:00,12.745615155955576,14.665135549365093,12.582455849291875,13.590204238891602,2585100,0.0,0.0
2024-05-10 00:00:00-04:00,13.974108433941725,14.473183244815383,13.187104474616103,13.666984558105469,812000,0.0,0.0
2024-05-13 00:00:00-04:00,13.71497212591783,13.97890579371692,13.58060537914273,13.60939884185791,482200,0.0,0.0
2024-05-14 00:00:00-04:00,13.820546089249573,14.050889225799345,13.695778072545837,14.01249885559082,490900,0.0,0.0
2024-05-15 00:00:00-04:00,14.18525572238736,14.233243916200378,13.177507313508645,13.19670295715332,309900,0.0,0.0
2024-05-16 00:00:00-04:00,13.119921758428218,13.628594398498535,13.062335744788825,13.628594398498535,283600,0.0,0.0
2024-05-17 00:00:00-04:00,13.705374788190941,14.041291209322017,13.398251830790148,13.868534088134766,382900,0.0,0.0
2024-05-20 00:00:00-04:00,13.83014259730262,13.983704063554372,13.340664737151256,13.369458198547363,297100,0.0,0.0
2024-05-21 00:00:00-04:00,13.331069052924876,13.436642341817366,12.975957900869822,13.139116287231445,397400,0.0,0.0
2024-05-22 00:00:00-04:00,13.091129645779946,13.436642993241492,12.990354347375327,13.023945808410645,287200,0.0,0.0
2024-05-23 00:00:00-04:00,13.100725758874884,13.167909592175345,12.371308736187125,12.467284202575684,473000,0.0,0.0
2024-05-24 00:00:00-04:00,12.40902541460809,12.894511552084055,12.40902541460809,12.748866081237793,311500,0.15,0.0
2024-05-28 00:00:00-04:00,12.603220147895048,13.05472242051071,12.554672273155115,12.710027694702148,428300,0.0,0.0
2024-05-29 00:00:00-04:00,12.48670336990877,12.57409102454436,12.195412422445257,12.370186805725098,316000,0.0,0.0
2024-05-30 00:00:00-04:00,12.506123568591075,12.583801279961904,12.044911347084339,12.069186210632324,233900,0.0,0.0
2024-05-31 00:00:00-04:00,12.069185945561673,12.661478713253793,11.913830526232024,12.010927200317383,994600,0.0,0.0
2024-06-03 00:00:00-04:00,12.205121458586383,12.48670338725254,12.08860489424087,12.447864532470703,360700,0.0,0.0
2024-06-04 00:00:00-04:00,12.370186604341015,12.569235847329894,12.282798951128077,12.467284202575684,203000,0.0,0.0
2024-06-05 00:00:00-04:00,12.544961929321289,12.836253798464801,12.185702296907776,12.544961929321289,191500,0.0,0.0
2024-06-06 00:00:00-04:00,12.438155174255371,12.78284988530029,12.42844522932673,12.438155174255371,337300,0.0,0.0
2024-06-07 00:00:00-04:00,12.253669919856295,12.361447900945272,11.874990401707,12.07889461517334,276200,0.0,0.0
2024-06-10 00:00:00-04:00,11.952669716035604,11.962378735522295,11.544861265870857,11.86528205871582,321600,0.0,0.0
2024-06-11 00:00:00-04:00,11.855571681092773,12.0691858438668,11.65166746344287,12.059475898742676,294600,0.0,0.0
2024-06-12 00:00:00-04:00,12.409025559049931,12.6954624575742,12.292508995818398,12.41873550415039,323400,0.0,0.0
2024-06-13 00:00:00-04:00,12.379896845448465,12.719737521406334,12.117733879539593,12.680898666381836,225800,0.0,0.0
2024-06-14 00:00:00-04:00,12.651769003993374,12.74886660588087,12.404170952572485,12.428445816040039,320800,0.0,0.0
2024-06-17 00:00:00-04:00,12.253669838655712,12.515832793942884,12.04976562654057,12.205121040344238,290800,0.0,0.0
2024-06-18 00:00:00-04:00,12.127443193532631,12.307073467415364,12.040055542778399,12.09831428527832,257100,0.0,0.0
2024-06-20 00:00:00-04:00,12.010926634524088,12.243959752541175,11.947813845641196,12.09831428527832,212800,0.0,0.0
2024-06-21 00:00:00-04:00,12.117733149696202,12.379896099815166,12.078894297010944,12.146862983703613,1550600,0.0,0.0
2024-06-24 00:00:00-04:00,12.137152453517519,12.433299269700544,12.0886036585052,12.156572341918945,483200,0.0,0.0
2024-06-25 00:00:00-04:00,12.137153675047623,12.24396029403116,11.816732892105673,11.855571746826172,292700,0.0,0.0
2024-06-26 00:00:00-04:00,11.787603301421289,11.923538822092386,11.651666854758904,11.913829803466797,374500,0.0,0.0
2024-06-27 00:00:00-04:00,11.904120020264081,12.108024230026857,11.777893516507001,12.09831428527832,234700,0.0,0.0
2024-06-28 00:00:00-04:00,12.11773373521166,12.418735552559955,11.874990662701894,12.137153625488281,1035300,0.0,0.0
2024-07-01 00:00:00-04:00,12.166282311056111,12.311928707476923,11.73905491873596,11.79731273651123,286600,0.0,0.0
2024-07-02 00:00:00-04:00,11.807023101650147,11.865281847490003,11.501167232467116,11.52544116973877,479500,0.0,0.0
2024-07-03 00:00:00-04:00,11.544860630732604,11.787603698381378,11.457472978220434,11.719635009765625,219000,0.0,0.0
2024-07-05 00:00:00-04:00,11.428345013995523,11.6807971214634,11.12734317779541,11.12734317779541,340700,0.0,0.0
2024-07-08 00:00:00-04:00,11.234148437237392,11.583699033681635,11.234148437237392,11.399213790893555,311700,0.0,0.0
2024-07-09 00:00:00-04:00,11.33124603091441,11.569134116832698,11.224439418662714,11.399213790893555,346500,0.0,0.0
2024-07-10 00:00:00-04:00,11.496311234177483,11.661376585674285,11.166180531183878,11.651666641235352,237200,0.0,0.0
2024-07-11 00:00:00-04:00,12.185701683953027,13.632450085870069,12.185701683953027,12.39931583404541,634400,0.0,0.0
2024-07-12 00:00:00-04:00,12.467284632608946,12.975102922072711,12.263380410075946,12.787705421447754,363000,0.0,0.0
2024-07-15 00:00:00-04:00,12.525542020723426,12.719737217192764,12.27308993209767,12.467284202575684,348600,0.0,0.0
2024-07-16 00:00:00-04:00,12.574090433948069,12.952769944252198,12.525541636320673,12.81683349609375,349500,0.0,0.0
2024-07-17 00:00:00-04:00,12.758575807631015,13.282900790082081,12.674101324868536,13.205223083496094,347800,0.0,0.0
2024-07-18 00:00:00-04:00,13.030447350892729,13.613031057063312,12.845962109342492,12.962479591369629,298000,0.0,0.0
2024-07-19 00:00:00-04:00,12.991609643980755,13.08870631957325,12.734301647977501,12.787705421447754,295800,0.0,0.0
2024-07-22 00:00:00-04:00,14.127647193651418,15.14716829698548,14.020839647688444,14.739359855651855,804600,0.0,0.0
2024-07-23 00:00:00-04:00,14.584003751879644,16.050172082917808,14.399518504402629,15.74916934967041,1115700,0.0,0.0
2024-07-24 00:00:00-04:00,15.632654604027962,15.96278533848687,15.088909701508934,15.875397682189941,549800,0.0,0.0
2024-07-25 00:00:00-04:00,15.817138757267784,15.972494168282326,15.409329414367676,15.409329414367676,462900,0.0,0.0
2024-07-26 00:00:00-04:00,15.60352431987326,15.62294421004442,14.972392705171858,15.118038177490234,428800,0.0,0.0
2024-07-29 00:00:00-04:00,15.127747338714238,15.37049039732774,15.040359689454771,15.224844932556152,328100,0.0,0.0
2024-07-30 00:00:00-04:00,15.137457885551461,15.710331674830135,15.069490122752743,15.292813301086426,346900,0.0,0.0
2024-07-31 00:00:00-04:00,15.448168697352601,15.729751545147652,15.040360269086325,15.21513557434082,358200,0.0,0.0
2024-08-01 00:00:00-04:00,15.186007426464611,15.292814048366152,14.380100474503038,14.952973365783691,388500,0.0,0.0
2024-08-02 00:00:00-04:00,14.535455236256595,14.885004922386189,14.438357638224938,14.574294090270996,360900,0.0,0.0
2024-08-05 00:00:00-04:00,13.952871635538207,14.14221093494806,13.661579764605971,13.729548454284668,325500,0.0,0.0
2024-08-06 00:00:00-04:00,13.768386999907076,14.215034278388995,13.535352952792499,13.952871322631836,274800,0.0,0.0
2024-08-07 00:00:00-04:00,14.06938824806714,14.273292465835853,13.428546685362997,13.447966575622559,419300,0.0,0.0
2024-08-08 00:00:00-04:00,13.45767513007963,14.166485358226323,13.350868515313987,13.923742294311523,499800,0.0,0.0
2024-08-09 00:00:00-04:00,16.01133195850661,16.826948785368998,14.66168114233358,14.943263053894043,607600,0.0,0.0
2024-08-12 00:00:00-04:00,14.904423990329555,14.991810712548613,14.283001434382655,14.321840286254883,440400,0.0,0.0
2024-08-13 00:00:00-04:00,14.263582149358284,14.41893848941611,13.647015465530707,14.389808654785156,285200,0.0,0.0
2024-08-14 00:00:00-04:00,14.321840286254883,14.4432118141045,14.069387286089773,14.321840286254883,231900,0.0,0.0
2024-08-15 00:00:00-04:00,14.584004769892559,14.787908069245606,14.049969805800865,14.156776428222656,274700,0.0,0.0
2024-08-16 00:00:00-04:00,14.098518277413461,14.176195987537666,13.768387546389915,13.787806510925293,208300,0.0,0.0
2024-08-19 00:00:00-04:00,13.778095667992861,13.88490320694844,13.515933644901859,13.583901405334473,321900,0.0,0.0
2024-08-20 00:00:00-04:00,13.477094905645357,13.554772611361594,13.069286487639461,13.176093101501465,269600,0.0,0.0
2024-08-21 00:00:00-04:00,13.350869111149994,13.350869111149994,12.96248056194944,13.04015827178955,270800,0.0,0.0
2024-08-22 00:00:00-04:00,13.011028356458334,13.059577156309047,12.506123245588418,12.807124137878418,285300,0.0,0.0
2024-08-23 00:00:00-04:00,12.913932222551791,13.661580437935688,12.690608104300086,13.593612670898438,306800,0.0,0.0
2024-08-26 00:00:00-04:00,13.661579636949767,14.011130249198722,13.511079193337759,13.778096199035645,308600,0.0,0.0
2024-08-27 00:00:00-04:00,13.650521430485782,14.33746337890625,13.424812320871158,14.33746337890625,281200,0.15,0.0
2024-08-28 00:00:00-04:00,14.288397003662816,15.245208713909431,14.136287712261458,15.122540473937988,331100,0.0,0.0
2024-08-29 00:00:00-04:00,15.181420587437572,16.2020202357427,15.053845514413888,16.113698959350586,426000,0.0,0.0
2024-08-30 00:00:00-04:00,16.260901602099203,16.476798902526593,15.858549924462995,16.035192489624023,352500,0.0,0.0
2024-09-03 00:00:00-04:00,16.025379946404406,16.731948385569314,15.946872342052751,16.1529541015625,640900,0.0,0.0
2024-09-04 00:00:00-04:00,15.976312286329438,16.36885028083299,15.878177319761349,16.13332748413086,864700,0.0,0.0
2024-09-05 00:00:00-04:00,16.25108805699431,16.354130802063633,14.78888284768003,14.847764015197754,790300,0.0,0.0
2024-09-06 00:00:00-04:00,14.739816154003828,15.421851268290569,14.739816154003828,15.024406433105469,395800,0.0,0.0
2024-09-09 00:00:00-04:00,14.798696937065863,15.044033425990541,14.16082244021547,15.034219741821289,439800,0.0,0.0
2024-09-10 00:00:00-04:00,15.01459218485833,15.27955508639284,14.896830791300285,15.112726211547852,383700,0.0,0.0
2024-09-11 00:00:00-04:00,14.965525867176012,15.348251127910714,14.818324347754285,15.279556274414062,250100,0.0,0.0
2024-09-12 00:00:00-04:00,15.318810294866001,15.711349245423817,15.181422457672546,15.446385383605957,214800,0.0,0.0
2024-09-13 00:00:00-04:00,15.672094359934853,16.339408938722155,15.466011682514736,15.721161842346191,324100,0.0,0.0
2024-09-16 00:00:00-04:00,15.809482269136394,16.280527828706564,15.691719943359518,16.162765502929688,384300,0.0,0.0
2024-09-17 00:00:00-04:00,16.182393652821755,16.476798545636207,15.87817694817204,16.19220733642578,360300,0.0,0.0
2024-09-18 00:00:00-04:00,16.133327475004833,16.300156356545575,15.210861784616688,15.220675468444824,339900,0.0,0.0
2024-09-19 00:00:00-04:00,15.632839902086722,15.662280015938547,15.191233514887614,15.416943550109863,455900,0.0,0.0
2024-09-20 00:00:00-04:00,15.358063308731642,15.809483406282684,15.171607995294822,15.318809509277344,1829900,0.0,0.0
2024-09-23 00:00:00-04:00,15.289368530094672,15.358062441288675,14.749628116169985,14.945897102355957,243700,0.0,0.0
2024-09-24 00:00:00-04:00,14.994964929788367,15.338436365473438,14.759442140916281,14.7888822555542,234800,0.0,0.0
2024-09-25 00:00:00-04:00,14.808510490802231,14.874260115211339,13.876232028276817,14.249143600463867,500500,0.0,0.0
2024-09-26 00:00:00-04:00,14.38653103741108,14.769256283128202,14.219702156140878,14.258955955505371,447500,0.0,0.0
2024-09-27 00:00:00-04:00,14.386530761564362,14.41597087655215,13.644633687035196,13.895857810974121,322900,0.0,0.0
2024-09-30 00:00:00-04:00,13.827164274787279,14.111754556462142,13.660335392162247,13.8369779586792,453800,0.0,0.0
2024-10-01 00:00:00-04:00,13.738842601626303,14.11175415597657,13.6308948895319,13.846790313720703,323500,0.0,0.0
2024-10-02 00:00:00-04:00,13.699589526466378,13.915485897940009,13.581828124540152,13.679962158203125,233000,0.0,0.0
2024-10-03 00:00:00-04:00,13.503320410539285,13.552387894903404,12.904698785888991,13.04208755493164,236900,0.0,0.0
2024-10-04 00:00:00-04:00,13.189288358953645,13.55238716208359,13.15003456076181,13.257983207702637,267700,0.0,0.0
2024-10-07 00:00:00-04:00,13.189289440337255,13.28742441180507,12.816378794882233,12.983206748962402,233100,0.0,0.0
2024-10-08 00:00:00-04:00,12.983205712405287,13.439531702294772,12.894885368196938,13.405184745788574,500000,0.0,0.0
2024-10-09 00:00:00-04:00,13.346304769506109,13.467009522979362,12.620108083791859,12.806564331054688,376300,0.0,0.0
2024-10-10 00:00:00-04:00,12.67898931777649,12.718243117006457,12.188316359459705,12.237383842468262,498900,0.0,0.0
2024-10-11 00:00:00-04:00,12.24719665279573,12.649549266809483,12.24719665279573,12.580854415893555,673500,0.0,0.0
2024-10-14 00:00:00-04:00,12.571041918113703,13.051901204672326,12.472906949643427,12.845818519592285,224300,0.0,0.0
2024-10-15 00:00:00-04:00,12.83600399310665,13.439531482699763,12.742775872767144,13.287423133850098,352300,0.0,0.0
2024-10-16 00:00:00-04:00,13.43462525050114,13.50822694330448,13.159848654591045,13.444438934326172,223100,0.0,0.0
2024-10-17 00:00:00-04:00,13.346304879391518,13.439532067906118,13.242282264335309,13.297237396240234,191700,0.0,0.0
2024-10-18 00:00:00-04:00,13.375745397928437,13.563182459223828,13.169662711191469,13.38555908203125,265700,0.0,0.0
2024-10-21 00:00:00-04:00,13.336491100609193,13.993992936854584,13.336491100609193,13.768282890319824,268500,0.0,0.0
2024-10-22 00:00:00-04:00,13.709402131922293,14.003806081515943,13.601453486736819,13.905671119689941,168800,0.0,0.0
2024-10-23 00:00:00-04:00,13.787910651446206,13.96455228433793,13.326677797355394,13.75847053527832,231400,0.0,0.0
2024-10-24 00:00:00-04:00,13.787910461425781,13.915485544240974,13.621081578966253,13.787910461425781,211600,0.0,0.0
2024-10-25 00:00:00-04:00,13.836977903179083,13.935111934051458,13.562200370613866,13.640707969665527,114700,0.0,0.0
2024-10-28 00:00:00-04:00,13.758470171145094,13.934130992516668,13.655428363457986,13.86641788482666,168500,0.0,0.0
2024-10-29 00:00:00-04:00,13.807536235898024,14.371810865760033,13.807536235898024,14.200075149536133,211500,0.0,0.0
2024-10-30 00:00:00-04:00,14.131380834894633,14.327650767063933,13.984179321652054,14.062686920166016,157800,0.0,0.0
2024-10-31 00:00:00-04:00,14.043060434344074,14.052873182207193,13.689775306508755,13.817350387573242,153900,0.0,0.0
2024-11-01 00:00:00-04:00,13.984179496765137,14.131381011851005,13.71921564654928,13.984179496765137,134100,0.0,0.0
2024-11-04 00:00:00-05:00,13.925297826897717,14.420877615774446,13.758469885897476,14.268769264221191,179300,0.0,0.0
2024-11-05 00:00:00-05:00,14.21970262461871,14.720189284918192,14.21970262461871,14.690749168395996,195600,0.0,0.0
2024-11-06 00:00:00-05:00,15.220675806800358,16.06463391709339,15.210862122754062,16.025379180908203,657900,0.0,0.0
2024-11-07 00:00:00-05:00,15.927244613951556,15.927244613951556,14.533734200183357,15.004779815673828,363200,0.0,0.0
2024-11-08 00:00:00-05:00,15.23048896306423,15.495451871941508,14.83795003777484,15.250115394592285,401300,0.0,0.0
2024-11-11 00:00:00-05:00,15.338437491887367,15.887991642164396,15.054828007355102,15.475826263427734,295300,0.0,0.0
2024-11-12 00:00:00-05:00,15.377691244618171,15.544520132434496,15.014593352278066,15.279556274414062,219400,0.0,0.0
2024-11-13 00:00:00-05:00,15.07347241369517,15.505265125959031,14.783975303575007,15.112726211547852,287800,0.0,0.0
2024-11-14 00:00:00-05:00,15.30899704625223,15.348250846437107,14.55336022283785,14.769256591796875,200800,0.0,0.0
2024-11-15 00:00:00-05:00,14.97533838924318,15.024405870537453,14.34727668762207,14.34727668762207,318200,0.0,0.0
2024-11-18 00:00:00-05:00,14.288397375216068,14.406158776344773,13.97436603632176,14.151008605957031,361500,0.0,0.0
2024-11-19 00:00:00-05:00,13.886044157993494,13.925297956691962,12.806564225843418,13.22854232788086,675600,0.0,0.0
2024-11-20 00:00:00-05:00,13.140221826207336,13.54257349204526,12.983205697399322,13.356117248535156,359300,0.0,0.0
2024-11-21 00:00:00-05:00,13.414998883459052,13.935111962197944,13.414998883459052,13.738842964172363,229000,0.0,0.0
2024-11-22 00:00:00-05:00,13.738842148265306,14.121567373599634,13.228541847819535,13.562199592590332,269600,0.0,0.0
2024-11-25 00:00:00-05:00,13.640707707324713,14.523919583496395,13.640707707324713,14.141194343566895,572600,0.0,0.0
2024-11-26 00:00:00-05:00,16.859523327707894,20.411994535755664,16.682880761340105,18.35116958618164,1872800,0.0,0.0
2024-11-27 00:00:00-05:00,19.20493839857325,20.29423291449593,18.743706512977873,20.20591163635254,788100,0.0,0.0
2024-11-29 00:00:00-05:00,19.78393303756627,20.47087591083307,19.38158137149447,20.441434860229492,366300,0.0,0.0
2024-12-02 00:00:00-05:00,21.07930967889807,21.07930967889807,19.401209072733973,20.235353469848633,665100,0.0,0.0
2024-12-03 00:00:00-05:00,19.921322671143272,20.22554127301166,19.597478572193797,20.048898696899414,502600,0.0,0.0
2024-12-04 00:00:00-05:00,20.058711625348135,20.519943545326853,19.332515851187054,20.117591857910156,564500,0.0,0.0
2024-12-05 00:00:00-05:00,20.01945638664951,20.294233917990244,19.227511008142113,19.489530563354492,352300,0.0,0.0
2024-12-06 00:00:00-05:00,19.222549600427318,19.509304752981137,18.70836573638394,19.0247859954834,430500,0.15,0.0
2024-12-09 00:00:00-05:00,19.2719900189527,19.954272397690126,19.049506429580326,19.380760192871094,561100,0.0,0.0
2024-12-10 00:00:00-05:00,19.32143253235598,20.023489787520788,19.23540390694607,19.983936309814453,371500,0.0,0.0
2024-12-11 00:00:00-05:00,20.03337872768757,20.270693942645682,19.67740496224356,19.697181701660156,324800,0.0,0.0
2024-12-12 00:00:00-05:00,19.667515666120472,20.072929374995763,19.212661997046176,19.45986557006836,305200,0.0,0.0
2024-12-13 00:00:00-05:00,19.459865625939585,19.459865625939585,19.024786808087583,19.291767120361328,246500,0.0,0.0
2024-12-16 00:00:00-05:00,19.262101960815922,19.79606258392934,18.946669960171405,19.76639747619629,234800,0.0,0.0
2024-12-17 00:00:00-05:00,19.598299026489258,19.993824367313813,19.401525570206932,19.598299026489258,359500,0.0,0.0
2024-12-18 00:00:00-05:00,19.420313007868852,19.845503475257267,18.787472434647217,19.697181701660156,521900,0.0,0.0
2024-12-19 00:00:00-05:00,19.707068588379464,20.211364089471527,19.47964176024389,19.746620178222656,494900,0.0,0.0
2024-12-20 00:00:00-05:00,19.47964321562633,20.211365599523134,19.08411597156217,20.003713607788086,1407300,0.0,0.0
2024-12-23 00:00:00-05:00,20.063042536188437,20.567336156524107,19.73673201500933,20.161922454833984,467500,0.0,0.0
2024-12-24 00:00:00-05:00,20.260804082254644,20.320132410125687,19.805950425220736,20.05315399169922,164900,0.0,0.0
2024-12-26 00:00:00-05:00,19.80595133476594,20.636555507158405,19.796062965331075,20.597002029418945,316800,0.0,0.0
2024-12-27 00:00:00-05:00,20.45856789922858,20.62666640159491,20.063042566017664,20.468456268310547,352100,0.0,0.0
2024-12-30 00:00:00-05:00,20.24102771782764,20.51789639635784,19.977014107811023,20.270692825317383,331900,0.0,0.0
2024-12-31 00:00:00-05:00,20.349797281001916,20.74532260557652,20.270692216086992,20.41901397705078,348600,0.0,0.0
2025-01-02 00:00:00-05:00,20.54756124128705,20.8442047683396,19.75947539177008,20.023488998413086,726300,0.0,0.0
2025-01-03 00:00:00-05:00,19.993823482464343,20.57030237203367,19.79111663638693,20.280580520629883,603400,0.0,0.0
2025-01-06 00:00:00-05:00,20.31024583873798,20.99252632131854,20.240038985084265,20.69588279724121,349000,0.0,0.0
2025-01-07 00:00:00-05:00,20.30035757666028,20.8639814069822,19.222549874951724,19.578521728515625,605500,0.0,0.0
2025-01-08 00:00:00-05:00,19.479641903478893,20.053154105523763,19.232438335597248,20.023488998413086,360900,0.0,0.0
2025-01-10 00:00:00-05:00,19.855391084762058,19.855391084762058,18.955570221908864,19.262102127075195,258200,0.0,0.0
2025-01-13 00:00:00-05:00,19.26210165823894,19.716957206266084,19.123668263019773,19.687292098999023,339700,0.0,0.0
2025-01-14 00:00:00-05:00,19.776286039280564,20.171811382863453,19.351095587673854,19.875167846679688,341400,0.0,0.0
2025-01-15 00:00:00-05:00,20.39923858461467,20.39923858461467,18.955570583206473,19.17310905456543,468900,0.0,0.0
2025-01-16 00:00:00-05:00,19.163219859725988,19.182996597910595,18.342504085200343,18.59959602355957,415200,0.0,0.0
2025-01-17 00:00:00-05:00,18.698479015317584,18.807249196223342,18.33756200760102,18.471052169799805,331500,0.0,0.0
2025-01-21 00:00:00-05:00,18.59959675719484,18.948648844468167,18.16946305778816,18.42160987854004,465100,0.0,0.0
2025-01-22 00:00:00-05:00,18.233736705531165,18.599596950104058,17.907428053284207,18.530380249023438,323600,0.0,0.0
2025-01-23 00:00:00-05:00,18.589708874933756,18.93579427183164,18.28317695700189,18.916017532348633,353700,0.0,0.0
2025-01-24 00:00:00-05:00,18.846798976971296,19.027752542021695,18.382056960900698,18.74791717529297,234600,0.0,0.0
2025-01-27 00:00:00-05:00,18.6885896074274,19.449977059444475,18.6885896074274,19.18299674987793,344700,0.0,0.0
2025-01-28 00:00:00-05:00,19.19288491297088,19.400536891297563,18.762751231741145,18.7676944732666,196000,0.0,0.0
2025-01-29 00:00:00-05:00,18.7676955872966,18.78747232659946,18.06662658732917,18.194183349609375,231800,0.0,0.0
2025-01-30 00:00:00-05:00,18.421609081427007,18.64903779765253,18.006307011207365,18.154630661010742,172500,0.0,0.0
2025-01-31 00:00:00-05:00,18.11507766230861,18.342504498515577,17.541565444126825,17.729440689086914,325200,0.0,0.0
2025-02-03 00:00:00-05:00,17.264697305418608,18.045861531808093,17.24492245217879,17.749217987060547,388600,0.0,0.0
2025-02-04 00:00:00-05:00,17.64044714068413,18.184294247511414,17.541565334166375,18.065637588500977,318000,0.0,0.0
2025-02-05 00:00:00-05:00,18.184295181382037,18.37217043481292,17.838211669816843,17.996421813964844,358400,0.0,0.0
2025-02-06 00:00:00-05:00,17.04715846100077,17.917316109096685,15.939687491077846,17.53167724609375,620700,0.0,0.0
2025-02-07 00:00:00-05:00,17.52178887829043,17.86787426367822,16.893891565690176,17.22514533996582,468100,0.0,0.0
2025-02-10 00:00:00-05:00,17.136151606029742,17.551453684137194,16.92850150998281,17.299306869506836,672500,0.0,0.0
2025-02-11 00:00:00-05:00,17.16581731495015,17.857986212028482,17.121320594808328,17.304250717163086,819300,0.0,0.0
2025-02-12 00:00:00-05:00,17.007605658287996,17.09659909064288,16.374763263096217,16.434093475341797,377400,0.0,0.0
2025-02-13 00:00:00-05:00,16.46375797246708,16.56758302292983,15.900134114510832,15.969350814819336,374400,0.0,0.0
2025-02-14 00:00:00-05:00,15.96935004344793,16.088008585397795,14.387247781199918,14.683892250061035,554700,0.0,0.0
2025-02-18 00:00:00-05:00,14.634451429758597,15.227739427785231,14.555346363355046,15.12885856628418,460000,0.0,0.0
2025-02-19 00:00:00-05:00,15.118970811984418,15.435391090464584,14.881655603124292,15.287069320678711,439200,0.0,0.0
2025-02-20 00:00:00-05:00,15.287068812132945,15.544160751348965,14.219149464781399,14.24881362915039,514800,0.0,0.0
2025-02-21 00:00:00-05:00,14.308142893404435,14.308142893404435,13.645637250467493,13.942281723022461,955900,0.0,0.0
2025-02-24 00:00:00-05:00,14.021387017891175,14.248813853309244,13.526979869931761,13.576419830322266,677800,0.0,0.0
2025-02-25 00:00:00-05:00,13.502259031633798,13.655525927429874,13.062236968945173,13.171006202697754,660600,0.0,0.0
2025-02-26 00:00:00-05:00,13.5368668533441,14.189485059425683,13.408321828926013,13.764294624328613,659400,0.0,0.0
2025-02-27 00:00:00-05:00,13.586307910476092,13.793958945920346,13.111677511178813,13.25999927520752,553100,0.0,0.0
2025-02-28 00:00:00-05:00,13.420000076293945,13.5600004196167,13.039999961853027,13.5,654200,0.15,0.0
2025-03-03 00:00:00-05:00,13.380000114440918,13.680000305175781,12.829999923706055,12.869999885559082,1162100,0.0,0.0
2025-03-04 00:00:00-05:00,12.720000267028809,13.0,12.149999618530273,12.600000381469727,681900,0.0,0.0
2025-03-05 00:00:00-05:00,12.569999694824219,13.149999618530273,12.420000076293945,13.0,464500,0.0,0.0
2025-03-06 00:00:00-05:00,12.869999885559082,13.149999618530273,12.720000267028809,12.880000114440918,415500,0.0,0.0
2025-03-07 00:00:00-05:00,12.869999885559082,13.140000343322754,12.510000228881836,12.75,649100,0.0,0.0
2025-03-10 00:00:00-04:00,12.65999984741211,13.970000267028809,12.65999984741211,13.960000038146973,910600,0.0,0.0
2025-03-11 00:00:00-04:00,14.0,14.460000038146973,13.350000381469727,14.319999694824219,1028700,0.0,0.0
2025-03-12 00:00:00-04:00,14.350000381469727,14.350000381469727,13.300000190734863,13.510000228881836,1026600,0.0,0.0
2025-03-13 00:00:00-04:00,13.550000190734863,13.625,12.640000343322754,13.0,672100,0.0,0.0
2025-03-14 00:00:00-04:00,13.039999961853027,13.300000190734863,12.760000228881836,13.149999618530273,675700,0.0,0.0
2025-03-17 00:00:00-04:00,13.390000343322754,13.755000114440918,13.069999694824219,13.630000114440918,617300,0.0,0.0
2025-03-18 00:00:00-04:00,13.489999771118164,13.545000076293945,13.079999923706055,13.479999542236328,460300,0.0,0.0
2025-03-19 00:00:00-04:00,13.460000038146973,13.6899995803833,13.3149995803833,13.630000114440918,602200,0.0,0.0
2025-03-20 00:00:00-04:00,13.489999771118164,13.59000015258789,13.199999809265137,13.229999542236328,522000,0.0,0.0
2025-03-21 00:00:00-04:00,12.989999771118164,13.119999885559082,12.6899995803833,12.819999694824219,1305600,0.0,0.0
2025-03-24 00:00:00-04:00,13.020000457763672,13.039999961853027,12.550000190734863,12.859999656677246,575500,0.0,0.0
2025-03-25 00:00:00-04:00,12.890000343322754,12.989999771118164,12.640000343322754,12.649999618530273,684000,0.0,0.0
2025-03-26 00:00:00-04:00,12.640000343322754,12.640000343322754,12.350000381469727,12.520000457763672,345300,0.0,0.0
2025-03-27 00:00:00-04:00,12.520000457763672,12.720000267028809,12.305000305175781,12.430000305175781,335000,0.0,0.0
2025-03-28 00:00:00-04:00,12.380000114440918,12.380000114440918,12.069999694824219,12.279999732971191,425100,0.0,0.0
2025-03-31 00:00:00-04:00,12.109999656677246,12.880000114440918,11.899999618530273,12.75,571400,0.0,0.0
2025-04-01 00:00:00-04:00,12.75,13.1899995803833,12.569999694824219,12.630000114440918,436747,0.0,0.0
