Date,Open,High,Low,Close,Volume,Dividends,Stock Splits
2022-01-07 00:00:00-05:00,21.957309737311263,23.019426774570576,21.90358352497545,22.30032730102539,38800,0.0,0.0
2022-01-10 00:00:00-05:00,22.391245641925575,22.391245641925575,21.953173456682894,22.093687057495117,7000,0.0,0.0
2022-01-11 00:00:00-05:00,22.267264587440692,22.267264587440692,21.920113412972103,22.151546478271484,36500,0.0,0.0
2022-01-12 00:00:00-05:00,22.110222234854835,22.20940897219388,21.920116029518006,21.936647415161133,49600,0.0,0.0
2022-01-13 00:00:00-05:00,22.1763423603006,22.1763423603006,22.031696702272956,22.068891525268555,1800,0.0,0.0
2022-01-14 00:00:00-05:00,21.944909252789582,22.267264933279556,21.928379445382554,22.097822189331055,7500,0.0,0.0
2022-01-18 00:00:00-05:00,21.820929715100124,21.95317764976887,21.79613421267457,21.94491195678711,7900,0.0,0.0
2022-01-19 00:00:00-05:00,21.944907757611038,22.101952741174394,21.680411938885033,22.027563095092773,9800,0.0,0.0
2022-01-20 00:00:00-05:00,22.00276986502431,22.068893826520565,21.763069519275625,22.0523624420166,30600,0.0,0.0
2022-01-21 00:00:00-05:00,21.82919085095134,22.11021804758424,21.73826982365263,21.87051773071289,7800,0.0,0.0
2022-01-24 00:00:00-05:00,22.05236054238561,22.11021880664587,21.72174076338452,21.812660217285156,50000,0.0,0.0
2022-01-25 00:00:00-05:00,21.862253598833874,22.126749412747003,21.738269806607615,21.977970123291016,71000,0.0,0.0
2022-01-26 00:00:00-05:00,22.060625468199476,22.159810610197347,21.79612965417927,22.04409408569336,49300,0.0,0.0
2022-01-27 00:00:00-05:00,22.00277138121393,22.093690849211708,21.77960240459085,21.936647415161133,92800,0.0,0.0
2022-01-28 00:00:00-05:00,21.85399016952005,22.168078586920874,21.771334824987335,22.13501739501953,86000,0.0,0.0
2022-01-31 00:00:00-05:00,22.118485236651164,22.308591418858896,21.862255096435547,21.862255096435547,159700,0.0,0.0
2022-02-01 00:00:00-05:00,21.994503012451318,21.994503012451318,21.862255096435547,21.862255096435547,13300,0.0,0.0
2022-02-02 00:00:00-05:00,21.862252367657312,21.97796888559786,21.50683554653213,21.523366928100586,25500,0.0,0.0
2022-02-03 00:00:00-05:00,21.47377624737581,21.47377624737581,21.060501100614058,21.126625061035156,32300,0.0,0.0
2022-02-04 00:00:00-05:00,21.052234234267946,21.250606104466666,20.746411525573055,20.804269790649414,32900,0.0,0.0
2022-02-07 00:00:00-05:00,20.787738407336317,21.010907352504685,20.71334875894686,20.804269790649414,11800,0.0,0.0
2022-02-08 00:00:00-05:00,20.721615955434174,20.96131630132299,20.415793224530038,20.6224308013916,51800,0.0,0.0
2022-02-09 00:00:00-05:00,20.70921744840105,20.870394500219017,20.556306088537784,20.680288314819336,38400,0.0,0.0
2022-02-10 00:00:00-05:00,20.552174364045253,20.552174364045253,20.250483674002677,20.34967041015625,28300,0.0,0.0
2022-02-11 00:00:00-05:00,20.473650748894407,20.589367283240374,20.08517110955658,20.109968185424805,20900,0.0,0.0
2022-02-14 00:00:00-05:00,19.928123103908806,20.109963555518807,19.655361638234215,19.95705223083496,32200,0.0,0.0
2022-02-15 00:00:00-05:00,20.49018132665044,20.49018132665044,20.04384343770014,20.076906204223633,20300,0.0,0.0
2022-02-16 00:00:00-05:00,19.75455205953525,20.366199098695198,19.75455205953525,20.316606521606445,24600,0.0,0.0
2022-02-17 00:00:00-05:00,20.390996539558916,20.417445809377167,20.209156035973855,20.275279998779297,37200,0.0,0.0
2022-02-18 00:00:00-05:00,20.374462527906957,20.44058648218723,20.250480310696375,20.424055099487305,12900,0.0,0.0
2022-02-22 00:00:00-05:00,20.267011269711116,20.415790557861328,20.085169216852233,20.415790557861328,35100,0.0,0.0
2022-02-23 00:00:00-05:00,20.25874940604423,20.457121302216695,20.151296976959337,20.17609405517578,13100,0.0,0.0
2022-02-24 00:00:00-05:00,20.118233890309355,20.37446403503418,20.08517112246381,20.37446403503418,21400,0.0,0.0
2022-02-25 00:00:00-05:00,20.44322004699725,20.753474716168625,20.44322004699725,20.652851104736328,22700,0.352,0.0
2022-02-28 00:00:00-05:00,20.55222916633098,20.921180277094507,20.392909114057954,20.904409408569336,15200,0.0,0.0
2022-03-01 00:00:00-05:00,20.988264422674835,21.432681291169477,20.661238848483464,21.357213973999023,24600,0.0,0.0
2022-03-02 00:00:00-05:00,21.373985138108083,21.44106702103067,21.25659224283311,21.27336311340332,25500,0.0,0.0
2022-03-03 00:00:00-05:00,21.09727011563454,21.40752479352244,21.09727011563454,21.231433868408203,9400,0.0,0.0
2022-03-04 00:00:00-05:00,21.105655550102657,21.365597621181866,21.105655550102657,21.231433868408203,3100,0.0,0.0
2022-03-07 00:00:00-05:00,21.147580890041564,21.231433634440577,20.84571324930641,20.879253387451172,11800,0.0,0.0
2022-03-08 00:00:00-05:00,20.83732836180082,21.20627948722467,20.68639373779297,20.68639373779297,16000,0.0,0.0
2022-03-09 00:00:00-05:00,20.879257038649115,20.995811877944924,20.60589790775882,20.610929489135742,30600,0.0,0.0
2022-03-10 00:00:00-05:00,20.610926242785677,20.610926242785677,20.44322075107531,20.50191879272461,25300,0.0,0.0
2022-03-11 00:00:00-05:00,20.631886136469383,20.841517172034465,20.300668716430664,20.300668716430664,13400,0.0,0.0
2022-03-14 00:00:00-04:00,20.208437059326457,20.307382957748374,19.8185231104713,19.831100463867188,37900,0.0,0.0
2022-03-15 00:00:00-04:00,19.923335243082523,20.233588302363305,19.914949809134665,20.225204467773438,5300,0.0,0.0
2022-03-16 00:00:00-04:00,20.317442661823492,20.367755269520654,19.919982977036273,20.237783432006836,28400,0.0,0.0
2022-03-17 00:00:00-04:00,20.401297180793343,20.49353537022565,20.132969647199268,20.208436965942383,80200,0.0,0.0
2022-03-18 00:00:00-04:00,19.956875796123704,20.501917818606486,19.956875796123704,20.158123016357422,33300,0.0,0.0
2022-03-21 00:00:00-04:00,20.376138929539287,20.392909798627443,20.01054325969456,20.124582290649414,18900,0.0,0.0
2022-03-22 00:00:00-04:00,20.200048135286732,20.216819003157006,20.05749895710538,20.138835906982422,18800,0.0,0.0
2022-03-23 00:00:00-04:00,20.124582466236973,20.240299224853516,19.998804145694617,20.240299224853516,25700,0.0,0.0
2022-03-24 00:00:00-04:00,20.070919344879158,20.241977107962512,20.02815410442919,20.208436965942383,36900,0.0,0.0
2022-03-25 00:00:00-04:00,20.208432918078987,20.211786771673378,19.839481833610993,19.940105438232422,32800,0.0,0.0
2022-03-28 00:00:00-04:00,20.082657163423363,20.158124476638452,20.082657163423363,20.141353607177734,11200,0.0,0.0
2022-03-29 00:00:00-04:00,20.23359214377943,20.53546142578125,20.20843743651814,20.53546142578125,18200,0.0,0.0
2022-03-30 00:00:00-04:00,20.567323268293215,20.661237577444986,20.384524631295566,20.644468307495117,20300,0.0,0.0
2022-03-31 00:00:00-04:00,20.52707602656043,20.929567337036133,20.52707602656043,20.929567337036133,14800,0.0,0.0
2022-04-01 00:00:00-04:00,20.79540237188907,20.813850968792593,20.56480850513979,20.694780349731445,13200,0.0,0.0
2022-04-04 00:00:00-04:00,20.70652109123427,20.728321944466103,20.543847157999995,20.594158172607422,17700,0.0,0.0
2022-04-05 00:00:00-04:00,20.610928266333495,20.74509203313053,20.208436965942383,20.208436965942383,18700,0.0,0.0
2022-04-06 00:00:00-04:00,20.334218397083664,20.334218397083664,19.889799852223703,20.04911994934082,15600,0.0,0.0
2022-04-07 00:00:00-04:00,19.96526081346382,20.527072093106362,19.956875379515964,20.225204467773438,12400,0.0,0.0
2022-04-08 00:00:00-04:00,20.63524478865891,20.669624593563313,20.124584094216598,20.418067932128906,10200,0.0,0.0
2022-04-11 00:00:00-04:00,20.430641712913765,20.434835229507406,19.738860215254167,19.78917121887207,20700,0.0,0.0
2022-04-12 00:00:00-04:00,19.88140779227857,20.08265500546613,19.78917121887207,19.78917121887207,3900,0.0,0.0
2022-04-13 00:00:00-04:00,19.84786701270685,20.58576757282057,19.831096145592056,20.485145568847656,28400,0.0,0.0
2022-04-14 00:00:00-04:00,20.292290143050437,20.30905941473095,19.937594057435323,20.05750274658203,13700,0.0,0.0
2022-04-18 00:00:00-04:00,20.097749412506957,20.215980358423913,19.977840739975278,20.107810974121094,6100,0.0,0.0
2022-04-19 00:00:00-04:00,19.98203526366228,20.18328091641544,19.83110062425784,19.873027801513672,13900,0.0,0.0
2022-04-20 00:00:00-04:00,19.956881745847987,20.15812902607935,19.831941459076997,20.04911994934082,10200,0.0,0.0
2022-04-21 00:00:00-04:00,20.074273291909442,20.15812604638464,19.77240401554203,19.831100463867188,9300,0.0,0.0
2022-04-22 00:00:00-04:00,19.722091820920465,19.93172289486896,19.512460746971968,19.746408462524414,14300,0.0,0.0
2022-04-25 00:00:00-04:00,19.495689820166742,19.636561287294413,19.428607940673828,19.428607940673828,11000,0.0,0.0
2022-04-26 00:00:00-04:00,19.44537637116242,19.629851116787915,19.44537637116242,19.6214656829834,9800,0.0,0.0
2022-04-27 00:00:00-04:00,19.386683344289263,19.474728015688093,19.026117624056052,19.084814071655273,13900,0.0,0.0
2022-04-28 00:00:00-04:00,19.09319778248132,19.28605797841957,18.866795848453926,19.269287109375,14700,0.0,0.0
2022-04-29 00:00:00-04:00,19.0093480784443,19.27767562866211,18.925495319161644,19.27767562866211,32500,0.0,0.0
2022-05-02 00:00:00-04:00,19.00934495115732,19.45376338269187,18.648779265110548,18.875181198120117,19400,0.0,0.0
2022-05-03 00:00:00-04:00,19.118351007018592,19.118351007018592,18.657163339493408,18.68231964111328,20400,0.0,0.0
2022-05-04 00:00:00-04:00,18.615239884271904,19.051271299712628,18.615239884271904,19.034502029418945,39700,0.0,0.0
2022-05-05 00:00:00-04:00,19.000960555485552,19.051271565785566,18.45592007905391,18.925493240356445,37700,0.0,0.0
2022-05-06 00:00:00-04:00,18.728439451817145,18.975804184014223,18.48946015453365,18.531387329101562,23800,0.0,0.0
2022-05-09 00:00:00-04:00,18.44753555877267,18.77875305833298,18.187593460083008,18.187593460083008,19300,0.0,0.0
2022-05-10 00:00:00-04:00,18.640393316350778,18.640393316350778,18.2982762353521,18.54815673828125,13400,0.0,0.0
2022-05-11 00:00:00-04:00,18.60685157775879,18.90704306102079,18.531384275330907,18.60685157775879,16400,0.0,0.0
2022-05-12 00:00:00-04:00,18.50958475271198,19.03450209910071,18.50958475271198,18.65716552734375,11000,0.0,0.0
2022-05-13 00:00:00-04:00,18.699091015024276,19.168665768654968,18.699091015024276,18.95064926147461,8600,0.0,0.0
2022-05-16 00:00:00-04:00,18.87518049412219,19.269286304050038,18.791327751761916,18.967418670654297,16600,0.0,0.0
2022-05-17 00:00:00-04:00,19.26928545142833,19.395063759724327,18.954838881009366,19.101581573486328,25100,0.0,0.0
2022-05-18 00:00:00-04:00,19.19382032778743,19.19382032778743,18.950649117361976,18.99257469177246,16300,0.0,0.0
2022-05-19 00:00:00-04:00,19.101580360195527,19.218973227234187,18.96322311030751,19.009342193603516,11000,0.0,0.0
2022-05-20 00:00:00-04:00,19.11835312081176,19.30618334175312,18.782943725585938,18.782943725585938,3800,0.0,0.0
2022-05-23 00:00:00-04:00,18.833256077676076,19.235748979999432,18.833256077676076,18.904531478881836,8100,0.0,0.0
2022-05-24 00:00:00-04:00,18.72508410415152,19.248323685644984,18.699089737800257,19.06804084777832,6800,0.0,0.0
2022-05-25 00:00:00-04:00,19.311213811746057,19.71370506286621,18.984188270772627,19.71370506286621,8300,0.0,0.0
2022-05-26 00:00:00-04:00,19.6633945622792,20.132967700668747,19.210590693599276,20.0382137298584,12100,0.0,0.0
2022-05-27 00:00:00-04:00,20.195659928242108,20.646722458191856,20.195659928242108,20.52757453918457,7300,0.352,0.0
2022-05-31 00:00:00-04:00,20.45098006634594,20.469702847960658,20.0509806772032,20.41693687438965,29200,0.0,0.0
2022-06-01 00:00:00-04:00,20.297788453999566,20.38289480854574,20.10204497483145,20.23821449279785,10900,0.0,0.0
2022-06-02 00:00:00-04:00,20.212681271715244,20.34033998667235,20.11055332578838,20.127574920654297,11200,0.0,0.0
2022-06-03 00:00:00-04:00,20.093534103182055,20.093534103182055,19.829704242731935,19.897789001464844,11000,0.0,0.0
2022-06-06 00:00:00-04:00,20.008425728316368,20.008425728316368,19.702043533325195,19.702043533325195,9800,0.0,0.0
2022-06-07 00:00:00-04:00,19.642469578358806,19.957362570240683,19.642469578358806,19.702043533325195,18600,0.0,0.0
2022-06-08 00:00:00-04:00,19.803320968148704,20.1190645800253,19.664599674320847,20.042469024658203,39500,0.0,0.0
2022-06-09 00:00:00-04:00,19.982892849825262,20.162466926317737,19.846723349435226,19.855234146118164,3500,0.0,0.0
2022-06-10 00:00:00-04:00,19.65949349833344,19.744599854042075,19.319069698767624,19.353111267089844,7600,0.0,0.0
2022-06-13 00:00:00-04:00,19.216941341860025,19.216941341860025,18.36588104926522,18.56162452697754,14800,0.0,0.0
2022-06-14 00:00:00-04:00,18.56162223877685,18.56162223877685,18.187156924951136,18.51055908203125,24200,0.0,0.0
2022-06-15 00:00:00-04:00,18.5616223118615,18.859493703375897,18.297794107157202,18.77438735961914,7300,0.0,0.0
2022-06-16 00:00:00-04:00,18.55311472931221,18.706305849959595,18.391414433756655,18.399925231933594,7600,0.0,0.0
2022-06-17 00:00:00-04:00,18.46800763653598,18.65524030272106,18.44247524526451,18.564176559448242,4200,0.0,0.0
2022-06-21 00:00:00-04:00,18.650987300600665,18.817794392596028,18.519072369391996,18.55311393737793,6300,0.0,0.0
2022-06-22 00:00:00-04:00,18.771836232128678,18.970134735107422,18.68077410524507,18.970134735107422,8300,0.0,0.0
2022-06-23 00:00:00-04:00,18.93609100831777,19.033112151811093,18.759920909085004,18.90970802307129,19800,0.0,0.0
2022-06-24 00:00:00-04:00,18.893537789200007,19.148855209350586,18.808431441393623,19.148855209350586,12700,0.0,0.0
2022-06-27 00:00:00-04:00,19.140347456136645,19.421197312273325,18.73609345721915,19.378644943237305,14900,0.0,0.0
2022-06-28 00:00:00-04:00,19.213538373965395,19.36162269098263,19.14885760646634,19.327579498291016,7900,0.0,0.0
2022-06-29 00:00:00-04:00,19.294389398066333,19.633962631225586,19.080773711010842,19.633962631225586,12900,0.0,0.0
2022-06-30 00:00:00-04:00,19.42119825327179,19.66800655079181,19.142051192609568,19.208433151245117,32800,0.0,0.0
2022-07-01 00:00:00-04:00,19.072258583732875,19.217789472551164,19.072258583732875,19.114810943603516,6000,0.0,0.0
2022-07-05 00:00:00-04:00,19.123320765800887,19.553957638268468,19.021194458007812,19.021194458007812,5900,0.0,0.0
2022-07-06 00:00:00-04:00,19.057792991820413,19.433110570988568,18.970134858804858,19.097793579101562,4900,0.0,0.0
2022-07-07 00:00:00-04:00,19.05523601951604,19.319065831729677,18.995662069425347,19.021194458007812,18000,0.0,0.0
2022-07-08 00:00:00-04:00,19.004174133054928,19.27651313635729,18.995663336293166,19.251832962036133,5800,0.0,0.0
2022-07-11 00:00:00-04:00,19.177791594862356,19.23396155715697,19.148855209350586,19.148855209350586,6000,0.0,0.0
2022-07-12 00:00:00-04:00,19.438215030080336,19.438215030080336,19.195663003787594,19.28076934814453,7300,0.0,0.0
2022-07-13 00:00:00-04:00,19.191407571619493,19.276513919425877,19.0722596586517,19.148855209350586,21500,0.0,0.0
2022-07-14 00:00:00-04:00,18.96162303052059,19.191408065259196,18.96162303052059,18.995664596557617,7900,0.0,0.0
2022-07-15 00:00:00-04:00,19.055238639573997,19.148855787313487,18.944601520374377,18.99651527404785,22200,0.0,0.0
2022-07-18 00:00:00-04:00,19.123324391653455,19.208430746463094,18.987154873265517,19.029708862304688,12500,0.0,0.0
2022-07-19 00:00:00-04:00,19.09779136153131,19.310556411743164,19.09779136153131,19.310556411743164,8700,0.0,0.0
2022-07-20 00:00:00-04:00,19.35311105888328,19.395665047914147,19.191409147103382,19.361621856689453,8400,0.0,0.0
2022-07-21 00:00:00-04:00,19.43821468894323,19.659490531080507,19.3956623291458,19.56161880493164,8500,0.0,0.0
2022-07-22 00:00:00-04:00,19.812682269635797,19.812682269635797,19.608428014064526,19.702043533325195,15100,0.0,0.0
2022-07-25 00:00:00-04:00,19.540345374645533,19.99991875499314,19.540345374645533,19.770132064819336,2700,0.0,0.0
2022-07-26 00:00:00-04:00,19.835660977633946,19.991405487060547,19.5573645558807,19.991405487060547,8200,0.0,0.0
2022-07-27 00:00:00-04:00,19.696086986329888,20.195659260128988,19.696086986329888,20.144596099853516,10800,0.0,0.0
2022-07-28 00:00:00-04:00,20.016940416882534,20.170131544161404,19.96587562561035,19.96587562561035,1900,0.0,0.0
2022-07-29 00:00:00-04:00,20.178637238110593,20.561614990234375,20.046723941587953,20.561614990234375,28400,0.0,0.0
2022-08-01 00:00:00-04:00,20.416934930032912,20.561615235531406,20.382893364587225,20.51395606994629,21100,0.0,0.0
2022-08-02 00:00:00-04:00,20.48927763662171,20.66374493544587,20.255234752481858,20.425447463989258,166700,0.0,0.0
2022-08-03 00:00:00-04:00,20.274807480329162,20.663742622251966,20.274807480329162,20.37438201904297,20900,0.0,0.0
2022-08-04 00:00:00-04:00,20.48332019728618,20.63821249828216,20.399915027327317,20.493532180786133,12000,0.0,0.0
2022-08-05 00:00:00-04:00,20.212683972694734,20.24672716697569,20.01694047538579,20.140344619750977,3200,0.0,0.0
2022-08-08 00:00:00-04:00,20.200768603734442,20.314811353403403,20.03396150166367,20.11906623840332,4600,0.0,0.0
2022-08-09 00:00:00-04:00,20.271407123699152,20.271407123699152,19.880770726251875,19.906301498413086,8900,0.0,0.0
2022-08-10 00:00:00-04:00,20.05949229696439,20.40842691246741,20.05949229696439,20.303747177124023,19500,0.0,0.0
2022-08-11 00:00:00-04:00,20.47650882779431,20.47650882779431,20.22119140625,20.22119140625,6400,0.0,0.0
2022-08-12 00:00:00-04:00,20.25523446509213,20.502042730949167,20.229703695016365,20.23821449279785,5600,0.0,0.0
2022-08-15 00:00:00-04:00,20.290128206862885,20.382894766200288,20.263745220775697,20.306299209594727,6500,0.0,0.0
2022-08-16 00:00:00-04:00,20.46119225889984,20.493532642281046,20.255235165959974,20.40842628479004,4000,0.0,0.0
2022-08-17 00:00:00-04:00,20.246724206165275,20.246724206165275,19.99991595352728,20.0382137298584,6800,0.0,0.0
2022-08-18 00:00:00-04:00,20.028852671259433,20.028852671259433,19.855235974133766,19.991405487060547,7500,0.0,0.0
2022-08-19 00:00:00-04:00,20.374383678045167,20.40842524534651,19.642471313476562,19.642471313476562,15300,0.0,0.0
2022-08-22 00:00:00-04:00,19.75310552557227,20.026296732853922,19.404170989990234,19.404170989990234,12200,0.0,0.0
2022-08-23 00:00:00-04:00,19.412684811741503,19.453535991464864,18.740348024962536,19.038219451904297,29700,0.0,0.0
2022-08-24 00:00:00-04:00,19.148857533781197,19.427153977576847,18.774390531938668,19.1318359375,12500,0.0,0.0
2022-08-25 00:00:00-04:00,19.59991650558559,19.659490458389108,19.268001931972695,19.610979080200195,17000,0.0,0.0
2022-08-26 00:00:00-04:00,19.676514037557464,20.43821174091356,19.31906866138995,19.39566421508789,50100,0.0,0.0
2022-08-29 00:00:00-04:00,19.341197994946377,19.557367084080308,19.31907121728803,19.468006134033203,21500,0.0,0.0
2022-08-30 00:00:00-04:00,19.629641377725353,19.629641377725353,19.448126323386695,19.52591896057129,21100,0.352,0.0
2022-08-31 00:00:00-04:00,19.136953417929366,19.47405535376115,19.136953417929366,19.257965087890625,20200,0.0,0.0
2022-09-01 00:00:00-04:00,19.32711232779163,19.439478531462107,19.050517073860217,19.275249481201172,7300,0.0,0.0
2022-09-02 00:00:00-04:00,19.53455773729138,19.53455773729138,19.1248498437657,19.301179885864258,11600,0.0,0.0
2022-09-06 00:00:00-04:00,19.13695267749641,19.238947305419202,19.015942660855075,19.14127540588379,9300,0.0,0.0
2022-09-07 00:00:00-04:00,19.14992097134815,19.332299899268833,19.021994907275204,19.23203468322754,19500,0.0,0.0
2022-09-08 00:00:00-04:00,19.23203452961272,19.275251925280255,18.981369018554688,18.981369018554688,27900,0.0,0.0
2022-09-09 00:00:00-04:00,19.145598242564088,19.40490756455444,19.145598242564088,19.23203468322754,8200,0.0,0.0
2022-09-12 00:00:00-04:00,19.42219324193763,19.49998587250202,19.344400611373242,19.42046546936035,28800,0.0,0.0
2022-09-13 00:00:00-04:00,19.361685910214177,19.361685910214177,19.180170893060847,19.275249481201172,6700,0.0,0.0
2022-09-14 00:00:00-04:00,19.30118370911744,19.38762015069037,19.111024856567383,19.111024856567383,6200,0.0,0.0
2022-09-15 00:00:00-04:00,19.188814568679568,19.188814568679568,18.92086147572077,18.95543670654297,36900,0.0,0.0
2022-09-16 00:00:00-04:00,18.87764510149407,19.098056439612144,18.79985247659644,18.929506301879883,15500,0.0,0.0
2022-09-19 00:00:00-04:00,18.89493419093685,19.102380657291032,18.799853942285285,18.972726821899414,10400,0.0,0.0
2022-09-20 00:00:00-04:00,18.92950541107113,18.945063605590935,18.78256397636143,18.857763290405273,17800,0.0,0.0
2022-09-21 00:00:00-04:00,18.86035372582175,18.938146335213407,18.71341231348612,18.899250030517578,6100,0.0,0.0
2022-09-22 00:00:00-04:00,18.9295054047355,18.9295054047355,18.539678412497075,18.7203311920166,9400,0.0,0.0
2022-09-23 00:00:00-04:00,18.713417392030216,18.920863857160032,18.246663257647626,18.350385665893555,38000,0.0,0.0
2022-09-26 00:00:00-04:00,18.367672988346644,18.381503411921585,17.92512086624161,18.151582717895508,18400,0.0,0.0
2022-09-27 00:00:00-04:00,18.092803394629748,18.27259063720703,18.069466927451874,18.27259063720703,12700,0.0,0.0
2022-09-28 00:00:00-04:00,18.367673437104205,18.70477373967985,18.11355073209172,18.601051330566406,30600,0.0,0.0
2022-09-29 00:00:00-04:00,18.50596827570875,18.50596827570875,17.935490166169785,18.384958267211914,34100,0.0,0.0
2022-09-30 00:00:00-04:00,18.23802063980401,18.946796520773702,18.151584194862764,18.88629150390625,77800,0.0,0.0
2022-10-03 00:00:00-04:00,18.946796238226913,18.946796238226913,18.687488555908203,18.687488555908203,7500,0.0,0.0
2022-10-04 00:00:00-04:00,18.359028151722466,19.25796441781163,18.359028151722466,18.929506301879883,22100,0.0,0.0
2022-10-05 00:00:00-04:00,18.938150599463697,18.938150599463697,18.799852962435658,18.817140579223633,5200,0.0,0.0
2022-10-06 00:00:00-04:00,18.929508619768853,18.929508619768853,18.592408303026925,18.687488555908203,10800,0.0,0.0
2022-10-07 00:00:00-04:00,18.583761493813167,18.73070292970976,18.34173982038414,18.402246475219727,12400,0.0,0.0
2022-10-10 00:00:00-04:00,18.592407369830468,18.592407369830468,18.160226821899414,18.160226821899414,10500,0.0,0.0
2022-10-11 00:00:00-04:00,18.272592239500863,18.272592239500863,17.883630752563477,17.883630752563477,32000,0.0,0.0
2022-10-12 00:00:00-04:00,18.056502708416822,18.056502708416822,17.745333835955293,17.849056243896484,10300,0.0,0.0
2022-10-13 00:00:00-04:00,17.658897589905575,17.96142430554326,17.50849894270058,17.91820526123047,12200,0.0,0.0
2022-10-14 00:00:00-04:00,17.97006752062305,17.97006752062305,17.667540814981717,17.710758209228516,6400,0.0,0.0
2022-10-17 00:00:00-04:00,17.710758209228516,17.822260537186622,17.57246056927326,17.710758209228516,5100,0.0,0.0
2022-10-18 00:00:00-04:00,17.823124544160862,17.823124544160862,17.57245906283217,17.65889549255371,9800,0.0,0.0
2022-10-19 00:00:00-04:00,17.503308234018125,17.691739266420928,17.503308234018125,17.529239654541016,20100,0.0,0.0
2022-10-20 00:00:00-04:00,17.51800619296108,17.7107583446508,17.22671660110627,17.46873664855957,25700,0.0,0.0
2022-10-21 00:00:00-04:00,17.287217588938894,17.39958377786648,17.287217588938894,17.390941619873047,8900,0.0,0.0
2022-10-24 00:00:00-04:00,17.520598251596066,17.60703468322754,17.28722038078243,17.60703468322754,14300,0.0,0.0
2022-10-25 00:00:00-04:00,17.641609487273467,17.650253295898438,17.416875408938004,17.650253295898438,16200,0.0,0.0
2022-10-26 00:00:00-04:00,17.47737862550485,17.88795042551093,17.47737862550485,17.635557174682617,29700,0.0,0.0
2022-10-27 00:00:00-04:00,17.918205910930165,17.918205910930165,17.390946740299828,17.563817977905273,11000,0.0,0.0
2022-10-28 00:00:00-04:00,17.81448105837084,17.85683456348612,17.39958651793463,17.48602294921875,37000,0.0,0.0
2022-10-31 00:00:00-04:00,17.555172986832623,17.849055884478133,17.339082717895508,17.339082717895508,39800,0.0,0.0
2022-11-01 00:00:00-04:00,17.50331036216623,17.676183222729158,17.373656541062925,17.416873931884766,13200,0.0,0.0
2022-11-02 00:00:00-04:00,17.53788790447775,17.72804675724155,17.373658830168377,17.555173873901367,18500,0.0,0.0
2022-11-03 00:00:00-04:00,17.520600193433612,17.669269421515736,17.425519943237305,17.425519943237305,17400,0.0,0.0
2022-11-04 00:00:00-04:00,17.460093660254422,17.555172253541475,17.3736572265625,17.3736572265625,17000,0.0,0.0
2022-11-07 00:00:00-05:00,17.4946679753123,17.4946679753123,17.295865323563252,17.339082717895508,19800,0.0,0.0
2022-11-08 00:00:00-05:00,17.416875408938004,17.67618472177335,17.416875408938004,17.650253295898438,17300,0.0,0.0
2022-11-09 00:00:00-05:00,17.883631282909803,17.883631282909803,17.399587889030993,17.58974838256836,16600,0.0,0.0
2022-11-10 00:00:00-05:00,17.80583705517663,18.15158112788498,17.72804443273753,17.978708267211914,44900,0.0,0.0
2022-11-11 00:00:00-05:00,18.047859690873743,18.514615492985712,17.926849660091243,17.93549346923828,30300,0.0,0.0
2022-11-14 00:00:00-05:00,17.944135790929234,18.30716750182171,17.43416263399366,17.51195526123047,18600,0.0,0.0
2022-11-15 00:00:00-05:00,17.73668700325247,17.944133432405184,17.5465265400509,17.745330810546875,30800,0.0,0.0
2022-11-16 00:00:00-05:00,17.728046813621944,17.900918048873912,17.624322753560364,17.676185607910156,14900,0.0,0.0
2022-11-17 00:00:00-05:00,17.615677573277704,17.788550443711053,17.511955169927997,17.762619018554688,25400,0.0,0.0
2022-11-18 00:00:00-05:00,17.5811046709714,17.847328374210942,17.5811046709714,17.719402313232422,17900,0.0,0.0
2022-11-21 00:00:00-05:00,17.82312895800838,17.892277789182568,17.719404886928,17.86634635925293,17800,0.0,0.0
2022-11-22 00:00:00-05:00,17.926849415852796,18.04785944498664,17.72804675409349,17.896596908569336,31900,0.0,0.0
2022-11-23 00:00:00-05:00,17.987353453449273,18.061688888153153,17.814482228167165,17.892274856567383,43600,0.0,0.0
2022-11-25 00:00:00-05:00,17.883629475117026,18.0219271026344,17.823124469157893,17.90955924987793,6000,0.0,0.0
2022-11-28 00:00:00-05:00,17.883628548562655,18.00463855421137,17.8231235457383,17.874984741210938,20200,0.0,0.0
2022-11-29 00:00:00-05:00,17.911918441242186,18.026230383762897,17.727258623711002,17.780017852783203,39500,0.352,0.0
2022-11-30 00:00:00-05:00,17.82398598048367,18.087783813476562,17.656913125089122,18.087783813476562,37900,0.0,0.0
2022-12-01 00:00:00-05:00,18.087784421299318,18.31641000026257,18.070197451259272,18.078990936279297,31000,0.0,0.0
2022-12-02 00:00:00-05:00,17.999850002694565,18.43951416015625,17.999850002694565,18.43951416015625,53700,0.0,0.0
2022-12-05 00:00:00-05:00,18.395549131933283,18.615381219228286,17.955884957343276,18.035024642944336,35000,0.0,0.0
2022-12-06 00:00:00-05:00,18.158131235054267,18.254857896342305,17.940058501654093,18.07019805908203,45200,0.0,0.0
2022-12-07 00:00:00-05:00,18.14054257380456,18.41313556163261,18.11328495220743,18.28123664855957,38500,0.0,0.0
2022-12-08 00:00:00-05:00,18.272443638320162,18.44830830125352,18.078990328752038,18.087783813476562,13900,0.0,0.0
2022-12-09 00:00:00-05:00,18.22847498953869,18.272442410206214,17.859157041859536,17.894330978393555,24200,0.0,0.0
2022-12-12 00:00:00-05:00,17.982265933973355,18.13175182476381,17.815193073163844,17.99985122680664,26600,0.0,0.0
2022-12-13 00:00:00-05:00,18.307614613846816,18.40434126183543,18.008642862959825,18.15812873840332,20300,0.0,0.0
2022-12-14 00:00:00-05:00,18.360375241098563,18.413136149761538,18.11856027987663,18.19330406188965,26100,0.0,0.0
2022-12-15 00:00:00-05:00,18.114164328545396,18.320805350116405,17.938297987835103,18.035024642944336,17500,0.0,0.0
2022-12-16 00:00:00-05:00,17.982264720721876,18.27244299771512,17.93829729864068,18.017436981201172,25300,0.0,0.0
2022-12-19 00:00:00-05:00,17.947092056274414,18.228476868813654,17.79760616496472,17.947092056274414,37800,0.0,0.0
2022-12-20 00:00:00-05:00,18.035026616874028,18.094819971686174,17.788814048368852,17.982267379760742,17000,0.0,0.0
2022-12-21 00:00:00-05:00,17.93829611374685,18.105368952248263,17.797603726751625,17.90312385559082,44700,0.0,0.0
2022-12-22 00:00:00-05:00,17.894333410919998,17.99105839516597,17.788813264159316,17.859159469604492,37700,0.0,0.0
2022-12-23 00:00:00-05:00,17.911918527562204,17.969073660505174,17.806398391723633,17.806398391723633,12400,0.0,0.0
2022-12-27 00:00:00-05:00,17.806399585762506,17.929505021507836,17.630533239967086,17.709672927856445,47100,0.0,0.0
2022-12-28 00:00:00-05:00,17.806397872354065,18.087782656802062,17.806397872354065,18.052610397338867,17100,0.0,0.0
2022-12-29 00:00:00-05:00,17.98226337895152,18.19330195763735,17.617341350242214,17.718463897705078,68500,0.0,0.0
2022-12-30 00:00:00-05:00,17.81519129837762,17.922469121309405,17.604152710730332,17.894330978393555,35700,0.0,0.0
2023-01-03 00:00:00-05:00,17.982264170511375,18.166922306045354,17.762432098388672,17.762432098388672,29700,0.0,0.0
2023-01-04 00:00:00-05:00,17.780017938467576,18.026230470633802,17.764190337388204,17.806398391723633,26900,0.0,0.0
2023-01-05 00:00:00-05:00,17.885538769604793,17.91191922388639,17.69208713643027,17.823986053466797,49300,0.0,0.0
2023-01-06 00:00:00-05:00,18.235514014249357,18.333998370497767,17.91192112041667,18.114166259765625,69400,0.0,0.0
2023-01-09 00:00:00-05:00,18.228476214697533,18.40434255481661,18.087783813476562,18.087783813476562,38200,0.0,0.0
2023-01-10 00:00:00-05:00,18.122955322265625,18.184508029897977,17.95588248927389,18.122955322265625,55200,0.0,0.0
2023-01-11 00:00:00-05:00,18.175717720539918,18.545035708016805,18.043818798695124,18.26365089416504,53100,0.0,0.0
2023-01-12 00:00:00-05:00,18.33399703479918,18.558225033448338,18.150217725635795,18.316410064697266,58500,0.0,0.0
2023-01-13 00:00:00-05:00,18.307615851513322,18.65582979519024,18.307615851513322,18.430721282958984,29400,0.0,0.0
2023-01-17 00:00:00-05:00,18.465890324562935,18.6857223522363,18.439509877455432,18.553823471069336,45300,0.0,0.0
2023-01-18 00:00:00-05:00,18.68572552721702,19.019869528095022,18.465893462190937,18.615379333496094,51800,0.0,0.0
2023-01-19 00:00:00-05:00,18.6417622626718,18.89676661985695,18.465895916403174,18.738487243652344,45300,0.0,0.0
2023-01-20 00:00:00-05:00,18.756073083480956,18.9583181954726,18.729692629974608,18.782453536987305,43800,0.0,0.0
2023-01-23 00:00:00-05:00,18.83521337611033,19.01987152507121,18.756073690216887,18.77366065979004,36000,0.0,0.0
2023-01-24 00:00:00-05:00,18.817626369288963,19.01987148742266,18.73848668355217,18.905559539794922,59000,0.0,0.0
2023-01-25 00:00:00-05:00,18.90556262806937,19.23091490893287,18.79564656627827,19.17815399169922,56400,0.0,0.0
2023-01-26 00:00:00-05:00,19.178151433788,19.204531888886294,18.993493279657255,19.02866554260254,52300,0.0,0.0
2023-01-27 00:00:00-05:00,18.96711095027105,19.204529991137164,18.685726165771484,18.685726165771484,134400,0.0,0.0
2023-01-30 00:00:00-05:00,18.685728156758238,18.89676676761933,18.55382923461828,18.712108612060547,109200,0.0,0.0
2023-01-31 00:00:00-05:00,18.676931964835514,18.975903706188948,18.518652610332452,18.800037384033203,754900,0.0,0.0
2023-02-01 00:00:00-05:00,18.82641981730889,19.081425843559824,18.817626332556884,19.037458419799805,33600,0.0,0.0
2023-02-02 00:00:00-05:00,19.178148947208882,19.582640820342053,19.157044921303683,19.538673400878906,127000,0.0,0.0
2023-02-03 00:00:00-05:00,19.36280944142859,19.557139907636728,19.019870266193383,19.134183883666992,29300,0.0,0.0
2023-02-06 00:00:00-05:00,18.993490273243726,19.125389173485836,18.88797014673873,18.940731048583984,25300,0.0,0.0
2023-02-07 00:00:00-05:00,18.905559539794922,19.08142588080684,18.685727452122887,18.905559539794922,40000,0.0,0.0
2023-02-08 00:00:00-05:00,18.94073348904517,19.2924644940722,18.81762637939641,19.195737838745117,35600,0.0,0.0
2023-02-09 00:00:00-05:00,19.345220529025912,19.38039446230952,19.151768927522415,19.266080856323242,29400,0.0,0.0
2023-02-10 00:00:00-05:00,19.27487688176834,19.38039701835055,18.94952466472672,19.336429595947266,135600,0.0,0.0
2023-02-13 00:00:00-05:00,19.380400312757658,19.424366065448854,19.138583641398192,19.371606826782227,125100,0.0,0.0
2023-02-14 00:00:00-05:00,19.52988126871633,20.05747859849202,19.34522312574696,19.705747604370117,92100,0.0,0.0
2023-02-15 00:00:00-05:00,19.696953367384754,19.943165892456847,19.301256643059077,19.3188419342041,161300,0.0,0.0
2023-02-16 00:00:00-05:00,19.24849698523464,19.424363325564702,19.028664898414927,19.169357299804688,45000,0.0,0.0
2023-02-17 00:00:00-05:00,19.23970294384571,19.397982310126192,18.94952466472672,19.336429595947266,35000,0.0,0.0
2023-02-21 00:00:00-05:00,19.345223120491184,19.345223120491184,18.931939412158442,18.993492126464844,42000,0.0,0.0
2023-02-22 00:00:00-05:00,19.12539160089727,19.336430203506954,19.028664945756518,19.32763671875,19400,0.0,0.0
2023-02-23 00:00:00-05:00,19.380398423930522,19.820062616736358,19.318844028101637,19.740922927856445,39300,0.0,0.0
2023-02-24 00:00:00-05:00,19.811266546477146,19.811266546477146,19.195736085994252,19.591434478759766,177300,0.0,0.0
2023-02-27 00:00:00-05:00,19.718301599866326,19.87465526518111,19.65576081538384,19.852317810058594,21700,0.352,0.0
2023-02-28 00:00:00-05:00,19.834450231712577,20.334778211681037,19.530679246418867,19.852317810058594,768400,0.0,0.0
2023-03-01 00:00:00-05:00,19.762977109708107,19.762977109708107,19.35199208588827,19.477073669433594,9900,0.0,0.0
2023-03-02 00:00:00-05:00,19.36985940942395,19.655761116645046,19.039284495381683,19.55748176574707,33300,0.0,0.0
2023-03-03 00:00:00-05:00,19.52174821099282,19.63789516018364,19.226911812468092,19.512813568115234,17800,0.0,0.0
2023-03-06 00:00:00-05:00,19.60215778727607,19.682567866991803,19.396664414608736,19.468141555786133,15000,0.0,0.0
2023-03-07 00:00:00-05:00,19.521746997544007,19.584287789690748,19.164369825199223,19.4234676361084,25300,0.0,0.0
2023-03-08 00:00:00-05:00,19.217977169590508,19.548550435516685,19.209042526712924,19.512813568115234,10200,0.0,0.0
2023-03-09 00:00:00-05:00,19.512810730945716,19.548547593151014,19.003548089732597,19.235843658447266,31600,0.0,0.0
2023-03-10 00:00:00-05:00,19.235844130184155,19.235844130184155,17.99395618605723,18.19944953918457,53900,0.0,0.0
2023-03-13 00:00:00-04:00,17.511495274882666,18.26198805124253,14.81329513626071,16.350017547607422,125700,0.0,0.0
2023-03-14 00:00:00-04:00,16.87714876479731,18.291470122563624,16.80120687809176,17.868871688842773,30200,0.0,0.0
2023-03-15 00:00:00-04:00,17.40428836093944,17.413223005252828,16.350024189487712,16.680599212646484,66400,0.0,0.0
2023-03-16 00:00:00-04:00,16.57338220774864,17.627646189812136,16.350021252365995,17.037973403930664,63200,0.0,0.0
2023-03-17 00:00:00-04:00,16.707399974587894,16.71633291309669,15.813956162130976,16.064119338989258,92200,0.0,0.0
2023-03-20 00:00:00-04:00,16.090922429481008,17.13178353069099,16.090922429481008,16.31428337097168,52800,0.0,0.0
2023-03-21 00:00:00-04:00,16.841415640683525,17.70805549621582,16.841415640683525,17.70805549621582,79000,0.0,0.0
2023-03-22 00:00:00-04:00,17.685717265322335,17.86887314691386,17.422151318241013,17.743791580200195,46900,0.0,0.0
2023-03-23 00:00:00-04:00,17.75272964793943,18.27092700105924,17.341744600094692,17.511499404907227,61800,0.0,0.0
2023-03-24 00:00:00-04:00,17.529371096641647,17.55617332458496,16.769943396247523,17.55617332458496,32200,0.0,0.0
2023-03-27 00:00:00-04:00,20.272241219704032,20.272241219704032,18.369204884987056,18.905271530151367,102600,0.0,0.0
2023-03-28 00:00:00-04:00,18.905269370701,19.29838509279912,18.68190843607163,19.11969566345215,54300,0.0,0.0
2023-03-29 00:00:00-04:00,19.119697342220547,19.557484608040138,19.119697342220547,19.36092758178711,51000,0.0,0.0
2023-03-30 00:00:00-04:00,19.334122484497858,19.49047616547591,18.984787009290205,19.298385620117188,44300,0.0,0.0
2023-03-31 00:00:00-04:00,19.360927777880082,19.521747939219953,19.07502602621313,19.226911544799805,210500,0.0,0.0
2023-04-03 00:00:00-04:00,19.222443484383952,19.31893524093341,18.941009904493388,19.039287567138672,32800,0.0,0.0
2023-04-04 00:00:00-04:00,19.030351802680386,19.030351802680386,17.9403510062593,18.396007537841797,36700,0.0,0.0
2023-04-05 00:00:00-04:00,18.235186839167874,18.744449505071625,18.235186839167874,18.32453155517578,18500,0.0,0.0
2023-04-06 00:00:00-04:00,18.485353850177468,18.664041598838526,18.288795111308712,18.58363151550293,22000,0.0,0.0
2023-04-10 00:00:00-04:00,18.664038324953832,18.70335040665358,18.413875179888027,18.65510368347168,22600,0.0,0.0
2023-04-11 00:00:00-04:00,18.583631597643468,18.672976324423363,18.547894729396862,18.637239456176758,15400,0.0,0.0
2023-04-12 00:00:00-04:00,18.708710709070523,18.851661558277044,18.20838103273915,18.217315673828125,61700,0.0,0.0
2023-04-13 00:00:00-04:00,18.422810703817596,18.699777786596503,18.369202852356878,18.56576156616211,15400,0.0,0.0
2023-04-14 00:00:00-04:00,18.610433480138525,18.824859778362363,18.449613330443466,18.798057556152344,19100,0.0,0.0
2023-04-17 00:00:00-04:00,18.84273062048018,19.0928955078125,18.717649028868458,19.0928955078125,7900,0.0,0.0
2023-04-18 00:00:00-04:00,19.0750253670101,19.209041595458984,19.030352154787938,19.209041595458984,15000,0.0,0.0
2023-04-19 00:00:00-04:00,19.262648250466498,19.262648250466498,19.02141971458474,19.253713607788086,14900,0.0,0.0
2023-04-20 00:00:00-04:00,18.717648100052216,19.244780072985268,18.717648100052216,18.78912353515625,24800,0.0,0.0
2023-04-21 00:00:00-04:00,18.949943462372513,19.08038788831129,18.949943462372513,19.030353546142578,8000,0.0,0.0
2023-04-24 00:00:00-04:00,19.048220507600472,19.11076129754242,18.878465717680378,19.09914779663086,7000,0.0,0.0
2023-04-25 00:00:00-04:00,18.98568118387004,19.11791151003674,18.562187981387066,18.780189514160156,18500,0.0,0.0
2023-04-26 00:00:00-04:00,18.744450134130958,18.97674572190382,18.530023830981108,18.923139572143555,15500,0.0,0.0
2023-04-27 00:00:00-04:00,18.932073478787615,18.985679626464844,18.762318689682903,18.985679626464844,16100,0.0,0.0
2023-04-28 00:00:00-04:00,18.85166256667269,19.119694997245126,18.78912177981303,19.101825714111328,30900,0.0,0.0
2023-05-01 00:00:00-04:00,18.994615304831324,18.994615304831324,18.51215483708569,18.601499557495117,8600,0.0,0.0
2023-05-02 00:00:00-04:00,18.672975054002713,18.672975054002713,17.904614545832633,18.020761489868164,48000,0.0,0.0
2023-05-03 00:00:00-04:00,18.154778770860755,18.449615173383457,17.868877011336792,18.13690948486328,34100,0.0,0.0
2023-05-04 00:00:00-04:00,17.74379747612469,17.74379747612469,16.510843864999952,17.029041290283203,47000,0.0,0.0
2023-05-05 00:00:00-04:00,17.19879290665019,17.890318548027203,17.15412139892578,17.15412139892578,20400,0.0,0.0
2023-05-08 00:00:00-04:00,17.33280956634539,17.565105161346874,17.10944861393344,17.279203414916992,22800,0.0,0.0
2023-05-09 00:00:00-04:00,17.234532484803314,17.452532318160074,16.81461278953855,17.243465423583984,29800,0.0,0.0
2023-05-10 00:00:00-04:00,17.859940369567884,18.110105233208955,17.33280842039797,18.01093292236328,49400,0.0,0.0
2023-05-11 00:00:00-04:00,17.797402296070825,18.07436942387267,17.56510668097254,17.681255340576172,26600,0.0,0.0
2023-05-12 00:00:00-04:00,18.002892161990964,18.044884811140733,17.600843475956705,17.99395751953125,30800,0.0,0.0
2023-05-15 00:00:00-04:00,17.993960749307874,18.116363498456604,17.690189667588292,18.029699325561523,15700,0.0,0.0
2023-05-16 00:00:00-04:00,17.877810810303938,18.24858910464768,17.868876167727016,17.88674545288086,29300,0.0,0.0
2023-05-17 00:00:00-04:00,17.895678423368654,18.485351145478656,17.895678423368654,18.253055572509766,16800,0.0,0.0
2023-05-18 00:00:00-04:00,18.190514650254663,18.485351009135023,18.101169937601206,18.413875579833984,11900,0.0,0.0
2023-05-19 00:00:00-04:00,18.23518772197582,18.48535259808729,18.00289213075277,18.101171493530273,13300,0.0,0.0
2023-05-22 00:00:00-04:00,18.092235610028478,18.28968727505085,17.699119889993476,18.11903953552246,21000,0.0,0.0
2023-05-23 00:00:00-04:00,17.886748428765145,18.51215817622202,17.886748428765145,18.029699325561523,21000,0.0,0.0
2023-05-24 00:00:00-04:00,17.95822104630703,18.315598231962582,17.913547833032062,18.226253509521484,13500,0.0,0.0
2023-05-25 00:00:00-04:00,18.181579524668756,18.315595738027724,18.09223481439324,18.26198959350586,10800,0.0,0.0
2023-05-26 00:00:00-04:00,18.26199208014146,18.270926722796453,18.136908787080387,18.226253509521484,10900,0.0,0.0
2023-05-30 00:00:00-04:00,18.48262845217056,18.48262845217056,18.182615367960384,18.228071212768555,6600,0.352,0.0
2023-05-31 00:00:00-04:00,18.228070364918032,18.500810623168945,18.13715867953031,18.500810623168945,32900,0.0,0.0
2023-06-01 00:00:00-04:00,18.391713820245506,18.62808801258345,18.337166463253432,18.409896850585938,15100,0.0,0.0
2023-06-02 00:00:00-04:00,18.428080378541907,19.000831977497803,18.29171111536472,18.873554229736328,21800,0.0,0.0
2023-06-05 00:00:00-04:00,18.800824841735334,19.009924505345218,18.728094448565404,18.819007873535156,14400,0.0,0.0
2023-06-06 00:00:00-04:00,18.93719177930083,19.091744062501288,18.646270242459757,18.923555374145508,36200,0.0,0.0
2023-06-07 00:00:00-04:00,19.05537860442958,19.05537860442958,18.72809273217464,18.9099178314209,11200,0.0,0.0
2023-06-08 00:00:00-04:00,18.864462780800107,18.864462780800107,18.58263273803683,18.678091049194336,6800,0.0,0.0
2023-06-09 00:00:00-04:00,18.65536117553711,18.828094748882187,18.65536117553711,18.65536117553711,3200,0.0,0.0
2023-06-12 00:00:00-04:00,18.637180073549544,18.81900691422027,18.437171936035156,18.437171936035156,11600,0.0,0.0
2023-06-13 00:00:00-04:00,18.500810527407637,18.77354905021759,18.473535981514946,18.609905242919922,14300,0.0,0.0
2023-06-14 00:00:00-04:00,18.655364645496867,18.655364645496867,18.373532845772875,18.564451217651367,18500,0.0,0.0
2023-06-15 00:00:00-04:00,18.564448038006958,18.682634260143058,18.446261815870855,18.637178421020508,10600,0.0,0.0
2023-06-16 00:00:00-04:00,18.755368654735918,18.755368654735918,18.418991211611512,18.451719284057617,8400,0.0,0.0
2023-06-20 00:00:00-04:00,18.546267560843948,18.55535907672534,18.34625941354143,18.49172019958496,10300,0.0,0.0
2023-06-21 00:00:00-04:00,18.546268118067804,18.546268118067804,18.32080441313506,18.455354690551758,11600,0.0,0.0
2023-06-22 00:00:00-04:00,18.564451150376893,18.582634182685982,18.309893900137848,18.455354690551758,15900,0.0,0.0
2023-06-23 00:00:00-04:00,18.482627316849385,18.58263225011961,18.346258056772218,18.518993377685547,11600,0.0,0.0
2023-06-26 00:00:00-04:00,18.500809716157665,18.73445627356914,18.40989630119777,18.600812911987305,12900,0.0,0.0
2023-06-27 00:00:00-04:00,18.55535938818879,18.87355551326115,18.455354445844208,18.800825119018555,24500,0.0,0.0
2023-06-28 00:00:00-04:00,18.864461724990168,18.864461724990168,18.455352222884738,18.709909439086914,11900,0.0,0.0
2023-06-29 00:00:00-04:00,18.80991541267899,18.80991541267899,18.337167013809285,18.373531341552734,12600,0.0,0.0
2023-06-30 00:00:00-04:00,18.53717457983751,18.84627915925662,18.464444192564148,18.628087997436523,42500,0.0,0.0
2023-07-03 00:00:00-04:00,18.464447309322672,18.833554563897536,18.464447309322672,18.77355194091797,6000,0.0,0.0
2023-07-05 00:00:00-04:00,18.973558717680685,18.973558717680685,18.59172374937475,18.737184524536133,14900,0.0,0.0
2023-07-06 00:00:00-04:00,18.59172443394712,18.660816830768013,18.228070748624223,18.309892654418945,10800,0.0,0.0
2023-07-07 00:00:00-04:00,18.300801115250856,18.609905706958596,18.300801115250856,18.52808380126953,7700,0.0,0.0
2023-07-10 00:00:00-04:00,18.382622856995916,18.637180087317123,18.31898398292293,18.373531341552734,11700,0.0,0.0
2023-07-11 00:00:00-04:00,18.446263465098166,18.446263465098166,18.246253593406763,18.373531341552734,12500,0.0,0.0
2023-07-12 00:00:00-04:00,18.508992049725215,18.628088648281313,18.34898623255091,18.482627868652344,7100,0.0,0.0
2023-07-13 00:00:00-04:00,18.455352141663138,18.62808745668402,18.40989630119777,18.600812911987305,15200,0.0,0.0
2023-07-14 00:00:00-04:00,18.63717960734463,18.764457352212755,18.3644410871903,18.518993377685547,10900,0.0,0.0
2023-07-17 00:00:00-04:00,18.382620759374905,18.618994931837353,18.282617568969727,18.282617568969727,9300,0.0,0.0
2023-07-18 00:00:00-04:00,18.50444708309939,18.50444708309939,18.28261965517948,18.373531341552734,15500,0.0,0.0
2023-07-19 00:00:00-04:00,18.455353046445836,18.682635727973636,18.35534984571349,18.500810623168945,8700,0.0,0.0
2023-07-20 00:00:00-04:00,18.3826242021098,19.04629100579029,18.3826242021098,18.95537757873535,93900,0.0,0.0
2023-07-21 00:00:00-04:00,19.04628871961486,19.091744560671454,18.800823016239224,19.082653045654297,22600,0.0,0.0
2023-07-24 00:00:00-04:00,19.082654559799053,19.082654559799053,18.89173793137775,18.969013214111328,4500,0.0,0.0
2023-07-25 00:00:00-04:00,18.855373577342785,18.946287008938587,18.773551662309515,18.79173469543457,14800,0.0,0.0
2023-07-26 00:00:00-04:00,18.864462617746582,19.073562269149765,18.800823744191636,18.982648849487305,14700,0.0,0.0
2023-07-27 00:00:00-04:00,18.982650237610347,19.091746695988924,18.700820176673975,18.800825119018555,27100,0.0,0.0
2023-07-28 00:00:00-04:00,18.909917317184835,18.955374891282123,18.713545452366166,18.83445930480957,10500,0.0,0.0
2023-07-31 00:00:00-04:00,18.838099086091887,19.091745957723322,18.78446035738605,18.837188720703125,27400,0.0,0.0
2023-08-01 00:00:00-04:00,18.72809400057255,18.837188720703125,18.646272093459963,18.837188720703125,10700,0.0,0.0
2023-08-02 00:00:00-04:00,18.764455605623645,18.791730148712062,18.638086503830053,18.67354393005371,10000,0.0,0.0
2023-08-03 00:00:00-04:00,18.79173334268498,18.809916374501107,18.637181040306633,18.755367279052734,15300,0.0,0.0
2023-08-04 00:00:00-04:00,18.755367348878785,18.955377231542084,18.655364141576495,18.864463806152344,9800,0.0,0.0
2023-08-07 00:00:00-04:00,18.782643518053337,18.90083150147099,18.782643518053337,18.882648468017578,10300,0.0,0.0
2023-08-08 00:00:00-04:00,18.70081882901421,18.883554299861277,18.691727313635386,18.76445770263672,22700,0.0,0.0
2023-08-09 00:00:00-04:00,18.800820616916425,18.955372884426048,18.59172100029428,18.641721725463867,16500,0.0,0.0
2023-08-10 00:00:00-04:00,18.60990725054405,18.782642591773854,18.591725952016777,18.670820236206055,13600,0.0,0.0
2023-08-11 00:00:00-04:00,18.691725774773392,18.846278055430822,18.637178421020508,18.637178421020508,5700,0.0,0.0
2023-08-14 00:00:00-04:00,18.728091557479534,18.864460806867942,18.641723036777908,18.65536117553711,6900,0.0,0.0
2023-08-15 00:00:00-04:00,18.59172376532865,18.728093025405816,18.473535801640345,18.518993377685547,15900,0.0,0.0
2023-08-16 00:00:00-04:00,18.50081026825887,18.655362558094094,18.409896850585938,18.409896850585938,19300,0.0,0.0
2023-08-17 00:00:00-04:00,18.437173735309244,18.546268463134766,18.409899186338148,18.546268463134766,14300,0.0,0.0
2023-08-18 00:00:00-04:00,18.437170662315026,18.582631431190837,18.437170662315026,18.50990104675293,7400,0.0,0.0
2023-08-21 00:00:00-04:00,18.537176476883047,18.582634057349168,18.318985292733842,18.422626495361328,13900,0.0,0.0
2023-08-22 00:00:00-04:00,18.464444207578012,18.491718753088655,18.304438395864032,18.409896850585938,15400,0.0,0.0
2023-08-23 00:00:00-04:00,18.409896666194836,18.582631984640397,18.40080515111568,18.473535537719727,19500,0.0,0.0
2023-08-24 00:00:00-04:00,18.546268118067804,18.546268118067804,18.40080732765389,18.455354690551758,13000,0.0,0.0
2023-08-25 00:00:00-04:00,18.573541011896673,18.655362915969018,18.30989226899038,18.500810623168945,35000,0.0,0.0
2023-08-28 00:00:00-04:00,18.44626235961914,18.628087455498193,18.44626235961914,18.44626235961914,7500,0.0,0.0
2023-08-29 00:00:00-04:00,18.455351596472077,18.709908804034058,18.446261815870855,18.637178421020508,7700,0.0,0.0
2023-08-30 00:00:00-04:00,18.777780659315876,18.89803344918239,18.602029296163156,18.842533111572266,13000,0.352,0.0
2023-08-31 00:00:00-04:00,18.814783423042275,19.184788641109545,18.814783423042275,19.147789001464844,71600,0.0,0.0
2023-09-01 00:00:00-04:00,18.95353457531826,19.21253910214744,18.722281100610633,19.161663055419922,9000,0.0,0.0
2023-09-05 00:00:00-04:00,19.0506597526845,19.28191321697002,19.0506597526845,19.10153579711914,12700,0.0,0.0
2023-09-06 00:00:00-04:00,19.101538258576156,19.24029000216247,18.962786514989837,19.184789657592773,10700,0.0,0.0
2023-09-07 00:00:00-04:00,19.21254013186934,19.21254013186934,19.101537681757797,19.166288375854492,9700,0.0,0.0
2023-09-08 00:00:00-04:00,19.11078728788321,19.4160418083838,19.11078728788321,19.203289031982422,6500,0.0,0.0
2023-09-11 00:00:00-04:00,19.212536594631548,19.295787975806697,19.203286245131668,19.207910537719727,5200,0.0,0.0
2023-09-12 00:00:00-04:00,19.157038652739836,19.249540403478232,19.055288314819336,19.055288314819336,12700,0.0,0.0
2023-09-13 00:00:00-04:00,19.194037810220188,19.194037810220188,19.055286082529165,19.175537109375,8200,0.0,0.0
2023-09-14 00:00:00-04:00,19.22178992240272,19.240288859944986,18.972035740179752,19.083036422729492,21500,0.0,0.0
2023-09-15 00:00:00-04:00,19.147790344500706,19.767549789855153,18.935035785405766,19.453044891357422,63000,0.0,0.0
2023-09-18 00:00:00-04:00,19.389215349608943,19.712044273771888,19.286538757757622,19.406789779663086,6700,0.0,0.0
2023-09-19 00:00:00-04:00,19.490042789953016,19.508543491579903,19.268039663402377,19.397541046142578,13800,0.0,0.0
2023-09-20 00:00:00-04:00,19.44379177863763,19.508542466605746,19.2587883007368,19.36054039001465,14200,0.0,0.0
2023-09-21 00:00:00-04:00,19.268038086833094,19.425290509146762,19.05528532850398,19.27728843688965,16600,0.0,0.0
2023-09-22 00:00:00-04:00,19.295789883247526,19.295789883247526,18.98128502645704,19.24028778076172,11000,0.0,0.0
2023-09-25 00:00:00-04:00,19.16628617777882,19.25878791487591,18.99978516819272,19.15703582763672,16400,0.0,0.0
2023-09-26 00:00:00-04:00,19.101537761922074,19.147789518131027,18.870284273849595,18.939661026000977,23100,0.0,0.0
2023-09-27 00:00:00-04:00,18.94428402210913,18.96278472332574,18.664005279541016,18.664005279541016,33300,0.0,0.0
2023-09-28 00:00:00-04:00,18.68528175354004,18.759282796027712,18.53727966856469,18.68528175354004,19200,0.0,0.0
2023-09-29 00:00:00-04:00,18.740781255245178,18.999785774517658,18.509527787284586,18.52802848815918,50400,0.0,0.0
2023-10-02 00:00:00-04:00,18.555779637655213,18.555779637655213,18.093272655310596,18.269025802612305,14600,0.0,0.0
2023-10-03 00:00:00-04:00,18.370776279268167,18.370776279268167,17.492012384769684,17.76026725769043,45000,0.0,0.0
2023-10-04 00:00:00-04:00,17.82501686597949,18.30602447935607,17.76951476605798,17.982269287109375,12000,0.0,0.0
2023-10-05 00:00:00-04:00,18.0192710028152,18.0192710028152,17.710316687747735,17.926769256591797,13000,0.0,0.0
2023-10-06 00:00:00-04:00,17.723267135266806,18.065523072961508,17.723267135266806,17.87126922607422,10300,0.0,0.0
2023-10-09 00:00:00-04:00,17.899019231827907,18.010946181367146,17.81576784008216,17.931394577026367,6900,0.0,0.0
2023-10-10 00:00:00-04:00,18.022045042944974,18.241272878434287,18.022045042944974,18.139522552490234,18100,0.0,0.0
2023-10-11 00:00:00-04:00,18.19502124687229,18.389273295117512,18.019268133466774,18.27827262878418,27400,0.0,0.0
2023-10-12 00:00:00-04:00,18.278273874898726,18.278273874898726,17.8250173004355,18.000768661499023,5800,0.0,0.0
2023-10-13 00:00:00-04:00,18.13027210974036,18.26902383664758,17.852766891601988,17.945268630981445,5500,0.0,0.0
2023-10-16 00:00:00-04:00,17.852767162690775,18.084020632488965,17.825017875482324,18.019269943237305,14900,0.0,0.0
2023-10-17 00:00:00-04:00,17.954518244249375,18.074771029803006,17.815766523038448,17.949893951416016,11400,0.0,0.0
2023-10-18 00:00:00-04:00,18.065520686982904,18.065520686982904,17.71401444449692,17.917518615722656,13900,0.0,0.0
2023-10-19 00:00:00-04:00,17.806516904074222,18.05627107110158,17.778765852963208,17.945268630981445,10400,0.0,0.0
2023-10-20 00:00:00-04:00,18.000768468522196,18.185771942138672,17.806516409116387,18.185771942138672,9600,0.0,0.0
2023-10-23 00:00:00-04:00,18.16727403945917,18.250525438973934,17.991522653216137,18.148775100708008,13100,0.0,0.0
2023-10-24 00:00:00-04:00,18.25977545124652,18.328225934164394,18.130274060773743,18.269025802612305,9900,0.0,0.0
2023-10-25 00:00:00-04:00,18.148772793469256,18.31527380700749,18.010019302368164,18.010019302368164,8900,0.0,0.0
2023-10-26 00:00:00-04:00,18.093274317456064,18.281053115216075,17.917522918333006,18.13027572631836,15400,0.0,0.0
2023-10-27 00:00:00-04:00,17.92677043935264,18.019272191679065,17.89902114868164,17.89902114868164,9900,0.0,0.0
2023-10-30 00:00:00-04:00,18.084022304019143,18.167273701987444,17.88051986694336,17.88051986694336,10300,0.0,0.0
2023-10-31 00:00:00-04:00,18.074773741174102,18.074773741174102,17.81576919555664,17.81576919555664,13200,0.0,0.0
2023-11-01 00:00:00-04:00,17.945268885746973,18.084020614624023,17.917519598565935,18.084020614624023,13400,0.0,0.0
2023-11-02 00:00:00-04:00,18.176524862963817,18.63903186591111,18.176524862963817,18.426279067993164,36200,0.0,0.0
2023-11-03 00:00:00-04:00,19.0108859466999,19.0108859466999,18.40777648134534,18.814783096313477,24600,0.0,0.0
2023-11-06 00:00:00-05:00,18.814783867794105,18.85178350831342,18.592780731705936,18.713031768798828,11600,0.0,0.0
2023-11-07 00:00:00-05:00,18.666780130170007,18.851781845092773,18.592779091336112,18.851781845092773,12800,0.0,0.0
2023-11-08 00:00:00-05:00,18.73152979080469,18.9165332599002,18.73152979080469,18.879531860351562,25400,0.0,0.0
2023-11-09 00:00:00-05:00,18.916537071766435,19.05528881938597,18.500280064583624,18.5557804107666,45400,0.0,0.0
2023-11-10 00:00:00-05:00,18.731531179790412,18.88323304767642,18.60202980041504,18.60202980041504,21400,0.0,0.0
2023-11-13 00:00:00-05:00,18.518779133107856,18.777781901977814,18.500278431238847,18.629779815673828,30100,0.0,0.0
2023-11-14 00:00:00-05:00,18.824032866213418,19.02753528525515,18.73153112507664,18.796281814575195,30200,0.0,0.0
2023-11-15 00:00:00-05:00,18.824032007872752,18.879532344294518,18.666779584407838,18.703779220581055,5100,0.0,0.0
2023-11-16 00:00:00-05:00,18.69453188215233,18.972037137615132,18.69453188215233,18.870285034179688,15800,0.0,0.0
2023-11-17 00:00:00-05:00,19.101534750255237,19.314287502300214,18.870281298643615,19.19403648376465,42000,0.0,0.0
2023-11-20 00:00:00-05:00,19.194037793014154,19.32353917016649,19.03678536461891,19.24028778076172,11000,0.0,0.0
2023-11-21 00:00:00-05:00,19.2957893154443,19.360540002115098,19.027534454295125,19.15703582763672,18800,0.0,0.0
2023-11-22 00:00:00-05:00,19.13853614938853,19.305038916840708,19.018283366529147,19.19403648376465,23400,0.0,0.0
2023-11-24 00:00:00-05:00,19.240289229553166,19.36886611064308,19.240289229553166,19.286540985107422,2300,0.0,0.0
2023-11-27 00:00:00-05:00,19.36978995442374,19.591793060302734,19.13853649859264,19.591793060302734,20400,0.0,0.0
2023-11-28 00:00:00-05:00,19.58254354807058,19.749046325683594,19.369790783042355,19.749046325683594,20400,0.0,0.0
2023-11-29 00:00:00-05:00,19.89200395880534,19.939031050080594,19.468770900728693,19.59103775024414,19300,0.352,0.0
2023-11-30 00:00:00-05:00,19.713305983210127,19.910816192626953,19.638064425789487,19.910816192626953,45500,0.0,0.0
2023-12-01 00:00:00-05:00,20.023679252464156,20.13654069066853,19.750927487986523,20.03778648376465,24900,0.0,0.0
2023-12-04 00:00:00-05:00,20.136542314517325,20.136542314517325,19.75092908073874,19.986059188842773,18500,0.0,0.0
2023-12-05 00:00:00-05:00,20.042489158680457,20.11773071868783,19.910816877142622,19.984176635742188,20700,0.0,0.0
2023-12-06 00:00:00-05:00,20.080111288303396,20.127136591655496,19.769739622038674,19.87319564819336,50500,0.0,0.0
2023-12-07 00:00:00-05:00,19.844979575116774,20.108324122782467,19.741521763448002,19.924922943115234,17500,0.0,0.0
2023-12-08 00:00:00-05:00,19.939031104465045,20.070703372594682,19.628659476802245,19.892004013061523,22000,0.0,0.0
2023-12-11 00:00:00-05:00,19.82616890828452,19.844979745822503,19.57504978824305,19.79795265197754,21000,0.0,0.0
2023-12-12 00:00:00-05:00,19.797953438093057,19.9578419757142,19.57222876037502,19.896709442138672,23200,0.0,0.0
2023-12-13 00:00:00-05:00,19.976652923466578,20.19297218322754,19.694497523247954,20.19297218322754,12300,0.0,0.0
2023-12-14 00:00:00-05:00,20.39988804903413,20.6162073112482,20.221188670122356,20.550371170043945,28400,0.0,0.0
2023-12-15 00:00:00-05:00,20.64442366406992,20.797728590964834,20.45631886499262,20.606801986694336,24600,0.0,0.0
2023-12-18 00:00:00-05:00,20.606801324527158,20.672637463918576,20.42810195053598,20.569181442260742,14200,0.0,0.0
2023-12-19 00:00:00-05:00,20.512748374959433,20.879552532093925,20.50334295617135,20.76668930053711,20800,0.0,0.0
2023-12-20 00:00:00-05:00,20.67263578299423,20.973601992254547,20.644421322063646,20.804309844970703,8900,0.0,0.0
2023-12-21 00:00:00-05:00,20.776095757391065,20.98300959936665,20.540965657641415,20.672637939453125,14500,0.0,0.0
2023-12-22 00:00:00-05:00,20.691447831366403,20.870147201292994,20.48453399885682,20.64442253112793,23000,0.0,0.0
2023-12-26 00:00:00-05:00,20.616205528157515,20.79490489161362,20.616205528157515,20.729068756103516,6900,0.0,0.0
2023-12-27 00:00:00-05:00,20.635017122242758,20.83252553601977,20.437506914565525,20.8231201171875,24700,0.0,0.0
2023-12-28 00:00:00-05:00,20.85133549251109,20.85133549251109,20.522153022893704,20.61150360107422,15700,0.0,0.0
2023-12-29 00:00:00-05:00,20.700853098190766,20.888956091663662,20.287023642310064,20.343454360961914,19100,0.0,0.0
2024-01-02 00:00:00-05:00,20.230593382816814,20.230593382816814,20.089515686035156,20.089515686035156,6100,0.0,0.0
2024-01-03 00:00:00-05:00,20.381078420931814,20.381078420931814,19.910818191370765,19.967248916625977,12900,0.0,0.0
2024-01-04 00:00:00-05:00,19.957841333447146,20.239998516939746,19.939032289667814,20.098920822143555,11600,0.0,0.0
2024-01-05 00:00:00-05:00,20.240000516501105,20.240000516501105,20.033084869384766,20.033084869384766,8400,0.0,0.0
2024-01-08 00:00:00-05:00,20.268214720270585,20.47513036471591,20.268214720270585,20.46572494506836,17100,0.0,0.0
2024-01-09 00:00:00-05:00,20.465723790898014,20.60680148985438,20.277618996356015,20.38107681274414,15300,0.0,0.0
2024-01-10 00:00:00-05:00,20.522154040017767,20.635017272928962,20.381076344303942,20.456317901611328,10500,0.0,0.0
2024-01-11 00:00:00-05:00,20.381076649227893,20.65382662583524,20.315240509836475,20.569181442260742,10700,0.0,0.0
2024-01-12 00:00:00-05:00,20.597394298048588,20.82311895573212,20.531558163795072,20.73847198486328,13300,0.0,0.0
2024-01-16 00:00:00-05:00,20.738474746448503,20.738474746448503,20.465724754806732,20.53156089782715,9600,0.0,0.0
2024-01-17 00:00:00-05:00,20.5503703940437,20.616206532761925,20.40929269766175,20.51274871826172,11100,0.0,0.0
2024-01-18 00:00:00-05:00,20.6162073112482,20.663232613851154,20.381077210432824,20.550371170043945,23300,0.0,0.0
2024-01-19 00:00:00-05:00,20.51462857060065,20.766687675132005,20.51462857060065,20.757282257080078,25200,0.0,0.0
2024-01-22 00:00:00-05:00,20.73847477502247,21.030037400086538,20.73847477502247,20.954795837402344,19800,0.0,0.0
2024-01-23 00:00:00-05:00,20.973602887899112,21.133491417633955,20.926577588406587,21.07706069946289,15100,0.0,0.0
2024-01-24 00:00:00-05:00,21.227543471825214,21.396837417537448,21.001818808842287,21.33100128173828,18700,0.0,0.0
2024-01-25 00:00:00-05:00,21.25576268409888,21.678995813351264,21.25576268409888,21.660186767578125,14800,0.0,0.0
2024-01-26 00:00:00-05:00,21.528510043291867,21.76364012867129,21.528510043291867,21.744831085205078,16000,0.0,0.0
2024-01-29 00:00:00-05:00,21.773046210668937,21.87650402543578,21.68557742876062,21.782451629638672,12800,0.0,0.0
2024-01-30 00:00:00-05:00,21.885908974809638,21.885908974809638,21.697804187251503,21.85769271850586,23300,0.0,0.0
2024-01-31 00:00:00-05:00,21.641372082041787,21.90471840897127,21.537914276123047,21.537914276123047,11900,0.0,0.0
2024-02-01 00:00:00-05:00,21.6225644942761,21.631969913854515,21.133493439600695,21.255762100219727,47700,0.0,0.0
2024-02-02 00:00:00-05:00,21.16170845246828,21.24635542979017,21.001819916849175,21.114683151245117,16500,0.0,0.0
2024-02-05 00:00:00-05:00,21.04320394607335,21.123147319000562,20.94915154729405,20.973604202270508,10700,0.0,0.0
2024-02-06 00:00:00-05:00,20.94538992692224,21.189925448389666,20.90776824951172,20.90776824951172,8300,0.0,0.0
2024-02-07 00:00:00-05:00,21.133491602796024,21.133491602796024,20.973603071660307,21.0112247467041,13500,0.0,0.0
2024-02-08 00:00:00-05:00,21.01122685321492,21.293382268730458,21.01122685321492,21.246356964111328,14400,0.0,0.0
2024-02-09 00:00:00-05:00,21.312191598548107,21.51910543567664,21.161708481745492,21.4156494140625,13000,0.0,0.0
2024-02-12 00:00:00-05:00,21.35921842058252,21.66959188922385,21.35921842058252,21.54732322692871,58600,0.0,0.0
2024-02-13 00:00:00-05:00,21.331002504242665,21.46267478338729,21.171113967895508,21.171113967895508,23300,0.0,0.0
2024-02-14 00:00:00-05:00,21.17111275455452,21.434459091651348,21.17111275455452,21.33100128173828,27800,0.0,0.0
2024-02-15 00:00:00-05:00,21.43445959972048,21.631968011799596,21.265165649995406,21.556726455688477,12200,0.0,0.0
2024-02-16 00:00:00-05:00,21.519105911254883,21.519105911254883,21.380850015535806,21.519105911254883,4400,0.0,0.0
2024-02-20 00:00:00-05:00,21.566131776097578,21.62256249444854,21.475841191615878,21.500295639038086,7900,0.0,0.0
2024-02-21 00:00:00-05:00,21.553904139772648,21.66958917316275,21.33100128173828,21.33100128173828,14400,0.0,0.0
2024-02-22 00:00:00-05:00,21.359216249709156,21.622562593048183,21.349812624857943,21.556726455688477,21300,0.0,0.0
2024-02-23 00:00:00-05:00,21.613156957913176,21.9028377532959,21.50970094048378,21.9028377532959,16800,0.0,0.0
2024-02-26 00:00:00-05:00,21.75423581926203,21.75423581926203,21.63196895794628,21.671470642089844,15800,0.0,0.0
2024-02-27 00:00:00-05:00,21.777747954589202,21.885907572640576,21.528508857957696,21.537914276123047,23700,0.0,0.0
2024-02-28 00:00:00-05:00,21.683109376933572,22.1129496446573,21.549379714657256,21.74997329711914,10300,0.352,0.0
2024-02-29 00:00:00-05:00,21.68310873448026,21.99736915004114,21.654451988719018,21.84549331665039,15400,0.0,0.0
2024-03-01 00:00:00-05:00,21.90280563523049,21.90280563523049,21.644900381453144,21.74997329711914,11300,0.0,0.0
2024-03-04 00:00:00-05:00,21.65445220522655,21.857909818640746,21.65445220522655,21.692659378051758,9400,0.0,0.0
2024-03-05 00:00:00-05:00,21.769076920963105,21.792956631227156,21.67355625800179,21.745195388793945,5700,0.0,0.0
2024-03-06 00:00:00-05:00,21.692659311798085,21.835941219694142,21.692659311798085,21.76907730102539,11400,0.0,0.0
2024-03-07 00:00:00-05:00,21.902804159841114,21.99832482020266,21.81683574770623,21.874147415161133,6100,0.0,0.0
2024-03-08 00:00:00-05:00,21.874147069992922,22.065188387701433,21.807283155366456,21.816835403442383,25800,0.0,0.0
2024-03-11 00:00:00-04:00,21.81683574770623,22.00787706842932,21.78817900302625,21.874147415161133,9000,0.0,0.0
2024-03-12 00:00:00-04:00,21.78817937751541,22.16070977713788,21.759524454247973,22.07474136352539,36500,0.0,0.0
2024-03-13 00:00:00-04:00,22.160710462808847,22.294438300608103,21.969669132891212,22.18936538696289,24300,0.0,0.0
2024-03-14 00:00:00-04:00,22.00787666312811,22.255273146593794,22.00787666312811,22.24667739868164,14700,0.0,0.0
2024-03-15 00:00:00-04:00,22.370852500295587,22.370852500295587,21.96966720028377,22.332643508911133,13800,0.0,0.0
2024-03-18 00:00:00-04:00,22.2896626843634,22.2896626843634,22.160711873650378,22.208471298217773,8200,0.0,0.0
2024-03-19 00:00:00-04:00,22.160708211042863,22.20846762771683,22.089067264126953,22.132051467895508,16900,0.0,0.0
2024-03-20 00:00:00-04:00,22.122501760981148,22.256229600551055,22.122501760981148,22.213245391845703,18500,0.0,0.0
2024-03-21 00:00:00-04:00,22.25622870447112,22.552342940032588,22.25622870447112,22.49502944946289,18800,0.0,0.0
2024-03-22 00:00:00-04:00,22.54279009956635,22.54279009956635,22.294437112668753,22.447269439697266,3300,0.0,0.0
2024-03-25 00:00:00-04:00,22.44726963909227,22.44726963909227,22.208468898250864,22.22757339477539,10100,0.0,0.0
2024-03-26 00:00:00-04:00,22.33264528152346,22.33264528152346,22.046085111014836,22.05563735961914,15800,0.0,0.0
2024-03-27 00:00:00-04:00,22.160711226326846,22.303991317749023,22.017429312999457,22.303991317749023,18000,0.0,0.0
2024-03-28 00:00:00-04:00,22.294436817030338,22.366077766458407,21.96966767092513,22.24667739868164,35100,0.0,0.0
2024-04-01 00:00:00-04:00,22.16070987406251,22.16070987406251,21.979220797652914,22.141605377197266,14800,0.0,0.0
2024-04-02 00:00:00-04:00,22.065188735884224,22.065188735884224,21.835940244159552,21.874147415161133,21300,0.0,0.0
2024-04-03 00:00:00-04:00,21.730868494926437,21.93146025267282,21.730868494926437,21.90280532836914,22800,0.0,0.0
2024-04-04 00:00:00-04:00,21.79773275285841,22.148292817115536,21.759525579224803,21.96011734008789,11800,0.0,0.0
2024-04-05 00:00:00-04:00,21.826387359281913,22.13587254079713,21.81683511133388,21.969667434692383,5700,0.0,0.0
2024-04-08 00:00:00-04:00,21.969667434692383,22.122499758050886,21.807282863385847,21.969667434692383,5800,0.0,0.0
2024-04-09 00:00:00-04:00,22.08429354505248,22.16070971004276,21.82638830499587,22.00405502319336,50400,0.0,0.0
2024-04-10 00:00:00-04:00,21.864595865380835,21.96011652879371,21.320130452404108,21.635347366333008,22100,0.0,0.0
2024-04-11 00:00:00-04:00,21.785315215439965,21.785315215439965,21.205508450445194,21.301027297973633,8000,0.0,0.0
2024-04-12 00:00:00-04:00,21.253267135323778,21.386994974738634,21.20550771321995,21.329683303833008,7600,0.0,0.0
2024-04-15 00:00:00-04:00,21.109987475170083,21.109987475170083,20.680145379898722,20.890291213989258,16000,0.0,0.0
2024-04-16 00:00:00-04:00,20.67059182711766,20.947601564799246,20.594175661878793,20.93804931640625,8900,0.0,0.0
2024-04-17 00:00:00-04:00,20.747006488677,21.024016206281765,20.747006488677,20.852079391479492,5000,0.0,0.0
2024-04-18 00:00:00-04:00,20.880737269434462,20.8902895176543,20.708800445287544,20.737455368041992,12100,0.0,0.0
2024-04-19 00:00:00-04:00,20.79477054593949,20.890291213989258,20.77566604794849,20.890291213989258,1400,0.0,0.0
2024-04-22 00:00:00-04:00,20.823423667860773,20.9571533203125,20.708800333650778,20.9571533203125,5500,0.0,0.0
2024-04-23 00:00:00-04:00,20.80432003342405,21.18640083300152,20.80432003342405,21.062223434448242,13300,0.0,0.0
2024-04-24 00:00:00-04:00,21.05267673197537,21.164434224152654,20.78521921401646,20.995363235473633,3200,0.0,0.0
2024-04-25 00:00:00-04:00,20.823424648224538,20.9189453125,20.326720473421386,20.9189453125,24700,0.0,0.0
2024-04-26 00:00:00-04:00,20.737454625589972,21.05267333984375,20.737454625589972,21.05267333984375,3100,0.0,0.0
2024-04-29 00:00:00-04:00,20.880737499291584,21.071777000076093,20.880737499291584,21.01446533203125,9300,0.0,0.0
2024-04-30 00:00:00-04:00,20.966706956224897,21.06222580042041,20.82342504612129,20.832977294921875,14700,0.0,0.0
2024-05-01 00:00:00-04:00,21.033569189190985,21.186401513934015,20.67059105149752,21.1099853515625,29900,0.0,0.0
2024-05-02 00:00:00-04:00,21.109987198960674,21.348787955007957,21.109987198960674,21.253267288208008,11400,0.0,0.0
2024-05-03 00:00:00-04:00,21.348787252503584,21.730868085225424,21.25326658884684,21.492067337036133,13800,0.0,0.0
2024-05-06 00:00:00-04:00,21.664003322543294,21.807283401489258,21.549378166243493,21.807283401489258,11000,0.0,0.0
2024-05-07 00:00:00-04:00,21.616241837657945,21.874147069992922,21.60669141148705,21.816835403442383,6400,0.0,0.0
2024-05-08 00:00:00-04:00,21.702211531600458,21.855043866041616,21.55511091072476,21.625795364379883,23700,0.0,0.0
2024-05-09 00:00:00-04:00,21.444307670214574,21.730867835993102,21.406098676428048,21.501619338989258,6400,0.0,0.0
2024-05-10 00:00:00-04:00,21.606692047436347,21.759524377339453,21.44430746917616,21.721315383911133,12100,0.0,0.0
2024-05-13 00:00:00-04:00,21.81683696973738,21.835941467260806,21.64872067096053,21.759525299072266,5800,0.0,0.0
2024-05-14 00:00:00-04:00,21.813970490931514,21.85504351972111,21.568483352661133,21.568483352661133,5200,0.0,0.0
2024-05-15 00:00:00-04:00,21.561796464256787,21.95056367710233,21.561796464256787,21.941011428833008,11700,0.0,0.0
2024-05-16 00:00:00-04:00,21.835940244159552,22.046084239430904,21.82161096086703,21.874147415161133,14800,0.0,0.0
2024-05-17 00:00:00-04:00,21.950563728392254,21.950563728392254,21.70221073852479,21.797731399536133,3900,0.0,0.0
2024-05-20 00:00:00-04:00,21.70221063942722,21.950563628160644,21.70221063942722,21.90757942199707,4400,0.0,0.0
2024-05-21 00:00:00-04:00,21.950564655226643,21.960116903921616,21.817791495605274,21.835941314697266,7800,0.0,0.0
2024-05-22 00:00:00-04:00,22.01742982087625,22.01742982087625,21.78818130493164,21.78818130493164,6300,0.0,0.0
2024-05-23 00:00:00-04:00,21.921909307934474,21.921909307934474,21.49206723448277,21.60191535949707,13900,0.0,0.0
2024-05-24 00:00:00-04:00,21.606692490432604,21.77862749866992,21.606692490432604,21.668779373168945,1800,0.0,0.0
2024-05-28 00:00:00-04:00,21.960116431198816,21.960116431198816,21.501619435140814,21.568483352661133,14300,0.0,0.0
2024-05-29 00:00:00-04:00,21.492068256338168,21.635348346999383,21.396547588595624,21.530277252197266,16200,0.0,0.0
2024-05-30 00:00:00-04:00,21.874147415161133,21.874147415161133,21.692658342664703,21.874147415161133,16400,0.0,0.0
2024-05-31 00:00:00-04:00,22.021607348909114,22.341745168326685,21.89549138499926,22.09921646118164,26500,0.352,0.0
2024-06-03 00:00:00-04:00,22.099216426122894,22.30293965163489,22.099216426122894,22.283536911010742,6200,0.0,0.0
2024-06-04 00:00:00-04:00,22.273834567891615,22.273834567891615,22.089514091053942,22.17682456970215,7700,0.0,0.0
2024-06-05 00:00:00-04:00,22.225329287957898,22.264134767021023,22.00220333438617,22.10406494140625,15300,0.0,0.0
2024-06-06 00:00:00-04:00,22.157421799707542,22.205926798736126,21.90519173399528,21.992502212524414,29800,0.0,0.0
2024-06-07 00:00:00-04:00,21.8566861967413,21.982800301318292,21.749972981089726,21.841163635253906,12200,0.0,0.0
2024-06-10 00:00:00-04:00,21.846986053349813,21.914893794268007,21.643260980248062,21.82758331298828,19300,0.0,0.0
2024-06-11 00:00:00-04:00,21.614159596060652,21.720870971679688,21.60542780743992,21.720870971679688,6000,0.0,0.0
2024-06-12 00:00:00-04:00,21.76937722805871,22.105035759053635,21.682066745632692,21.730571746826172,63000,0.0,0.0
2024-06-13 00:00:00-04:00,21.808181270123406,21.92459586566875,21.66266441345215,21.66266441345215,24400,0.0,0.0
2024-06-14 00:00:00-04:00,21.711168223272857,21.866388292258346,21.594755484467644,21.682065963745117,13500,0.0,0.0
2024-06-17 00:00:00-04:00,21.817882948516218,21.85668843102804,21.604458345742927,21.749975204467773,10000,0.0,0.0
2024-06-18 00:00:00-04:00,21.798480207260305,21.866389801656,21.652963348535458,21.749975204467773,39800,0.0,0.0
2024-06-20 00:00:00-04:00,21.846985962701925,21.86638870298295,21.614158630371094,21.614158630371094,44900,0.0,0.0
2024-06-21 00:00:00-04:00,21.711169293810006,21.72087066424665,21.352227839390224,21.633560180664062,64100,0.0,0.0
2024-06-24 00:00:00-04:00,21.517146657331548,21.81788172859393,21.468639806903973,21.585054397583008,24100,0.0,0.0
2024-06-25 00:00:00-04:00,21.585054304889194,21.730571154852726,21.37162971496582,21.37162971496582,17600,0.0,0.0
2024-06-26 00:00:00-04:00,21.371630065664505,21.43953780673868,21.255215473575085,21.303720474243164,21900,0.0,0.0
2024-06-27 00:00:00-04:00,21.391031301223187,21.476402620250035,21.197009445069945,21.206710815429688,44300,0.0,0.0
2024-06-28 00:00:00-04:00,21.197010224559037,21.27946910012835,21.061192884875364,21.255216598510742,180300,0.0,0.0
2024-07-01 00:00:00-04:00,21.303721005089162,21.332825116423525,21.099997776790264,21.264917373657227,39300,0.0,0.0
2024-07-02 00:00:00-04:00,21.303720433377578,21.49580497254345,21.298870673458943,21.458940505981445,17800,0.0,0.0
2024-07-03 00:00:00-04:00,21.449239933649345,21.711169536983608,21.449239933649345,21.691768646240234,9300,0.0,0.0
2024-07-05 00:00:00-04:00,21.74997532521042,21.77907943725586,21.682067580784995,21.77907943725586,2700,0.0,0.0
2024-07-08 00:00:00-04:00,21.77907853327264,21.77907853327264,21.594756198663383,21.70146942138672,63200,0.0,0.0
2024-07-09 00:00:00-04:00,21.79848002154411,21.79848002154411,21.58505542058913,21.691768646240234,24300,0.0,0.0
2024-07-10 00:00:00-04:00,21.68206655882318,21.73057155959875,21.60542702929227,21.672365188598633,10600,0.0,0.0
2024-07-11 00:00:00-04:00,21.81788225117229,21.953697734928237,21.76452563959754,21.914894104003906,19200,0.0,0.0
2024-07-12 00:00:00-04:00,21.953697326965127,22.078843706497175,21.711168624566564,21.98280143737793,16600,0.0,0.0
2024-07-15 00:00:00-04:00,21.9828012491304,21.992502619184922,21.871238269024076,21.92459487915039,11400,0.0,0.0
2024-07-16 00:00:00-04:00,21.934296404400698,22.031306404938054,21.910042053919206,21.968250274658203,16000,0.0,0.0
2024-07-17 00:00:00-04:00,21.9245959664426,22.089515564853986,21.9245959664426,22.06041145324707,17000,0.0,0.0
2024-07-18 00:00:00-04:00,22.060411145486906,22.167124369542965,21.774227194893385,21.973100662231445,26300,0.0,0.0
2024-07-19 00:00:00-04:00,21.973100968773558,22.06041145324707,21.837285481969086,22.06041145324707,8400,0.0,0.0
2024-07-22 00:00:00-04:00,22.099216216926905,22.099216216926905,21.837284772021963,22.04100799560547,12700,0.0,0.0
2024-07-23 00:00:00-04:00,21.96339850902135,22.060410359219453,21.92459487915039,21.92459487915039,9800,0.0,0.0
2024-07-24 00:00:00-04:00,21.8722079207951,21.922653935031487,21.585054397583008,21.585054397583008,12400,0.0,0.0
2024-07-25 00:00:00-04:00,21.72086937693863,21.827582595070048,21.61415800915432,21.80817985534668,33900,0.0,0.0
2024-07-26 00:00:00-04:00,21.783928666456685,21.846986649177843,21.783928666456685,21.817882537841797,2800,0.0,0.0
2024-07-29 00:00:00-04:00,21.82758284103883,21.86638832092285,21.61415825271808,21.86638832092285,5900,0.0,0.0
2024-07-30 00:00:00-04:00,21.779079469105216,21.924596328850686,21.779079469105216,21.793630599975586,18400,0.0,0.0
2024-07-31 00:00:00-04:00,21.827583002008463,21.85668711213611,21.6820661520645,21.740272521972656,17500,0.0,0.0
2024-08-01 00:00:00-04:00,21.740273138976434,21.91974386398925,21.652962656462698,21.914894104003906,10100,0.0,0.0
2024-08-02 00:00:00-04:00,21.72087098753998,22.1186179296264,21.546250017775744,22.086605072021484,15500,0.0,0.0
2024-08-05 00:00:00-04:00,21.652961760417064,21.92459456703541,21.555949911600003,21.837284088134766,15600,0.0,0.0
2024-08-06 00:00:00-04:00,21.7014690796309,21.87123843097432,21.59475585858809,21.798479080200195,7600,0.0,0.0
2024-08-07 00:00:00-04:00,21.72087021283318,22.1283185109684,21.72087021283318,21.856687545776367,24600,0.0,0.0
2024-08-08 00:00:00-04:00,21.749974997495574,22.06041145324707,21.749974997495574,22.06041145324707,22700,0.0,0.0
2024-08-09 00:00:00-04:00,21.905192139041343,22.055560599365762,21.895490768986818,21.92459487915039,10000,0.0,0.0
2024-08-12 00:00:00-04:00,21.895490768986818,22.09921583943755,21.846985769061337,21.92459487915039,65700,0.0,0.0
2024-08-13 00:00:00-04:00,21.96339959823792,22.10891830592526,21.876089113764408,22.06041145324707,14800,0.0,0.0
2024-08-14 00:00:00-04:00,22.108919185549347,22.365029456768642,22.104067574914886,22.30779266357422,29100,0.0,0.0
2024-08-15 00:00:00-04:00,22.293238094050082,22.293238094050082,22.128318500824587,22.225330352783203,13800,0.0,0.0
2024-08-16 00:00:00-04:00,22.31263946205057,22.55516815185547,22.25152249866971,22.55516815185547,8400,0.0,0.0
2024-08-19 00:00:00-04:00,22.482409990934826,22.65218119296353,22.482409990934826,22.5357666015625,17200,0.0,0.0
2024-08-20 00:00:00-04:00,22.526066726316476,22.700687699832827,22.47756172271628,22.603675842285156,13900,0.0,0.0
2024-08-21 00:00:00-04:00,22.710388779112233,22.739492891107137,22.574573290497188,22.700687408447266,6900,0.0,0.0
2024-08-22 00:00:00-04:00,22.671583836091088,22.729790206368566,22.66673222586546,22.69098472595215,7600,0.0,0.0
2024-08-23 00:00:00-04:00,22.749193685179684,22.99172239461509,22.657031591372018,22.894710540771484,19900,0.0,0.0
2024-08-26 00:00:00-04:00,22.89471069427434,23.234251259829875,22.7976988397803,22.938365936279297,14600,0.0,0.0
2024-08-27 00:00:00-04:00,22.92381280168152,23.015974895489187,22.894710540771484,22.894710540771484,5500,0.0,0.0
2024-08-28 00:00:00-04:00,22.85590434289971,23.020823934161875,22.797697972556342,22.875307083129883,9000,0.0,0.0
2024-08-29 00:00:00-04:00,22.99172136106244,22.99172136106244,22.66188218302986,22.787996292114258,7200,0.0,0.0
2024-08-30 00:00:00-04:00,22.89830192532838,22.967242748845187,22.671781539916992,22.671781539916992,15000,0.352,0.0
2024-09-03 00:00:00-04:00,22.849060497050314,22.849060497050314,22.661934050740477,22.760421752929688,12000,0.0,0.0
2024-09-04 00:00:00-04:00,22.93769892581249,22.986941836981746,22.839211224977333,22.947546005249023,18700,0.0,0.0
2024-09-05 00:00:00-04:00,22.97709217318407,23.23315943609034,22.967243215553452,23.095277786254883,20500,0.0,0.0
2024-09-06 00:00:00-04:00,23.154370518741295,23.282403215730277,23.04603385925293,23.04603385925293,5300,0.0,0.0
2024-09-09 00:00:00-04:00,23.292252329047034,23.410437947322126,23.262707333350765,23.400588989257812,11100,0.0,0.0
2024-09-10 00:00:00-04:00,23.3217993539518,23.59559400302037,23.282403521439957,23.49907684326172,63500,0.0,0.0
2024-09-11 00:00:00-04:00,23.538469320888627,23.538469320888627,23.341495806174116,23.410436630249023,5700,0.0,0.0
2024-09-12 00:00:00-04:00,23.57786514460547,23.57786514460547,23.528620357067627,23.538469314575195,11400,0.0,0.0
2024-09-13 00:00:00-04:00,23.676353454589844,23.715747407144168,23.439982225277433,23.676353454589844,26500,0.0,0.0
2024-09-16 00:00:00-04:00,23.824083620022417,23.942267353979386,23.577865316032717,23.893024444580078,15600,0.0,0.0
2024-09-17 00:00:00-04:00,24.021056701351267,24.38546061119905,23.804385274020706,23.98166275024414,11600,0.0,0.0
2024-09-18 00:00:00-04:00,24.011208780029044,24.1589412689209,23.85362921180792,24.1589412689209,20600,0.0,0.0
2024-09-19 00:00:00-04:00,24.17863655090332,24.208183423458177,23.97181407850903,24.17863655090332,55400,0.0,0.0
2024-09-20 00:00:00-04:00,24.227881930278578,24.262352343186258,24.00136153731479,24.188486099243164,85300,0.0,0.0
2024-09-23 00:00:00-04:00,24.18848580789513,24.18848580789513,23.90287355031501,24.119544982910156,62900,0.0,0.0
2024-09-24 00:00:00-04:00,24.129393805410928,24.208183587594856,24.001361113798264,24.149091720581055,19200,0.0,0.0
2024-09-25 00:00:00-04:00,24.149091876594632,24.27712456903444,24.089998130702476,24.24757957458496,48900,0.0,0.0
2024-09-26 00:00:00-04:00,24.38546064279527,24.38546064279527,24.12939338552925,24.308639526367188,33600,0.0,0.0
2024-09-27 00:00:00-04:00,24.346065893481462,24.444553593492035,24.16879028765839,24.40023422241211,42900,0.0,0.0
2024-09-30 00:00:00-04:00,24.415009133434154,24.45440308720363,24.158941859194204,24.168790817260742,246900,0.0,0.0
2024-10-01 00:00:00-04:00,24.178636871044112,24.345081061862803,24.178636871044112,24.24757957458496,33200,0.0,0.0
2024-10-02 00:00:00-04:00,24.306672170307714,24.306672170307714,24.17863759553487,24.227882385253906,3600,0.0,0.0
2024-10-03 00:00:00-04:00,24.267276491223146,24.346066276772703,24.247580453708256,24.326370239257812,4000,0.0,0.0
2024-10-04 00:00:00-04:00,24.36576432758805,24.36576432758805,24.01120935140514,24.040756225585938,20600,0.0,0.0
2024-10-07 00:00:00-04:00,24.09984645785534,24.09984645785534,23.80438525011075,23.853628158569336,10700,0.0,0.0
2024-10-08 00:00:00-04:00,23.952116903536268,23.952116903536268,23.725596509106463,23.902873992919922,8500,0.0,0.0
2024-10-09 00:00:00-04:00,23.863477291341145,24.20818328857422,23.863477291341145,24.20818328857422,18200,0.0,0.0
2024-10-10 00:00:00-04:00,24.20818432703785,24.20818432703785,23.922572062333256,24.001361846923828,5700,0.0,0.0
2024-10-11 00:00:00-04:00,24.11954439196923,24.20818313006296,23.932417958382853,24.109695434570312,11600,0.0,0.0
2024-10-14 00:00:00-04:00,24.13924262160588,24.326369057632878,24.13924262160588,24.306671142578125,6500,0.0,0.0
2024-10-15 00:00:00-04:00,24.316521615808213,24.415009318724355,24.198335996609504,24.309627532958984,15300,0.0,0.0
2024-10-16 00:00:00-04:00,24.434705020328035,24.434705020328035,24.19833566367937,24.326370239257812,11400,0.0,0.0
2024-10-17 00:00:00-04:00,24.346065666391592,24.346065666391592,24.188486099243164,24.188486099243164,1200,0.0,0.0
2024-10-18 00:00:00-04:00,24.304700282677207,24.304700282677207,24.040754611274423,24.109695434570312,4900,0.0,0.0
2024-10-21 00:00:00-04:00,24.09984773569171,24.09984773569171,23.82408442810749,24.0860595703125,10000,0.0,0.0
2024-10-22 00:00:00-04:00,24.109696461296213,24.109696461296213,23.833933156369106,24.030906677246094,3900,0.0,0.0
2024-10-23 00:00:00-04:00,24.118560205820653,24.118560205820653,23.814234370788515,23.82408332824707,12600,0.0,0.0
2024-10-24 00:00:00-04:00,23.91272309794437,23.91272309794437,23.508925217215406,23.74529457092285,7800,0.0,0.0
2024-10-25 00:00:00-04:00,23.83393228570563,23.907796648899964,23.784687498412843,23.82408332824707,5800,0.0,0.0
2024-10-28 00:00:00-04:00,23.981663924630293,23.981663924630293,23.636957912704034,23.74529457092285,16500,0.0,0.0
2024-10-29 00:00:00-04:00,23.735445691199253,23.735445691199253,23.518772374048122,23.70195960998535,3500,0.0,0.0
2024-10-30 00:00:00-04:00,23.74529352392534,23.883175171217598,23.636956870483395,23.852643966674805,3600,0.0,0.0
2024-10-31 00:00:00-04:00,23.83393212228383,23.853628158569336,23.646805688847433,23.853628158569336,8400,0.0,0.0
2024-11-01 00:00:00-04:00,23.853628440831134,23.948176930106545,23.538469314575195,23.538469314575195,3500,0.0,0.0
2024-11-04 00:00:00-05:00,23.390740168463324,23.883176803588867,23.390740168463324,23.883176803588867,5600,0.0,0.0
2024-11-05 00:00:00-05:00,23.8831762242947,23.93241913521418,23.725596655156405,23.74529457092285,16200,0.0,0.0
2024-11-06 00:00:00-05:00,23.70589902428537,23.70589902428537,23.479378625738846,23.558168411254883,8100,0.0,0.0
2024-11-07 00:00:00-05:00,23.67635433273515,23.755144119262695,23.449832052783865,23.755144119262695,10300,0.0,0.0
2024-11-08 00:00:00-05:00,23.843780235690822,24.030906677246094,23.843780235690822,24.030906677246094,6300,0.0,0.0
2024-11-11 00:00:00-05:00,24.03090595801711,24.03090595801711,23.553243728351646,23.922571182250977,8500,0.0,0.0
2024-11-12 00:00:00-05:00,23.85362860693535,23.85362860693535,23.50892448425293,23.50892448425293,6000,0.0,0.0
2024-11-13 00:00:00-05:00,23.580820620911666,23.580820620911666,23.292251606222734,23.420286178588867,7100,0.0,0.0
2024-11-14 00:00:00-05:00,23.317859542801774,23.5778660194601,23.19376417639911,23.36119270324707,13800,0.0,0.0
2024-11-15 00:00:00-05:00,23.518771834241736,23.518771834241736,23.449831008911133,23.449831008911133,1100,0.0,0.0
2024-11-18 00:00:00-05:00,23.508924032500094,23.5758943128358,23.341495513916016,23.341495513916016,18200,0.0,0.0
2024-11-19 00:00:00-05:00,23.430134528851003,23.439981607857746,23.11497352423481,23.154369354248047,13000,0.0,0.0
2024-11-20 00:00:00-05:00,23.105125427246094,23.20361312745064,22.927849821073874,23.105125427246094,22500,0.0,0.0
2024-11-21 00:00:00-05:00,23.203613221957397,23.602487564086914,23.203613221957397,23.602487564086914,11000,0.0,0.0
2024-11-22 00:00:00-05:00,23.656656109271914,23.656656109271914,23.302101135253906,23.302101135253906,7500,0.0,0.0
2024-11-25 00:00:00-05:00,23.538469761100448,23.76499015258193,23.439982062653012,23.70589828491211,6100,0.0,0.0
2024-11-26 00:00:00-05:00,23.78468894761902,23.78468894761902,23.439982929552755,23.528621673583984,7100,0.0,0.0
2024-11-27 00:00:00-05:00,23.69604947224203,23.71377684480181,23.489226994883563,23.54831886291504,10400,0.0,0.0
2024-11-29 00:00:00-05:00,23.341496365556768,23.479378017010937,23.006639316170972,23.036184310913086,49500,0.0,0.0
2024-12-02 00:00:00-05:00,23.065732077615454,23.144521864140746,22.691481061244485,22.73087501525879,49700,0.0,0.0
2024-12-03 00:00:00-05:00,22.799814658625102,22.94754526586957,22.67178196661232,22.7111759185791,20300,0.0,0.0
2024-12-04 00:00:00-05:00,22.74072383679251,22.858907576622226,22.701328004518157,22.760421752929688,7500,0.0,0.0
2024-12-05 00:00:00-05:00,22.7899658773735,22.986941274221515,22.77026984048598,22.937698364257812,4500,0.0,0.0
2024-12-06 00:00:00-05:00,22.9081524901928,22.937699364557506,22.7801179131091,22.85890769958496,6500,0.0,0.0
2024-12-09 00:00:00-05:00,22.79981481489966,22.932772925879977,22.78011689953296,22.809663772583008,11100,0.0,0.0
2024-12-10 00:00:00-05:00,22.799815269195776,22.880575596710468,22.70132756889647,22.84906005859375,9900,0.0,0.0
2024-12-11 00:00:00-05:00,22.79981452309721,22.88845326261632,22.711175783578103,22.74072265625,11700,0.0,0.0
2024-12-12 00:00:00-05:00,22.691480336208144,22.839210946410706,22.6038259266196,22.750572204589844,14100,0.0,0.0
2024-12-13 00:00:00-05:00,22.83920989477653,22.849058852136086,22.5929915962772,22.701326370239258,28200,0.0,0.0
2024-12-16 00:00:00-05:00,22.73087443587341,22.760421309503535,22.592992782592773,22.592992782592773,20200,0.0,0.0
2024-12-17 00:00:00-05:00,22.592992027976273,22.711175761556103,22.563445155333028,22.612688064575195,13100,0.0,0.0
2024-12-18 00:00:00-05:00,22.563445599197156,22.740723081550843,22.346774164374096,22.39601707458496,11500,0.0,0.0
2024-12-19 00:00:00-05:00,22.346773457483362,22.346773457483362,22.072978827819163,22.201995849609375,15300,0.0,0.0
2024-12-20 00:00:00-05:00,22.130101283106175,22.4255643856296,22.130101283106175,22.3073787689209,14500,0.0,0.0
2024-12-23 00:00:00-05:00,22.208891068079758,22.40586646976204,22.208891068079758,22.3073787689209,9500,0.0,0.0
2024-12-24 00:00:00-05:00,22.435412296451734,22.435412296451734,22.06115942642196,22.13010025024414,12700,0.0,0.0
2024-12-26 00:00:00-05:00,22.13010127787488,22.174420649318083,21.93312775473581,22.051311492919922,25100,0.0,0.0
2024-12-27 00:00:00-05:00,21.972520834949446,22.01191666510997,21.805092313760376,21.8444881439209,14200,0.0,0.0
2024-12-30 00:00:00-05:00,21.60811996620835,21.864187240600586,21.57758875973293,21.864187240600586,26900,0.0,0.0
2024-12-31 00:00:00-05:00,21.81494128654818,22.100555419921875,21.81494128654818,22.100555419921875,51000,0.0,0.0
2025-01-02 00:00:00-05:00,22.327076701738537,22.671782715695898,22.263059414368698,22.435413360595703,14400,0.0,0.0
2025-01-03 00:00:00-05:00,22.563444764156213,22.78996514833757,22.455108111505762,22.615642547607422,6900,0.0,0.0
2025-01-06 00:00:00-05:00,22.652084792965415,22.918001021808987,22.55359709207928,22.81951332092285,15400,0.0,0.0
2025-01-07 00:00:00-05:00,22.721024719103852,22.780116585893765,22.48465537344762,22.612688064575195,13800,0.0,0.0
2025-01-08 00:00:00-05:00,22.57329501977212,22.750572505760633,22.405866491727043,22.69148063659668,34400,0.0,0.0
2025-01-10 00:00:00-05:00,22.258134544293103,22.622536573856266,22.258134544293103,22.31722640991211,13900,0.0,0.0
2025-01-13 00:00:00-05:00,22.179346220922525,22.371396205672397,22.021766649922803,22.149799346923828,16000,0.0,0.0
2025-01-14 00:00:00-05:00,22.15964815690751,22.455109380934285,22.031615460761685,22.3073787689209,9100,0.0,0.0
2025-01-15 00:00:00-05:00,22.464957346944523,22.81951230291886,22.462002471845196,22.7702693939209,15700,0.0,0.0
2025-01-16 00:00:00-05:00,22.849059467878874,23.09527777301336,22.60284116274439,22.839210510253906,18100,0.0,0.0
2025-01-17 00:00:00-05:00,22.849059739105275,22.93769848028559,22.711176209215555,22.78011703491211,10800,0.0,0.0
2025-01-21 00:00:00-05:00,22.89830192002862,22.986940658385876,22.627462165491032,22.799814224243164,26600,0.0,0.0
2025-01-22 00:00:00-05:00,22.87860429813049,23.09527760733228,22.77026952202617,22.868755340576172,7800,0.0,0.0
2025-01-23 00:00:00-05:00,22.84905901667253,22.84905901667253,22.671781539916992,22.671781539916992,11200,0.0,0.0
2025-01-24 00:00:00-05:00,22.69148074810036,22.888454272447,22.671782832116698,22.690494537353516,7000,0.0,0.0
2025-01-27 00:00:00-05:00,22.858906248262056,22.97709185972053,22.642234818834183,22.89830207824707,14700,0.0,0.0
2025-01-28 00:00:00-05:00,22.839210502492158,23.046032977056473,22.792920589520186,22.967243194580078,8800,0.0,0.0
2025-01-29 00:00:00-05:00,22.750571199811386,22.9288330078125,22.750571199811386,22.9288330078125,6200,0.0,0.0
2025-01-30 00:00:00-05:00,22.92784996787931,22.974138003818947,22.852999390384458,22.947546005249023,17900,0.0,0.0
2025-01-31 00:00:00-05:00,22.868754876576453,22.9967894436882,22.130099981459036,22.189193725585938,145900,0.0,0.0
2025-02-03 00:00:00-05:00,22.090706298844278,22.371395012118327,22.080857341370173,22.13010025024414,24000,0.0,0.0
2025-02-04 00:00:00-05:00,22.130099981459036,22.307377456846663,22.100554987892124,22.189193725585938,9700,0.0,0.0
2025-02-05 00:00:00-05:00,22.29752908541209,22.54571793317582,22.29752908541209,22.327075958251953,13700,0.0,0.0
2025-02-06 00:00:00-05:00,22.32707668478846,22.52405208647074,22.208891068079758,22.3073787689209,15200,0.0,0.0
2025-02-07 00:00:00-05:00,22.25813543251317,22.39601708395859,22.1438890254613,22.26798439025879,20800,0.0,0.0
2025-02-10 00:00:00-05:00,22.34677341671307,22.356622374125045,22.209876102130732,22.28767967224121,12100,0.0,0.0
2025-02-11 00:00:00-05:00,22.2384376424919,22.504353867634038,22.2384376424919,22.366470336914062,42000,0.0,0.0
2025-02-12 00:00:00-05:00,22.080858856669458,22.2679853045259,22.041463024069493,22.161619186401367,15900,0.0,0.0
2025-02-13 00:00:00-05:00,22.12025262455241,22.41571573107469,22.12025262455241,22.248287200927734,6000,0.0,0.0
2025-02-14 00:00:00-05:00,22.356622986978724,22.53389858976424,22.33987994676905,22.42556381225586,9200,0.0,0.0
2025-02-18 00:00:00-05:00,22.40586648257439,22.54374813673284,22.30737878167693,22.406850814819336,16100,0.0,0.0
2025-02-19 00:00:00-05:00,22.52405193813146,22.55359693324157,22.270939544239905,22.46495819091797,14500,0.0,0.0
2025-02-20 00:00:00-05:00,22.50435343062778,22.507308305760418,22.248286168259334,22.455108642578125,4100,0.0,0.0
2025-02-21 00:00:00-05:00,22.504352997058017,22.56344486308255,22.40586530135276,22.543746948242188,11900,0.0,0.0
2025-02-24 00:00:00-05:00,22.563444728551627,22.632385551585294,22.40586516776138,22.573293685913086,9800,0.0,0.0
2025-02-25 00:00:00-05:00,22.652084206642613,22.878604597869856,22.583143381355764,22.809663772583008,12000,0.0,0.0
2025-02-26 00:00:00-05:00,22.89830295841792,22.977092742919922,22.671782562786742,22.977092742919922,5700,0.0,0.0
2025-02-27 00:00:00-05:00,22.97709304445458,22.97709304445458,22.908152216922677,22.918001174926758,2900,0.0,0.0
2025-02-28 00:00:00-05:00,23.030000686645508,23.030000686645508,22.8700008392334,22.8700008392334,8300,0.352,0.0
2025-03-03 00:00:00-05:00,22.940000534057617,23.15999984741211,22.940000534057617,23.010000228881836,4600,0.0,0.0
2025-03-04 00:00:00-05:00,23.0,23.0,22.600000381469727,22.639999389648438,16400,0.0,0.0
2025-03-05 00:00:00-05:00,22.81999969482422,22.81999969482422,22.610000610351562,22.6200008392334,20800,0.0,0.0
2025-03-06 00:00:00-05:00,22.790000915527344,22.790000915527344,22.68000030517578,22.68000030517578,1900,0.0,0.0
2025-03-07 00:00:00-05:00,22.760000228881836,22.76099967956543,22.520000457763672,22.549999237060547,5800,0.0,0.0
2025-03-10 00:00:00-04:00,22.510000228881836,22.59000015258789,22.280000686645508,22.280000686645508,8200,0.0,0.0
2025-03-11 00:00:00-04:00,22.3700008392334,22.600000381469727,22.270999908447266,22.389999389648438,12200,0.0,0.0
2025-03-12 00:00:00-04:00,22.375,22.610000610351562,22.363000869750977,22.579999923706055,11700,0.0,0.0
2025-03-13 00:00:00-04:00,22.600000381469727,22.860000610351562,22.450000762939453,22.729999542236328,6900,0.0,0.0
2025-03-14 00:00:00-04:00,22.8799991607666,22.979999542236328,22.75200080871582,22.979999542236328,17700,0.0,0.0
2025-03-17 00:00:00-04:00,23.110000610351562,23.110000610351562,22.739999771118164,22.989999771118164,6300,0.0,0.0
2025-03-18 00:00:00-04:00,23.010000228881836,23.040000915527344,22.770000457763672,22.770000457763672,6400,0.0,0.0
2025-03-19 00:00:00-04:00,22.950000762939453,23.100000381469727,22.760000228881836,22.989999771118164,6600,0.0,0.0
2025-03-20 00:00:00-04:00,23.049999237060547,23.10700035095215,22.799999237060547,23.0,4800,0.0,0.0
2025-03-21 00:00:00-04:00,22.915000915527344,23.11199951171875,22.8799991607666,23.0,4900,0.0,0.0
2025-03-24 00:00:00-04:00,22.950000762939453,22.989999771118164,22.739999771118164,22.832000732421875,6400,0.0,0.0
2025-03-25 00:00:00-04:00,22.93000030517578,22.93000030517578,22.450000762939453,22.719999313354492,18900,0.0,0.0
2025-03-26 00:00:00-04:00,22.760000228881836,22.760000228881836,22.31999969482422,22.3799991607666,16200,0.0,0.0
2025-03-27 00:00:00-04:00,22.3799991607666,22.38800048828125,22.309999465942383,22.309999465942383,6500,0.0,0.0
2025-03-28 00:00:00-04:00,22.31999969482422,22.450000762939453,22.049999237060547,22.110000610351562,16600,0.0,0.0
2025-03-31 00:00:00-04:00,22.020000457763672,22.034000396728516,21.829999923706055,21.940000534057617,25800,0.0,0.0
2025-04-01 00:00:00-04:00,22.020000457763672,22.09000015258789,21.600000381469727,21.895000457763672,14583,0.0,0.0
