Date,Open,High,Low,Close,Volume,Dividends,Stock Splits
2022-07-20 00:00:00-04:00,2.338679873004802,2.7952349185943604,2.3200449913191314,2.7952349185943604,56000,0.0,0.0
2022-07-21 00:00:00-04:00,2.8790924632188863,3.9599169283374316,2.7486482652750532,3.484726905822754,132400,0.0,0.0
2022-07-22 00:00:00-04:00,3.7269801741074766,3.7735676040000836,3.084076040759058,3.3365790843963623,1063400,0.0,0.0
2022-07-25 00:00:00-04:00,3.149298383531004,3.4101869715281055,2.907044456663698,3.2611076831817627,272500,0.0,0.0
2022-07-26 00:00:00-04:00,3.1772510079587764,3.596536143319885,3.1772510079587764,3.5499489307403564,296900,0.0,0.0
2022-07-27 00:00:00-04:00,3.354282032091343,3.540631083239824,3.335647149191028,3.441866159439087,167000,0.0,0.0
2022-07-28 00:00:00-04:00,3.4381393078376705,3.6664167397873375,3.363599552344746,3.4660916328430176,225700,0.0,0.0
2022-07-29 00:00:00-04:00,3.5779008208622254,3.5779008208622254,3.3822345519499097,3.4381392002105713,618600,0.0,0.0
2022-08-01 00:00:00-04:00,3.307694528795535,3.540630766346563,3.0468059693958205,3.074758291244507,879700,0.0,0.0
2022-08-02 00:00:00-04:00,3.3542815952706477,3.3542815952706477,2.385266922065585,2.5157113075256348,13123700,0.0,0.0
2022-08-03 00:00:00-04:00,2.50639429875264,2.7113782413938377,2.3852673326779312,2.525029182434082,2002600,0.0,0.0
2022-08-04 00:00:00-04:00,2.6088860925757107,2.702060730755937,2.4411719215675682,2.4877593517303467,1437100,0.0,0.0
2022-08-05 00:00:00-04:00,2.4691248081985036,2.5809341228218785,2.30141061411808,2.413219928741455,1039000,0.0,0.0
2022-08-08 00:00:00-04:00,2.4225369556421033,2.8790920229144987,2.3945846317860777,2.6088860034942627,2022800,0.0,0.0
2022-08-09 00:00:00-04:00,2.608885940977393,2.748647779053723,2.5250289714187852,2.6741080284118652,2368700,0.0,0.0
2022-08-10 00:00:00-04:00,2.7486480350804996,2.7952352447302697,2.6088861839858506,2.7766003608703613,1100000,0.0,0.0
2022-08-11 00:00:00-04:00,2.7766003861119923,2.795235270141307,2.6088862077028185,2.720695734024048,793200,0.0,0.0
2022-08-12 00:00:00-04:00,2.8231876239708313,2.888409718715343,2.65547344391103,2.688084602355957,726600,0.0,0.0
2022-08-15 00:00:00-04:00,2.7486484339752018,2.7859182071037543,2.4132200315274868,2.4411723613739014,2582100,0.0,0.0
2022-08-16 00:00:00-04:00,2.5622985518154464,2.646155515357098,2.441171604554426,2.5063939094543457,567100,0.0,0.0
2022-08-17 00:00:00-04:00,2.478442236838074,2.542732659020591,2.3852675863754538,2.4691247940063477,770500,0.0,0.0
2022-08-18 00:00:00-04:00,2.478441766108448,2.730012896929588,2.4318543386527924,2.6741080284118652,803700,0.0,0.0
2022-08-19 00:00:00-04:00,2.618204005879897,2.720696104128787,2.282775825577553,2.4411723613739014,1017900,0.0,0.0
2022-08-22 00:00:00-04:00,2.4225372783877206,2.4225372783877206,2.1896009930756186,2.282775640487671,985200,0.0,0.0
2022-08-23 00:00:00-04:00,2.2827754424361677,2.385267301337438,2.0964263859248886,2.3759498596191406,1475300,0.0,0.0
2022-08-24 00:00:00-04:00,2.3107273160381476,2.375949395320796,2.226870356960457,2.320044755935669,810400,0.0,0.0
2022-08-25 00:00:00-04:00,2.3014098761406268,2.3666319554232746,2.282774996345584,2.320044755935669,621700,0.0,0.0
2022-08-26 00:00:00-04:00,2.3386802231673696,2.4132197610706014,2.3107278964536575,2.3479976654052734,623900,0.0,0.0
2022-08-29 00:00:00-04:00,2.329362319832224,2.5622985518154464,2.292092558258157,2.5063939094543457,1166000,0.0,0.0
2022-08-30 00:00:00-04:00,2.4318543757168634,2.580933657127389,2.4318543757168634,2.5622987747192383,1556900,0.0,0.0
2022-08-31 00:00:00-04:00,2.4784418038825606,2.590251098331464,2.45980692147441,2.5622987747192383,754100,0.0,0.0
2022-09-01 00:00:00-04:00,2.543663977519853,2.664790717230388,2.497076769938878,2.646155834197998,748900,0.0,0.0
2022-09-02 00:00:00-04:00,2.6275207969406273,2.7486477516868226,2.580933592094135,2.6834256649017334,851000,0.0,0.0
2022-09-06 00:00:00-04:00,2.74864807864382,2.8325050573424555,2.674108319877469,2.7672829627990723,925900,0.0,0.0
2022-09-07 00:00:00-04:00,2.7579655137706833,2.9815843452154778,2.7486480717165396,2.86977481842041,2998600,0.0,0.0
2022-09-08 00:00:00-04:00,2.9163622599605614,3.00021923871021,2.8604573853154536,2.972266912460327,1336200,0.0,0.0
2022-09-09 00:00:00-04:00,2.981583983365139,3.0747583925987656,2.804552383675934,2.8418221473693848,2465400,0.0,0.0
2022-09-12 00:00:00-04:00,2.813870063892412,2.9629493534893165,2.7300130884509026,2.739330530166626,1761000,0.0,0.0
2022-09-13 00:00:00-04:00,2.7020605743975694,2.8884093956840355,2.6647905879949585,2.8325047492980957,1063700,0.0,0.0
2022-09-14 00:00:00-04:00,2.8045527494355866,2.9815843722126174,2.7766004230200574,2.8138701915740967,688600,0.0,0.0
2022-09-15 00:00:00-04:00,2.832504791782743,2.8790919978031195,2.5622987747192383,2.5622987747192383,553200,0.0,0.0
2022-09-16 00:00:00-04:00,2.515711820015449,2.5390053142799687,2.375949965846957,2.403902292251587,5184600,0.0,0.0
2022-09-19 00:00:00-04:00,2.4132196165225857,2.5622989055447833,2.3852672914831734,2.534346580505371,624800,0.0,0.0
2022-09-20 00:00:00-04:00,2.5250293724481794,2.5716165851575763,2.4178786721438907,2.431854724884033,399600,0.0,0.0
2022-09-21 00:00:00-04:00,2.543664321301286,2.8231878267106385,2.5063945501994205,2.5716166496276855,750400,0.0,0.0
2022-09-22 00:00:00-04:00,2.562299030689832,2.562299030689832,2.385267407981834,2.403902292251587,551500,0.0,0.0
2022-09-23 00:00:00-04:00,2.375950065754371,2.375950065754371,2.1989184356022884,2.282775640487671,689700,0.0,0.0
2022-09-26 00:00:00-04:00,2.245505820584669,2.3386802437851335,2.0731328044457884,2.189600944519043,864700,0.0,0.0
2022-09-27 00:00:00-04:00,2.208235740661621,2.2548231725401577,2.152331088981784,2.208235740661621,372600,0.0,0.0
2022-09-28 00:00:00-04:00,2.180283508262125,2.3666325773266177,2.180283508262125,2.29209303855896,972900,0.0,0.0
2022-09-29 00:00:00-04:00,2.292093043056315,2.292093043056315,2.0684742041692266,2.087109088897705,648800,0.0,0.0
2022-09-30 00:00:00-04:00,2.1057439951355126,2.2548232966314727,2.0740647352025783,2.2361884117126465,664000,0.0,0.0
2022-10-03 00:00:00-04:00,2.198918244826159,2.4877593823840414,2.198918244826159,2.3759498596191406,2345300,0.0,0.0
2022-10-04 00:00:00-04:00,2.375949481828817,2.5995682696565465,2.375949481828817,2.5157113075256348,643800,0.0,0.0
2022-10-05 00:00:00-04:00,2.4877594150711984,2.562298949796966,2.436513373874565,2.525029182434082,469800,0.0,0.0
2022-10-06 00:00:00-04:00,2.469124360292974,2.5529813310486342,2.431854373367359,2.4598069190979004,236700,0.0,0.0
2022-10-07 00:00:00-04:00,2.403902097140351,2.4784418503147334,2.375949773004454,2.3945846557617188,866600,0.0,0.0
2022-10-10 00:00:00-04:00,2.506393867288867,2.618203150130083,2.375949481828817,2.5157113075256348,757700,0.0,0.0
2022-10-11 00:00:00-04:00,2.459807077723205,2.5250291702946885,2.375949879414534,2.422537088394165,471300,0.0,0.0
2022-10-12 00:00:00-04:00,2.375950001637158,2.4039023284628485,2.2361883675087055,2.2455058097839355,707700,0.0,0.0
2022-10-13 00:00:00-04:00,2.1802832184323693,2.2734578516513846,2.1430134540028907,2.2548229694366455,747300,0.0,0.0
2022-10-14 00:00:00-04:00,2.2361882886468787,2.3153864341206454,2.170965972875063,2.208235740661621,394500,0.0,0.0
2022-10-17 00:00:00-04:00,2.180283482977655,2.3479976654052734,2.180283482977655,2.3479976654052734,912000,0.0,0.0
2022-10-18 00:00:00-04:00,2.3759501427952214,2.4598073503996973,2.329362928651268,2.3666326999664307,358700,0.0,0.0
2022-10-19 00:00:00-04:00,2.4039023972583955,2.431854724884033,2.310727971839602,2.431854724884033,733500,0.0,0.0
2022-10-20 00:00:00-04:00,2.4225368886134326,2.4225368886134326,2.1616483176970105,2.310727596282959,705000,0.0,0.0
2022-10-21 00:00:00-04:00,2.236188087221906,2.3573148216177118,2.2128943733808226,2.2548229694366455,395600,0.0,0.0
2022-10-24 00:00:00-04:00,2.1989184356022884,2.320045410594351,2.1989184356022884,2.282775640487671,356000,0.0,0.0
2022-10-25 00:00:00-04:00,2.254823269175131,2.3573151349806607,2.2538913694387914,2.29209303855896,223800,0.0,0.0
2022-10-26 00:00:00-04:00,2.2641407115210885,2.3107279232508744,2.245505826829174,2.29209303855896,363500,0.0,0.0
2022-10-27 00:00:00-04:00,2.2920928642938634,2.3759498390319322,2.2548230977436106,2.329362630844116,301600,0.0,0.0
2022-10-28 00:00:00-04:00,2.3386797750326287,2.4784416039655572,2.32936233458012,2.4504892826080322,606900,0.0,0.0
2022-10-31 00:00:00-04:00,2.4132194933087128,2.6088859807396148,2.4132194933087128,2.5622987747192383,430300,0.0,0.0
2022-11-01 00:00:00-04:00,2.636838523944169,2.6461559659241884,2.543664104143977,2.618203639984131,314300,0.0,0.0
2022-11-02 00:00:00-04:00,2.6088859807396148,2.73933037974199,2.552981333515163,2.5622987747192383,701900,0.0,0.0
2022-11-03 00:00:00-04:00,2.5157113657755907,2.5343462466806073,2.431854179557712,2.4504892826080322,571900,0.0,0.0
2022-11-04 00:00:00-04:00,2.4504893926279747,2.5063940378529828,2.4411717296118267,2.4784417152404785,674700,0.0,0.0
2022-11-07 00:00:00-05:00,2.478441973230477,2.59956871715985,2.478441973230477,2.525029182434082,887800,0.0,0.0
2022-11-08 00:00:00-05:00,2.5436638898535606,2.5622987722437074,2.4598069190979004,2.4598069190979004,432500,0.0,0.0
2022-11-09 00:00:00-05:00,2.4318547997679656,2.4598073503996973,2.347997814308849,2.3666326999664307,809100,0.0,0.0
2022-11-10 00:00:00-05:00,2.4326340082496136,2.672126066806028,2.3760611766160067,2.413776397705078,638500,0.03,0.0
2022-11-11 00:00:00-05:00,2.4137761322412414,2.574066029041779,2.4137761322412414,2.4892067909240723,523800,0.0,0.0
2022-11-14 00:00:00-05:00,2.489206794468828,2.706069292189568,2.489206794468828,2.592923641204834,733200,0.0,0.0
2022-11-15 00:00:00-05:00,2.6306391477197417,2.800357867675985,2.6306391477197417,2.7249274253845215,636900,0.0,0.0
2022-11-16 00:00:00-05:00,2.7249275982994945,2.7815004336080187,2.6306393146514893,2.6306393146514893,657000,0.0,0.0
2022-11-17 00:00:00-05:00,2.6400682259044586,2.6919267727405733,2.5174937445105647,2.6494970321655273,821500,0.0,0.0
2022-11-18 00:00:00-05:00,2.6306391477197417,2.800357867675985,2.6306391477197417,2.7249274253845215,378800,0.0,0.0
2022-11-21 00:00:00-05:00,2.7249277021327534,2.8380733770612134,2.7060698648442036,2.753214120864868,431800,0.0,0.0
2022-11-22 00:00:00-05:00,2.734356508376792,2.8192157645731366,2.7249277021327534,2.753214120864868,368400,0.0,0.0
2022-11-23 00:00:00-05:00,2.762642598118692,2.8050721087638952,2.74378498787628,2.8003578186035156,216800,0.0,0.0
2022-11-25 00:00:00-05:00,2.828644251555446,2.885217082634447,2.828644251555446,2.8663594722747803,182900,0.0,0.0
2022-11-28 00:00:00-05:00,2.8286446872251445,2.856931107121338,2.6683547496795654,2.6683547496795654,269900,0.0,0.0
2022-11-29 00:00:00-05:00,2.6494968341396627,2.7437851145036296,2.6117816119142585,2.677783250808716,195600,0.0,0.0
2022-11-30 00:00:00-05:00,2.658925574382219,2.7249274364558644,2.640067963732735,2.6872119903564453,132900,0.0,0.0
2022-12-01 00:00:00-05:00,2.7060696701814284,2.871074104783114,2.6966408646156568,2.7815003395080566,1560700,0.0,0.0
2022-12-02 00:00:00-05:00,2.743785109655722,3.0077918895675424,2.724927498576339,2.988934278488159,1648300,0.0,0.0
2022-12-05 00:00:00-05:00,3.0077921055686607,3.017220911785471,2.885217399949653,2.9229326248168945,1216700,0.0,0.0
2022-12-06 00:00:00-05:00,2.922932081901422,2.988933937960155,2.828644037246704,2.828644037246704,1149700,0.0,0.0
2022-12-07 00:00:00-05:00,2.8380730152130127,2.970076510599861,2.828644210171127,2.8380730152130127,1380800,0.0,0.0
2022-12-08 00:00:00-05:00,2.875788387211404,3.0643647228056916,2.875788387211404,2.988934278488159,1007200,0.0,0.0
2022-12-09 00:00:00-05:00,2.9983633679627526,3.1020802387209976,2.89464627240403,2.913503885269165,1032100,0.0,0.0
2022-12-12 00:00:00-05:00,2.9323613921218956,2.960648035197442,2.8192157190215896,2.894646167755127,966600,0.0,0.0
2022-12-13 00:00:00-05:00,2.9512193357999137,3.026649787260456,2.89464627240403,2.913503885269165,769200,0.0,0.0
2022-12-14 00:00:00-05:00,2.913504038815653,3.0077923329109573,2.8757888110977268,2.96064829826355,1560200,0.0,0.0
2022-12-15 00:00:00-05:00,2.951218720098268,2.9795051334946834,2.7249271881265145,2.828644037246704,1611600,0.0,0.0
2022-12-16 00:00:00-05:00,2.828644295028027,2.9040747376259635,2.6447824787953316,2.6872119903564453,2254800,0.0,0.0
2022-12-19 00:00:00-05:00,2.6872117509905933,2.7815000206396507,2.484492342165831,2.5834949016571045,1857700,0.0,0.0
2022-12-20 00:00:00-05:00,2.5834952203122006,2.6504398977721597,2.50806477512951,2.6400680541992188,1488600,0.0,0.0
2022-12-21 00:00:00-05:00,2.630639414891897,2.8192157645731366,2.630639414891897,2.753214120864868,1012200,0.0,0.0
2022-12-22 00:00:00-05:00,2.75321384124382,2.800357867675985,2.691926494481781,2.7249274253845215,416800,0.0,0.0
2022-12-23 00:00:00-05:00,2.7249274253845215,2.7579281314868114,2.696640784724772,2.7249274253845215,429700,0.0,0.0
2022-12-27 00:00:00-05:00,2.67778355631163,2.72775625394162,2.658925943047501,2.6683547496795654,376400,0.0,0.0
2022-12-28 00:00:00-05:00,2.6683545381905054,2.6862693368116775,2.545780061688703,2.6306393146514893,569000,0.0,0.0
2022-12-29 00:00:00-05:00,2.6400678353873417,2.757928008617138,2.6400678353873417,2.7060694694519043,201700,0.0,0.0
2022-12-30 00:00:00-05:00,2.6872120590498856,2.8380731729026856,2.6872120590498856,2.7815003395080566,642900,0.0,0.0
2023-01-03 00:00:00-05:00,2.7815005113261604,2.8852173789564164,2.7815005113261604,2.7909293174743652,390600,0.0,0.0
2023-01-04 00:00:00-05:00,2.7909293174743652,2.8757885728082115,2.7437852867333397,2.7909293174743652,482500,0.0,0.0
2023-01-05 00:00:00-05:00,2.781500190230991,2.8097866054102347,2.734356164932251,2.734356164932251,314900,0.0,0.0
2023-01-06 00:00:00-05:00,2.8003580173312943,2.8239299194068694,2.74378518258936,2.772071599960327,414400,0.0,0.0
2023-01-09 00:00:00-05:00,2.828644542067186,2.838073348215391,2.772071705177955,2.7909293174743652,660600,0.0,0.0
2023-01-10 00:00:00-05:00,2.7909292367951704,2.9417901308054186,2.7909292367951704,2.9040749073028564,523100,0.0,0.0
2023-01-11 00:00:00-05:00,2.9135034407631393,2.984219590618648,2.885217025781025,2.9795053005218506,1425000,0.0,0.0
2023-01-12 00:00:00-05:00,2.9889341473317197,3.0502212682501666,2.9512189268279228,3.007791757583618,375300,0.0,0.0
2023-01-13 00:00:00-05:00,2.9512192435597377,3.2529412647720797,2.9512192435597377,3.234083652496338,515500,0.0,0.0
2023-01-17 00:00:00-05:00,3.271798484563082,3.271798484563082,3.1492237946743407,3.186939239501953,286100,0.0,0.0
2023-01-18 00:00:00-05:00,3.1869394906927555,3.2152259079426337,3.102080014142659,3.149224042892456,378700,0.0,0.0
2023-01-19 00:00:00-05:00,3.1397952764818413,3.2057971423589744,3.0172208001965997,3.1775104999542236,651500,0.0,0.0
2023-01-20 00:00:00-05:00,3.2340832246387587,3.488661181481998,3.1897676393331342,3.46980357170105,820600,0.0,0.0
2023-01-23 00:00:00-05:00,3.469803818270991,3.526376651633994,3.226540275129351,3.2623698711395264,802100,0.0,0.0
2023-01-24 00:00:00-05:00,3.243512325192512,3.3095139654422283,3.1397952371424966,3.149224042892456,313800,0.0,0.0
2023-01-25 00:00:00-05:00,3.102079974571325,3.2057970612982847,3.017220723904187,3.1209375858306885,325200,0.0,0.0
2023-01-26 00:00:00-05:00,3.1492237422388425,3.168081351938442,3.016277436496358,3.0549356937408447,286900,0.0,0.0
2023-01-27 00:00:00-05:00,3.026649490218491,3.1492239618121465,3.017220684711287,3.092651128768921,213800,0.0,0.0
2023-01-30 00:00:00-05:00,3.0549357168154176,3.1020797414205052,3.012505982270618,3.0172204971313477,170300,0.0,0.0
2023-01-31 00:00:00-05:00,3.026649529533869,3.1775104196087804,2.998363112644823,3.1209375858306885,349000,0.0,0.0
2023-02-01 00:00:00-05:00,3.1020801067352295,3.1586529429236028,3.026649658484065,3.1020801067352295,420700,0.0,0.0
2023-02-02 00:00:00-05:00,3.111508910392102,3.252941225555571,3.0737936862953017,3.2057971954345703,298200,0.0,0.0
2023-02-03 00:00:00-05:00,3.1775102096947174,3.2246544595291216,3.1586525996811328,3.186939239501953,247100,0.0,0.0
2023-02-06 00:00:00-05:00,3.1397951059202183,3.177510327343814,3.1115086898525215,3.168081521987915,1069700,0.0,0.0
2023-02-07 00:00:00-05:00,3.1680815907340656,3.2623698711395264,3.1426238382007603,3.2623698711395264,461800,0.0,0.0
2023-02-08 00:00:00-05:00,3.2435123658313563,3.2435123658313563,3.168081694086128,3.1775104999542236,305600,0.0,0.0
2023-02-09 00:00:00-05:00,3.186939408641419,3.224654630670236,3.0879368384155463,3.092651128768921,294300,0.0,0.0
2023-02-10 00:00:00-05:00,3.0832225707464636,3.224654889507502,3.073793764482426,3.1586530208587646,274700,0.0,0.0
2023-02-13 00:00:00-05:00,3.1586527673193507,3.215225825163032,3.0737935177545124,3.092651128768921,232400,0.0,0.0
2023-02-14 00:00:00-05:00,3.083222174401008,3.139795004712847,3.0313636342149333,3.0455069541931152,503600,0.0,0.0
2023-02-15 00:00:00-05:00,3.026649490218491,3.102079934276125,3.026649490218491,3.092651128768921,800900,0.0,0.0
2023-02-16 00:00:00-05:00,3.0643645883393136,3.0879367135544102,2.9747908272425727,3.007791757583618,421700,0.0,0.0
2023-02-17 00:00:00-05:00,2.998363084027851,3.026649500646925,2.965362152238702,2.988934278488159,233800,0.0,0.0
2023-02-21 00:00:00-05:00,2.922932691701733,2.9983633679627526,2.875788659538894,2.913503885269165,283600,0.0,0.0
2023-02-22 00:00:00-05:00,2.91350327743595,2.922932081901422,2.8192152327812323,2.828644037246704,456400,0.0,0.0
2023-02-23 00:00:00-05:00,2.838072841712176,2.875788059574063,2.7956431092173375,2.828644037246704,812900,0.0,0.0
2023-02-24 00:00:00-05:00,2.8192152327812323,2.852216160810599,2.781500014919345,2.828644037246704,489600,0.0,0.0
2023-02-27 00:00:00-05:00,2.828644251555446,2.913503498173948,2.73435619975711,2.8663594722747803,291600,0.0,0.0
2023-02-28 00:00:00-05:00,2.8663598380494184,2.9795057394463567,2.8569310316663796,2.951219320297241,256000,0.0,0.0
2023-03-01 00:00:00-05:00,2.9040748038304787,3.018163508221066,2.9040748038304787,2.988934278488159,317500,0.0,0.0
2023-03-02 00:00:00-05:00,2.922932081901422,2.937075400999845,2.8097864283157605,2.828644037246704,908400,0.0,0.0
2023-03-03 00:00:00-05:00,2.8380731729026856,2.8380731729026856,2.7720715339422854,2.7815003395080566,479300,0.0,0.0
2023-03-06 00:00:00-05:00,2.772071705177955,2.838073348215391,2.76264289902975,2.7909293174743652,374500,0.0,0.0
2023-03-07 00:00:00-05:00,2.781500379466157,2.8286444079722695,2.762642768063712,2.809786796569824,744800,0.0,0.0
2023-03-08 00:00:00-05:00,2.7909291851673794,2.8286444079722695,2.7532139623624894,2.809786796569824,434600,0.0,0.0
2023-03-09 00:00:00-05:00,2.8192157645731366,2.8475021833052514,2.734356508376792,2.753214120864868,429600,0.0,0.0
2023-03-10 00:00:00-05:00,2.781500336729034,2.781500336729034,2.6683544452523646,2.677783250808716,427600,0.0,0.0
2023-03-13 00:00:00-04:00,2.6491949028563733,2.6587243719342553,2.430016886864617,2.4776642322540283,1121800,0.03,0.0
2023-03-14 00:00:00-04:00,2.5539003211553193,2.592018199094873,2.4109580516815186,2.4109580516815186,600500,0.0,0.0
2023-03-15 00:00:00-04:00,2.382369493151923,2.3918989620365125,2.239427232682624,2.2870748043060303,964200,0.0,0.0
2023-03-16 00:00:00-04:00,2.2870749333901235,2.372840158192076,2.2727806156562287,2.3347222805023193,425500,0.0,0.0
2023-03-17 00:00:00-04:00,2.3347222805023193,2.382369627614515,2.306133872235002,2.3347222805023193,872500,0.0,0.0
2023-03-20 00:00:00-04:00,2.3823695991147327,2.3823695991147327,2.248956801596101,2.258486270904541,471900,0.0,0.0
2023-03-21 00:00:00-04:00,2.287074837546361,2.430016872892719,2.287074837546361,2.420487403869629,662900,0.0,0.0
2023-03-22 00:00:00-04:00,2.420487505304272,2.4586053829940284,2.3347222805023193,2.3347222805023193,538500,0.0,0.0
2023-03-23 00:00:00-04:00,2.3347220536866917,2.382369396170002,2.3347220536866917,2.37283992767334,508000,0.0,0.0
2023-03-24 00:00:00-04:00,2.334722182661814,2.420487403869629,2.287074837546361,2.420487403869629,337700,0.0,0.0
2023-03-27 00:00:00-04:00,2.4395464965641818,2.5872533893857907,2.4300170269369965,2.5443708896636963,434200,0.0,0.0
2023-03-28 00:00:00-04:00,2.5443710203981436,2.639665721566412,2.5062531399308363,2.630136251449585,355600,0.0,0.0
2023-03-29 00:00:00-04:00,2.6491946279726992,2.734959840774536,2.6110767556163275,2.734959840774536,377500,0.0,0.0
2023-03-30 00:00:00-04:00,2.7444898928614183,2.7730783008453326,2.7159012576770336,2.725430727005005,236400,0.0,0.0
2023-03-31 00:00:00-04:00,2.7444897025620776,2.8826671118368568,2.720665917293824,2.8588433265686035,1164300,0.0,0.0
2023-04-03 00:00:00-04:00,2.8207255625446828,2.9350791910368095,2.811196093503672,2.8302550315856934,292700,0.0,0.0
2023-04-04 00:00:00-04:00,2.8397841382101223,2.8921963248470073,2.8016662669107273,2.820725202560425,368500,0.0,0.0
2023-04-05 00:00:00-04:00,2.820725331183754,2.849313735961914,2.7969015469350653,2.849313735961914,244900,0.0,0.0
2023-04-06 00:00:00-04:00,2.849314083714979,2.8874319614047357,2.801666736602783,2.801666736602783,281100,0.0,0.0
2023-04-10 00:00:00-04:00,2.7921371015142604,3.0399035189974075,2.7921371015142604,3.030374050140381,382000,0.0,0.0
2023-04-11 00:00:00-04:00,3.030374108495816,3.2876699997906957,3.011315170414748,3.220963716506958,533800,0.0,0.0
2023-04-12 00:00:00-04:00,3.220963792518435,3.249552200314694,2.973197137216584,3.07802152633667,893800,0.0,0.0
2023-04-13 00:00:00-04:00,3.07802152633667,3.1637867497254475,2.973197137216584,3.07802152633667,319400,0.0,0.0
2023-04-14 00:00:00-04:00,3.0780210422380394,3.1066094455380306,3.0446677914544997,3.058962106704712,296600,0.0,0.0
2023-04-17 00:00:00-04:00,3.0208445863164695,3.1399630608279963,3.0113151174435657,3.0494329929351807,394300,0.0,0.0
2023-04-18 00:00:00-04:00,3.068492404133965,3.106610285506978,2.9493739112430526,2.9922566413879395,742500,0.0,0.0
2023-04-19 00:00:00-04:00,2.9731970864846144,2.9779619346362556,2.868372926353623,2.9064908027648926,324800,0.0,0.0
2023-04-20 00:00:00-04:00,2.8969612012374455,2.9112555178384882,2.773078108563709,2.8588433265686035,258000,0.0,0.0
2023-04-21 00:00:00-04:00,2.8779022639030245,2.8779022639030245,2.815960603965929,2.8588433265686035,340800,0.0,0.0
2023-04-24 00:00:00-04:00,2.8493140796703678,2.8569375643173083,2.7635488549901592,2.7826077938079834,252400,0.0,0.0
2023-04-25 00:00:00-04:00,2.7540190581883888,2.773077994740521,2.515782124086296,2.5348410606384277,1587900,0.0,0.0
2023-04-26 00:00:00-04:00,2.5348410789533142,2.634900610175185,2.5348410789533142,2.592017889022827,972100,0.0,0.0
2023-04-27 00:00:00-04:00,2.5920180567926776,2.973197042461904,2.5920180567926776,2.949373483657837,982900,0.0,0.0
2023-04-28 00:00:00-04:00,2.9541380405426025,3.0208445490300266,2.9446085717873216,2.9541380405426025,315600,0.0,0.0
2023-05-01 00:00:00-04:00,3.0017858499523267,3.0017858499523267,2.9255498666541717,2.935079336166382,383600,0.0,0.0
2023-05-02 00:00:00-04:00,2.887431589528784,2.911255373616823,2.63966518925504,2.7921369075775146,465400,0.0,0.0
2023-05-03 00:00:00-04:00,2.7826075150874576,3.1351980751003605,2.7826075150874576,3.0017855167388916,622400,0.0,0.0
2023-05-04 00:00:00-04:00,2.9827266740089025,3.073256513583844,2.892196607233504,2.9541380405426025,362300,0.0,0.0
2023-05-05 00:00:00-04:00,3.0208445490300266,3.073256513583844,2.9446085717873216,2.9541380405426025,365500,0.0,0.0
2023-05-08 00:00:00-04:00,2.973196878308057,3.087550726735532,2.9636674098724716,2.982726573944092,385700,0.0,0.0
2023-05-09 00:00:00-04:00,2.973197009797763,3.0875508632825395,2.9398439823984,3.030374050140381,322400,0.0,0.0
2023-05-10 00:00:00-04:00,3.0684915744713757,3.1066094455380306,3.039903171171384,3.058962106704712,401800,0.0,0.0
2023-05-11 00:00:00-04:00,3.0875508580731665,3.0875508580731665,2.97319700478133,3.011315107345581,214300,0.0,0.0
2023-05-12 00:00:00-04:00,3.011314759364806,3.064229068880162,2.95840022047138,3.0016937255859375,211400,0.03,0.0
2023-05-15 00:00:00-04:00,3.0113152247180444,3.0767366130021316,2.982452577677293,3.069040060043335,181800,0.0,0.0
2023-05-16 00:00:00-04:00,3.0497981729746857,3.1267646131276092,3.031518574624941,3.0882813930511475,151000,0.0,0.0
2023-05-17 00:00:00-04:00,3.0930920382105263,3.314370808592168,3.088281749834288,3.2614564895629883,296000,0.0,0.0
2023-05-18 00:00:00-04:00,3.2518353940225055,3.2951289030680204,3.146006306626599,3.165247917175293,377900,0.0,0.0
2023-05-19 00:00:00-04:00,3.203730871233293,3.211427652438078,3.0979020220365903,3.1171436309814453,210700,0.0,0.0
2023-05-22 00:00:00-04:00,3.126764598070596,3.3961473666866926,3.1171437930978096,3.3384225368499756,797000,0.0,0.0
2023-05-23 00:00:00-04:00,3.3288021733417805,3.4201999473934324,3.1075234002437004,3.126765012741089,555500,0.0,0.0
2023-05-24 00:00:00-04:00,3.088281571849204,3.1267647941536767,2.924727647677097,3.0594191551208496,397300,0.0,0.0
2023-05-25 00:00:00-04:00,3.040177623926364,3.1267648763887026,2.887206513051363,3.0209360122680664,209900,0.0,0.0
2023-05-26 00:00:00-04:00,3.0113150500092667,3.1267647139617547,3.0113150500092667,3.097902297973633,198200,0.0,0.0
2023-05-30 00:00:00-04:00,3.126765012741089,3.1739070321731244,3.0449880449381315,3.126765012741089,253500,0.0,0.0
2023-05-31 00:00:00-04:00,3.117144206492395,3.1508171430518814,3.088281787746312,3.126765012741089,215900,0.0,0.0
2023-06-01 00:00:00-04:00,3.126764896972939,3.3865268854481347,3.126764896972939,3.2999396324157715,448400,0.0,0.0
2023-06-02 00:00:00-04:00,3.319181258173199,3.4634933471679688,3.3095604522402144,3.4634933471679688,288900,0.0,0.0
2023-06-05 00:00:00-04:00,3.463493471240407,3.55777751038805,3.4346310524075165,3.5212185382843018,200300,0.0,0.0
2023-06-06 00:00:00-04:00,3.492355981201106,3.6029951343249715,3.4779246576668896,3.530839204788208,338600,0.0,0.0
2023-06-07 00:00:00-04:00,3.511597434441614,3.5693222672159184,3.463493177751598,3.4923558235168457,264000,0.0,0.0
2023-06-08 00:00:00-04:00,3.482734788676366,3.559701461753534,3.463493177751598,3.4923558235168457,255300,0.0,0.0
2023-06-09 00:00:00-04:00,3.4827346749784738,3.4827346749784738,3.348043402902249,3.3672850131988525,300400,0.0,0.0
2023-06-12 00:00:00-04:00,3.367285211613423,3.3865268230438232,3.3047498597755722,3.3865268230438232,366500,0.0,0.0
2023-06-13 00:00:00-04:00,3.3961478086950647,3.492356100322512,3.232593873493084,3.2422146797180176,526900,0.0,0.0
2023-06-14 00:00:00-04:00,3.251835376198268,3.347081416705658,3.2037311207121157,3.232593536376953,446400,0.0,0.0
2023-06-15 00:00:00-04:00,3.0979024777059805,3.2277834718769376,3.0546087365229595,3.069040060043335,728100,0.0,0.0
2023-06-16 00:00:00-04:00,3.107523124172954,3.213351983506809,3.044987774422993,3.1460063457489014,691600,0.0,0.0
2023-06-20 00:00:00-04:00,3.1363854841608285,3.319181012749555,3.107523068495991,3.232593536376953,446200,0.0,0.0
2023-06-21 00:00:00-04:00,3.2133519387544025,3.3576642470324582,3.1844895229744097,3.348043441772461,488600,0.0,0.0
2023-06-22 00:00:00-04:00,3.348043441772461,3.3769058575524538,3.3191810259924677,3.348043441772461,1101200,0.0,0.0
2023-06-23 00:00:00-04:00,3.261455839263161,3.3480430771738754,3.146005959337476,3.2229723930358887,14373300,0.0,0.0
2023-06-26 00:00:00-04:00,3.2229727014450607,3.3162947176747135,2.9920731488767696,3.251835346221924,922700,0.0,0.0
2023-06-27 00:00:00-04:00,3.2614559991400887,3.3663228390081796,3.165247722922867,3.3288016319274902,656700,0.0,0.0
2023-06-28 00:00:00-04:00,3.3384229889589454,3.4153894391644863,3.2614565387534045,3.405768632888794,763100,0.0,0.0
2023-06-29 00:00:00-04:00,3.415389100189398,3.434630710831066,3.184489543111287,3.3961474895477295,795900,0.0,0.0
2023-06-30 00:00:00-04:00,3.4442514518640794,3.5693221480785393,3.396147426157783,3.5500805377960205,660300,0.0,0.0
2023-07-03 00:00:00-04:00,3.5500808299429374,3.6078056655408455,3.3865268997040916,3.4634933471679688,264900,0.0,0.0
2023-07-05 00:00:00-04:00,3.4153893175030454,3.5212184121439836,3.376906093771107,3.4634933471679688,221100,0.0,0.0
2023-07-06 00:00:00-04:00,3.4153892401894232,3.458682980596874,3.3480436001830234,3.3865268230438232,265700,0.0,0.0
2023-07-07 00:00:00-04:00,3.3865268026447466,3.5356494050211427,3.3865268026447466,3.4538724422454834,303700,0.0,0.0
2023-07-10 00:00:00-04:00,3.453872342702969,3.51159740436089,3.444251537322998,3.444251537322998,248100,0.0,0.0
2023-07-11 00:00:00-04:00,3.4442514543852667,3.473113869830172,3.3576642080505508,3.3672850131988525,298300,0.0,0.0
2023-07-12 00:00:00-04:00,3.3961473828913054,3.4394411201644597,3.2614561126296238,3.2710769176483154,288400,0.0,0.0
2023-07-13 00:00:00-04:00,3.3095604932698164,3.3095604932698164,3.1700586908230406,3.2133522033691406,313500,0.0,0.0
2023-07-14 00:00:00-04:00,3.194110248120698,3.2806977226670067,3.126764612989857,3.2710769176483154,397100,0.0,0.0
2023-07-17 00:00:00-04:00,3.3191810673833726,3.4923557936009475,3.1508168585448297,3.444251537322998,649400,0.0,0.0
2023-07-18 00:00:00-04:00,3.434630489538833,3.5212179612256267,3.2518352002204316,3.511597156524658,386000,0.0,0.0
2023-07-19 00:00:00-04:00,3.5212182707837467,3.55489097550834,3.4346307914848553,3.473114013671875,241700,0.0,0.0
2023-07-20 00:00:00-04:00,3.482734715412428,3.4923557500505167,3.304749703413426,3.348043441772461,317500,0.0,0.0
2023-07-21 00:00:00-04:00,3.3769058183471543,3.4009579459069528,3.2518353514192313,3.3672850131988525,425600,0.0,0.0
2023-07-24 00:00:00-04:00,3.376906121097763,3.4250101511519544,3.2710772549785414,3.28069806098938,336600,0.0,0.0
2023-07-25 00:00:00-04:00,3.2710768038240032,3.3769056553470627,3.2614559991400887,3.3288016319274902,629600,0.0,0.0
2023-07-26 00:00:00-04:00,3.319180965423584,3.492355686321516,3.309560160339148,3.319180965423584,714800,0.0,0.0
2023-07-27 00:00:00-04:00,3.3288016319274902,3.400957781745887,3.280697608507918,3.3288016319274902,498800,0.0,0.0
2023-07-28 00:00:00-04:00,3.3576640459792335,3.3961472647148914,3.309560022559661,3.3288016319274902,531600,0.0,0.0
2023-07-31 00:00:00-04:00,3.3384228523369432,3.4442517170386093,3.3384228523369432,3.4153892993927,310400,0.0,0.0
2023-08-01 00:00:00-04:00,3.3769058183471543,3.4538722595335685,3.2855080547492435,3.3672850131988525,1915000,0.0,0.0
2023-08-02 00:00:00-04:00,3.3672849908457634,3.4442514315212502,3.2903185501702765,3.319180965423584,413200,0.0,0.0
2023-08-03 00:00:00-04:00,3.3191809269044033,3.429820298780486,3.3191809269044033,3.3384225368499756,535100,0.0,0.0
2023-08-04 00:00:00-04:00,3.348043675972153,3.511597606210999,3.3384228700391683,3.4634933471679688,345900,0.0,0.0
2023-08-07 00:00:00-04:00,3.4828963189610485,3.550808114513964,3.453791362855069,3.5411064624786377,193800,0.03,0.0
2023-08-08 00:00:00-04:00,3.5120013510133123,3.589614800279929,3.4925980465230673,3.5508081912994385,210800,0.0,0.0
2023-08-09 00:00:00-04:00,3.5411065304569878,3.58961479156483,3.5411065304569878,3.5799131393432617,593400,0.0,0.0
2023-08-10 00:00:00-04:00,3.579913335441819,3.5896149881948194,3.439239254870491,3.453791618347168,391200,0.0,0.0
2023-08-11 00:00:00-04:00,3.444090191254915,3.502300111586898,3.4246868844775875,3.4828968048095703,258700,0.0,0.0
2023-08-14 00:00:00-04:00,3.4537916942018936,3.5314051492361473,3.4537916942018936,3.4634933471679688,201300,0.0,0.0
2023-08-15 00:00:00-04:00,3.4537917811552723,3.5023000472069024,3.439239416992612,3.4440901279449463,202200,0.0,0.0
2023-08-16 00:00:00-04:00,3.4537912397147577,3.4925978464724663,3.376178026199341,3.376178026199341,235900,0.0,0.0
2023-08-17 00:00:00-04:00,3.376178255615736,3.4440898220564193,3.376178255615736,3.405283212661743,347500,0.0,0.0
2023-08-18 00:00:00-04:00,3.4440898220564193,3.4440898220564193,3.385879907964405,3.405283212661743,175200,0.0,0.0
2023-08-21 00:00:00-04:00,3.395581599790135,3.424686557174516,3.220951624178206,3.259758234024048,401600,0.0,0.0
2023-08-22 00:00:00-04:00,3.2694599628448486,3.3082668049026775,3.1772943779612355,3.2694599628448486,185600,0.0,0.0
2023-08-23 00:00:00-04:00,3.269459633171593,3.3567747298653052,3.250056329752017,3.3470730781555176,127900,0.0,0.0
2023-08-24 00:00:00-04:00,3.3470732678398183,3.3470732678398183,3.191846600380633,3.220951557159424,262900,0.0,0.0
2023-08-25 00:00:00-04:00,3.220951395788106,3.259758002882263,3.1045315745056365,3.2306530475616455,289500,0.0,0.0
2023-08-28 00:00:00-04:00,3.230653352092665,3.317968457590723,3.230653352092665,3.2694599628448486,254300,0.0,0.0
2023-08-29 00:00:00-04:00,3.2597579814618047,3.3664763815750933,3.2355039678401463,3.3470730781555176,386500,0.0,0.0
2023-08-30 00:00:00-04:00,3.327669927180194,3.3858798401055816,3.322818985450262,3.366476535797119,303100,0.0,0.0
2023-08-31 00:00:00-04:00,3.376178026199341,3.4440895880253306,3.351923781322962,3.376178026199341,270800,0.0,0.0
2023-09-01 00:00:00-04:00,3.385879684994669,3.434387943543608,3.3470730781555176,3.3470730781555176,223400,0.0,0.0
2023-09-05 00:00:00-04:00,3.3082667253962286,3.395581597490233,3.259758231816142,3.28886342048645,254900,0.0,0.0
2023-09-06 00:00:00-04:00,3.288863572322486,3.3567751426419656,3.288863572322486,3.3082668781280518,253900,0.0,0.0
2023-09-07 00:00:00-04:00,3.2985650636750026,3.366476630668451,3.2985650636750026,3.3179683685302734,157800,0.0,0.0
2023-09-08 00:00:00-04:00,3.327669851178363,3.376178110841622,3.3111770660234177,3.3567748069763184,133500,0.0,0.0
2023-09-11 00:00:00-04:00,3.3664764589089704,3.3907304730877863,3.332520561491875,3.3567748069763184,155000,0.0,0.0
2023-09-12 00:00:00-04:00,3.3470732231900553,3.3955814838409424,3.3422222814721505,3.3955814838409424,1623800,0.0,0.0
2023-09-13 00:00:00-04:00,3.3955817542530973,3.424686712961446,3.288863572322486,3.3082668781280518,298900,0.0,0.0
2023-09-14 00:00:00-04:00,3.317968116062778,3.395581329578195,3.317968116062778,3.376178026199341,220800,0.0,0.0
2023-09-15 00:00:00-04:00,3.3761781713521035,3.4343880839912977,3.3131173170068275,3.4246864318847656,846100,0.0,0.0
2023-09-18 00:00:00-04:00,3.4440898500895343,3.451851310815026,3.2985650636750026,3.3179683685302734,383200,0.0,0.0
2023-09-19 00:00:00-04:00,3.3179681448291216,3.3664764036968173,3.220951395788106,3.2306530475616455,221300,0.0,0.0
2023-09-20 00:00:00-04:00,3.230653218260188,3.2597581751186286,3.1918466091156006,3.1918466091156006,202500,0.0,0.0
2023-09-21 00:00:00-04:00,3.1627417470023067,3.2112500098861863,3.1045318315416512,3.143338441848755,181300,0.0,0.0
2023-09-22 00:00:00-04:00,3.1336369627442338,3.1724435751995985,3.10453200340271,3.10453200340271,299100,0.0,0.0
2023-09-25 00:00:00-04:00,3.0754268738113235,3.153040094425531,3.007515074468249,3.143338441848755,209600,0.0,0.0
2023-09-26 00:00:00-04:00,3.1239351464118834,3.172443409446643,3.10453184119798,3.1142334938049316,201100,0.0,0.0
2023-09-27 00:00:00-04:00,3.1239348163258347,3.1724430742350394,3.1045315131621525,3.1627414226531982,148500,0.0,0.0
2023-09-28 00:00:00-04:00,3.17244332239086,3.1821449747315866,3.094830103665048,3.133636713027954,210300,0.0,0.0
2023-09-29 00:00:00-04:00,3.1530396998769183,3.1530396998769183,3.09482979170023,3.123934745788574,199700,0.0,0.0
2023-10-02 00:00:00-04:00,3.1142333769614874,3.1239350292044414,2.794078621638371,2.9493050575256348,489600,0.0,0.0
2023-10-03 00:00:00-04:00,2.920199977889615,2.954155874963615,2.7746749690646153,2.8134818077087402,552300,0.0,0.0
2023-10-04 00:00:00-04:00,2.8134818927413994,2.900796761891966,2.7649734007965634,2.7940785884857178,668900,0.0,0.0
2023-10-05 00:00:00-04:00,2.7940785043877976,2.842586763566969,2.784376621246338,2.784376621246338,478700,0.0,0.0
2023-10-06 00:00:00-04:00,2.7843766887699766,2.910498397000013,2.755271732556652,2.8522884845733643,497700,0.0,0.0
2023-10-09 00:00:00-04:00,2.8328852744861606,2.891095188845445,2.7940786649133047,2.8037803173065186,346900,0.0,0.0
2023-10-10 00:00:00-04:00,2.8134818927413994,2.8668408637917073,2.7940785884857178,2.7940785884857178,1280500,0.0,0.0
2023-10-11 00:00:00-04:00,2.8037803185082457,3.0754268169403076,2.8037803185082457,3.0754268169403076,698700,0.0,0.0
2023-10-12 00:00:00-04:00,3.075426903055342,3.0996809190750896,3.0269184084045553,3.056023597717285,211800,0.0,0.0
2023-10-13 00:00:00-04:00,3.0657248559192523,3.0851281587606842,3.002664006031791,3.0366199016571045,195600,0.0,0.0
2023-10-16 00:00:00-04:00,3.0657252212345476,3.143338441848755,3.038560455236189,3.143338441848755,188900,0.0,0.0
2023-10-17 00:00:00-04:00,3.1239349760176434,3.259758105106532,3.119084034325939,3.1530399322509766,614800,0.0,0.0
2023-10-18 00:00:00-04:00,3.1336367407350467,3.1336367407350467,3.0172166803113245,3.0463218688964844,214100,0.0,0.0
2023-10-19 00:00:00-04:00,3.036620063853771,3.065725019670518,2.988111572853565,2.9978132247924805,245000,0.0,0.0
2023-10-20 00:00:00-04:00,3.007514792348789,3.0414706888350986,2.949304882348505,3.017216444015503,276800,0.0,0.0
2023-10-23 00:00:00-04:00,2.9978135390758474,3.0948302999416293,2.9881118861198344,3.0075151920318604,164900,0.0,0.0
2023-10-24 00:00:00-04:00,3.0560232044985365,3.0705755659768026,2.997813064668625,3.0366199016571045,208300,0.0,0.0
2023-10-25 00:00:00-04:00,2.997813366455691,3.1481890942677806,2.997813366455691,3.0754268169403076,226200,0.0,0.0
2023-10-26 00:00:00-04:00,3.0851285557243697,3.1190842244131463,3.0269184084045553,3.056023597717285,148800,0.0,0.0
2023-10-27 00:00:00-04:00,3.026918266642778,3.09483006345106,2.9687083533547938,2.978410005569458,437200,0.0,0.0
2023-10-30 00:00:00-04:00,2.9784100142544965,3.0463218112608095,2.9202001007967726,2.9493050575256348,416000,0.0,0.0
2023-10-31 00:00:00-04:00,2.959006862423774,2.9687085151672363,2.9396035569368495,2.9687085151672363,383600,0.0,0.0
2023-11-01 00:00:00-04:00,2.9687082613522886,3.036620056055933,2.920200001782276,3.0269181728363037,306400,0.0,0.0
2023-11-02 00:00:00-04:00,3.007514709989086,3.1142331067061164,3.007514709989086,3.0657248497009277,1242700,0.0,0.0
2023-11-03 00:00:00-04:00,3.09482979170023,3.1530396998769183,3.07057554764047,3.123934745788574,315300,0.0,0.0
2023-11-06 00:00:00-05:00,3.1142336565165514,3.1384876736483265,3.094830350288869,3.10453200340271,336000,0.0,0.0
2023-11-07 00:00:00-05:00,3.104531730044261,3.2403548616786173,3.104531730044261,3.220951557159424,426000,0.0,0.0
2023-11-08 00:00:00-05:00,3.2307417849416105,3.309062957763672,3.201371432663892,3.309062957763672,964000,0.03,0.0
2023-11-09 00:00:00-05:00,3.3286427223492843,3.3286427223492843,3.2111610964212454,3.2405314445495605,303600,0.0,0.0
2023-11-10 00:00:00-05:00,3.2307414594580752,3.2747971001436396,3.220951343018482,3.2601118087768555,220900,0.0,0.0
2023-11-13 00:00:00-05:00,3.260112137219329,3.3384333100413905,3.205287432951292,3.309062957763672,358200,0.0,0.0
2023-11-14 00:00:00-05:00,3.4167542422930084,3.5244455337524414,3.35801353786059,3.5244455337524414,554100,0.0,0.0
2023-11-15 00:00:00-05:00,3.5146557647381553,3.5244458831140064,3.4265446993554973,3.5048656463623047,366600,0.0,0.0
2023-11-16 00:00:00-05:00,3.5048656463623047,3.5244458831140064,3.465705172858901,3.5048656463623047,1382200,0.0,0.0
2023-11-17 00:00:00-05:00,3.504865153493434,3.5733962059020996,3.426544217500446,3.5733962059020996,883100,0.0,0.0
2023-11-20 00:00:00-05:00,3.573396379682264,3.573396379682264,3.5440257938417523,3.5636062622070312,235600,0.0,0.0
2023-11-21 00:00:00-05:00,3.5440259851150886,3.6223471625588095,3.5342358671114766,3.5929768085479736,467900,0.0,0.0
2023-11-22 00:00:00-05:00,3.6223473002873496,3.6223473002873496,3.4950755279864536,3.5048656463623047,164000,0.0,0.0
2023-11-24 00:00:00-05:00,3.5048655131006408,3.6027669265515856,3.4754951590898044,3.5929768085479736,126100,0.0,0.0
2023-11-27 00:00:00-05:00,3.59297661463273,3.59297661463273,3.5342356763665195,3.5636062622070312,176400,0.0,0.0
2023-11-28 00:00:00-05:00,3.5636061536616834,3.612556739546843,3.5146553343617186,3.583186388015747,219000,0.0,0.0
2023-11-29 00:00:00-05:00,3.6223469873029375,3.6223469873029375,3.592976634713094,3.602766752243042,157600,0.0,0.0
2023-11-30 00:00:00-05:00,3.6027664064525773,3.6223466396331787,3.5733960566816747,3.6223466396331787,512100,0.0,0.0
2023-12-01 00:00:00-05:00,3.6125566959381104,3.6223468129969616,3.583186344761557,3.6125566959381104,327200,0.0,0.0
2023-12-04 00:00:00-05:00,3.6125569088638674,3.6908778499509483,3.592976673592097,3.6810877323150635,412400,0.0,0.0
2023-12-05 00:00:00-05:00,3.6908777199610223,3.7104579545431915,3.6419271335055994,3.6615073680877686,323700,0.0,0.0
2023-12-06 00:00:00-05:00,3.661507412394057,3.700667882032259,3.6321370601654053,3.6321370601654053,641800,0.0,0.0
2023-12-07 00:00:00-05:00,3.5831863661530368,3.651717185974121,3.5733962490357394,3.651717185974121,382200,0.0,0.0
2023-12-08 00:00:00-05:00,3.651717506657173,3.7202483324964324,3.5929767987949512,3.7006680965423584,479800,0.0,0.0
2023-12-11 00:00:00-05:00,3.6712976146791783,3.720248202858604,3.6566123215179425,3.6810877323150635,1081700,0.0,0.0
2023-12-12 00:00:00-05:00,3.671297608864884,3.7936741958270463,3.6321371383833623,3.7887790203094482,529300,0.0,0.0
2023-12-13 00:00:00-05:00,3.661507326519257,4.023742129006609,3.661507326519257,4.013951778411865,1773800,0.0,0.0
2023-12-14 00:00:00-05:00,4.043322304051806,4.239124644778206,3.9845816018338858,4.219544410705566,1490000,0.0,0.0
2023-12-15 00:00:00-05:00,4.239124934735376,4.239124934735376,4.146118933236103,4.190174579620361,938800,0.0,0.0
2023-12-18 00:00:00-05:00,4.199964485289803,4.219544720801401,4.10206330773181,4.121643543243408,541200,0.0,0.0
2023-12-19 00:00:00-05:00,4.160803496937445,4.278284895400109,4.146118438837007,4.258704662322998,490700,0.0,0.0
2023-12-20 00:00:00-05:00,4.2587050581937484,4.337025997782566,4.102063179016113,4.102063179016113,869700,0.0,0.0
2023-12-21 00:00:00-05:00,4.141223708897955,4.1999644144418715,4.09716806303261,4.111853122711182,521900,0.0,0.0
2023-12-22 00:00:00-05:00,4.111852846420292,4.229334716443705,4.111852846420292,4.141223430633545,591600,0.0,0.0
2023-12-26 00:00:00-05:00,4.160803993087644,4.253809994586916,4.15101364196686,4.190174579620361,390500,0.0,0.0
2023-12-27 00:00:00-05:00,4.190174530266034,4.1999644144418715,4.082483003354039,4.111853122711182,405500,0.0,0.0
2023-12-28 00:00:00-05:00,4.092272939370513,4.092272939370513,3.9503161158003417,3.9747915267944336,476600,0.0,0.0
2023-12-29 00:00:00-05:00,3.9845817302862474,4.013951848927221,3.7985692671848157,3.808359384536743,510300,0.0,0.0
2024-01-02 00:00:00-05:00,3.8083594033771226,3.847519872978564,3.6859828191652135,3.73982834815979,338100,0.0,0.0
2024-01-03 00:00:00-05:00,3.7398285596373144,3.857310208499728,3.5440259671431735,3.553816318511963,575600,0.0,0.0
2024-01-04 00:00:00-05:00,3.5636060597337615,3.5636060597337615,3.348223254101218,3.426544189453125,757800,0.0,0.0
2024-01-05 00:00:00-05:00,3.397174031713256,3.6125568495831963,3.387383914238023,3.5636062622070312,426800,0.0,0.0
2024-01-08 00:00:00-05:00,3.5244458831140064,3.5978718876403053,3.4314398752508395,3.5048656463623047,381400,0.0,0.0
2024-01-09 00:00:00-05:00,3.44612455368042,3.480390080900767,3.377593732654534,3.44612455368042,292800,0.0,0.0
2024-01-10 00:00:00-05:00,3.4265443191015956,3.495075140127481,3.3873838499439466,3.44612455368042,263800,0.0,0.0
2024-01-11 00:00:00-05:00,3.4461244930960646,3.6761925954747676,3.3775936732749803,3.651717185974121,795400,0.0,0.0
2024-01-12 00:00:00-05:00,3.661507365943295,3.8279395932090656,3.6517172486579446,3.7691986560821533,676200,0.0,0.0
2024-01-16 00:00:00-05:00,3.7594084742643967,3.7985691761483915,3.617451659356177,3.651717185974121,526300,0.0,0.0
2024-01-17 00:00:00-05:00,3.573396511808405,3.583186629645627,3.4265445108352512,3.4754951000213623,528000,0.0,0.0
2024-01-18 00:00:00-05:00,3.4950752451119462,3.6517173598625385,3.4461246571945154,3.6419272422790527,753800,0.0,0.0
2024-01-19 00:00:00-05:00,3.6810878151833255,3.7594087580335596,3.6223471080456497,3.7300384044647217,284100,0.0,0.0
2024-01-22 00:00:00-05:00,3.769198784269632,3.930735841679071,3.7300383137964124,3.896470546722412,453000,0.0,0.0
2024-01-23 00:00:00-05:00,3.9454211107221235,4.018846871359708,3.8915751172136006,3.965001344680786,719100,0.0,0.0
2024-01-24 00:00:00-05:00,4.013951907648858,4.0629027285394255,3.965001553587917,4.03353214263916,530500,0.0,0.0
2024-01-25 00:00:00-05:00,4.062902495171002,4.151013314151563,3.984581559708459,4.141223430633545,1090100,0.0,0.0
2024-01-26 00:00:00-05:00,4.160803649112628,4.219544350492314,4.097167772577237,4.209754467010498,325000,0.0,0.0
2024-01-29 00:00:00-05:00,4.209754696681635,4.317445755004883,4.16080387611316,4.317445755004883,564400,0.0,0.0
2024-01-30 00:00:00-05:00,4.327236362837843,4.376186719483776,4.260663653721143,4.356606483459473,855200,0.0,0.0
2024-01-31 00:00:00-05:00,4.356606212646338,4.356606212646338,4.111853044141945,4.170594215393066,793100,0.0,0.0
2024-02-01 00:00:00-05:00,4.170594043093038,4.292970622289482,4.160803692679113,4.2880754470825195,494400,0.0,0.0
2024-02-02 00:00:00-05:00,4.219544699323443,4.268495521268092,4.141223757675711,4.190174579620361,341200,0.0,0.0
2024-02-05 00:00:00-05:00,4.15101296849132,4.258704479199503,4.092272271785826,4.160803318023682,585400,0.0,0.0
2024-02-06 00:00:00-05:00,4.160803496937445,4.268495012276343,4.160803496937445,4.258704662322998,210900,0.0,0.0
2024-02-07 00:00:00-05:00,4.278285026550293,4.317445493904972,4.239124559195614,4.278285026550293,334000,0.0,0.0
2024-02-08 00:00:00-05:00,4.3076556104811,4.3076556104811,4.25380961774622,4.278285026550293,265100,0.0,0.0
2024-02-09 00:00:00-05:00,4.297865752928671,4.434927871212245,4.268495632460511,4.425137519836426,352300,0.0,0.0
2024-02-12 00:00:00-05:00,4.425137113055654,4.5132484000197985,4.395766528457737,4.434927463531494,530400,0.0,0.0
2024-02-13 00:00:00-05:00,4.3468167186535025,4.3468167186535025,4.0629030550620735,4.082483291625977,661600,0.0,0.0
2024-02-14 00:00:00-05:00,4.1705939994240415,4.209754467010498,4.116748006370465,4.209754467010498,290200,0.0,0.0
2024-02-15 00:00:00-05:00,4.258705494920731,4.415347856991544,4.258705494920731,4.385977268218994,537900,0.0,0.0
2024-02-16 00:00:00-05:00,4.395766146960281,4.395766146960281,4.131432775838277,4.307655334472656,506600,0.0,0.0
2024-02-20 00:00:00-05:00,4.239124628672101,4.312550856287729,4.1950689854686445,4.2880754470825195,1227800,0.0,0.0
2024-02-21 00:00:00-05:00,4.278285273417672,4.278285273417672,4.151013513756278,4.170594215393066,798500,0.0,0.0
2024-02-22 00:00:00-05:00,4.170594295084729,4.1999644144418715,4.082483003354039,4.111853122711182,296600,0.0,0.0
2024-02-23 00:00:00-05:00,4.10206332377794,4.327236266456955,4.087378263794207,4.268495559692383,615800,0.0,0.0
2024-02-26 00:00:00-05:00,4.288075764033223,4.415347527843851,4.268495528587715,4.337026119232178,721100,0.0,0.0
2024-02-27 00:00:00-05:00,4.32723584415844,4.337025727582312,4.278285026550293,4.278285026550293,363300,0.0,0.0
2024-02-28 00:00:00-05:00,4.229334485829949,4.307655417021871,4.195068728311304,4.24891471862793,328400,0.0,0.0
2024-02-29 00:00:00-05:00,4.307655557899019,4.523038125720656,4.29786520776506,4.483877658843994,928600,0.0,0.0
2024-03-01 00:00:00-05:00,4.454507683955495,5.089886582702253,4.454507683955495,4.934223651885986,1263300,0.0,0.0
2024-03-04 00:00:00-05:00,4.944013752314208,5.022334684600999,4.713945663599578,4.826531887054443,525500,0.0,0.0
2024-03-05 00:00:00-05:00,4.816742639892894,4.895063582520479,4.72863134602204,4.777582168579102,448600,0.0,0.0
2024-03-06 00:00:00-05:00,4.846112120126141,4.874503761519329,4.77758153778999,4.826531887054443,284700,0.0,0.0
2024-03-07 00:00:00-05:00,4.865693082280547,5.081076145172119,4.865693082280547,5.081076145172119,452300,0.0,0.0
2024-03-08 00:00:00-05:00,5.090865426664331,5.2768778800964355,5.090865426664331,5.2768778800964355,642900,0.0,0.0
2024-03-11 00:00:00-04:00,5.276878161643237,5.560791798653659,5.193662047330222,5.462890625,871400,0.0,0.0
2024-03-12 00:00:00-04:00,5.453099938342939,5.766383647918701,5.404149125306951,5.766383647918701,585100,0.0,0.0
2024-03-13 00:00:00-04:00,5.776174719376695,5.874075890858413,5.629322728739313,5.658693313598633,561400,0.0,0.0
2024-03-14 00:00:00-04:00,5.6782734328573286,5.6782734328573286,5.472680743496072,5.570581912994385,1021300,0.0,0.0
2024-03-15 00:00:00-04:00,5.551001806665056,5.89365614119866,5.551001806665056,5.805544853210449,1282600,0.0,0.0
2024-03-18 00:00:00-04:00,5.844705129845035,5.844705129845035,5.597015150119956,5.776174545288086,487500,0.0,0.0
2024-03-19 00:00:00-04:00,5.6978532699970845,5.805544315531553,5.604846815327827,5.795754432678223,438400,0.0,0.0
2024-03-20 00:00:00-04:00,5.766383993675339,6.040507722820342,5.746803760652808,6.030717372894287,489300,0.0,0.0
2024-03-21 00:00:00-04:00,6.040507640266467,6.153093861899939,6.001347174756602,6.089457988739014,528000,0.0,0.0
2024-03-22 00:00:00-04:00,6.079668259929313,6.148199309724003,5.932816277129025,6.040507793426514,419600,0.0,0.0
2024-03-25 00:00:00-04:00,6.011137425370528,6.118828945524039,5.98176730785659,6.001347541809082,345600,0.0,0.0
2024-03-26 00:00:00-04:00,6.0505388877748585,6.058409406013119,5.85377311706543,5.85377311706543,374800,0.03,0.0
2024-03-27 00:00:00-04:00,5.804582514438253,6.144002805499554,5.775067482155498,6.099730491638184,875800,0.0,0.0
2024-03-28 00:00:00-04:00,6.099730163983025,6.188274786949473,6.05053907165483,6.178436756134033,546900,0.0,0.0
2024-04-01 00:00:00-04:00,6.16859783595869,6.355525099972645,6.109568247710935,6.306333541870117,1053700,0.0,0.0
2024-04-02 00:00:00-04:00,6.198113261086919,6.463746659754902,6.178436730412457,6.2964959144592285,1114800,0.0,0.0
2024-04-03 00:00:00-04:00,6.276818973350193,6.478503516856861,6.0702151802152,6.365363121032715,909800,0.0,0.0
2024-04-04 00:00:00-04:00,6.414555015669117,6.5326141981912835,6.257142772306227,6.286657333374023,903800,0.0,0.0
2024-04-05 00:00:00-04:00,6.30633362355719,6.3260101532279815,6.237466004272155,6.316172122955322,746700,0.0,0.0
2024-04-08 00:00:00-04:00,6.345686924635107,6.399797735135218,6.22762774211294,6.286657333374023,885700,0.0,0.0
2024-04-09 00:00:00-04:00,6.326010857512369,6.355525889867247,6.094811725422183,6.345687389373779,846700,0.0,0.0
2024-04-10 00:00:00-04:00,6.148921632377078,6.365363467421536,6.119406602126452,6.227627754211426,3909800,0.0,0.0
2024-04-11 00:00:00-04:00,6.247304107599825,6.335848726716551,6.188274517897166,6.326010227203369,420500,0.0,0.0
2024-04-12 00:00:00-04:00,6.266980852207223,6.86219648850794,6.266980852207223,6.8376007080078125,1831600,0.0,0.0
2024-04-15 00:00:00-04:00,6.886792219332222,7.039285682032651,6.601482293489926,6.70970344543457,1709600,0.0,0.0
2024-04-16 00:00:00-04:00,6.690026522162088,6.739217610793515,6.571966877370644,6.660511493682861,921900,0.0,0.0
2024-04-17 00:00:00-04:00,6.768733340480567,6.847439465744793,6.380121495144319,6.444070339202881,1753800,0.0,0.0
2024-04-18 00:00:00-04:00,6.581805729699064,6.788409532761964,6.394878456969511,6.463746547698975,1257700,0.0,0.0
2024-04-19 00:00:00-04:00,6.424393312107773,6.591643580824568,6.345686723791928,6.562129020690918,724800,0.0,0.0
2024-04-22 00:00:00-04:00,6.552290909122786,7.034366621390727,6.552290909122786,6.975337028503418,1816800,0.0,0.0
2024-04-23 00:00:00-04:00,6.985175143519362,7.659096923503308,6.85727745616096,7.654178142547607,2232300,0.0,0.0
2024-04-24 00:00:00-04:00,7.673854918057442,7.673854918057442,7.231132248289403,7.319676876068115,1068000,0.0,0.0
2024-04-25 00:00:00-04:00,7.300000109809349,7.381657503157441,7.162264391452241,7.290161609649658,690500,0.0,0.0
2024-04-26 00:00:00-04:00,7.329514858519175,7.373787172113167,7.083557977775236,7.191779136657715,1312800,0.0,0.0
2024-04-29 00:00:00-04:00,7.309838221878106,7.398382847794865,7.167183251859725,7.300000190734863,1632200,0.0,0.0
2024-04-30 00:00:00-04:00,7.240970634629119,7.290161728855399,7.063881381863067,7.122910976409912,1587300,0.0,0.0
2024-05-01 00:00:00-04:00,7.142587851228958,7.1819409135669545,6.935984039391723,6.985175132751465,718400,0.0,0.0
2024-05-02 00:00:00-04:00,7.083557962221589,7.265566466402919,6.995013804353545,7.2508087158203125,2734300,0.0,0.0
2024-05-03 00:00:00-04:00,7.378705857454435,7.378705857454435,7.103233965694256,7.18194055557251,1294100,0.0,0.0
2024-05-06 00:00:00-04:00,7.349191232781366,7.38362551435323,7.0737197949595165,7.172102451324463,2232800,0.0,0.0
2024-05-07 00:00:00-04:00,7.211455902346929,7.3344343467092585,7.078639426380891,7.221294403076172,1582400,0.0,0.0
2024-05-08 00:00:00-04:00,6.945822362695322,7.585310356285832,6.881873516423719,7.388545036315918,1516200,0.0,0.0
2024-05-09 00:00:00-04:00,7.37870592633991,7.742721972782561,7.30885407932579,7.673854351043701,930500,0.0,0.0
2024-05-10 00:00:00-04:00,7.683692964997855,7.767318342708422,7.501684927958835,7.565633773803711,1330400,0.0,0.0
2024-05-13 00:00:00-04:00,7.772237344962711,8.067385313530606,7.624663126116009,7.900134563446045,1422700,0.0,0.0
2024-05-14 00:00:00-04:00,8.018193987629747,8.25923255794317,7.811590638094513,8.234636306762695,879300,0.0,0.0
2024-05-15 00:00:00-04:00,8.264150500128723,8.31334206203743,8.052628378947988,8.126415252685547,1424600,0.0,0.0
2024-05-16 00:00:00-04:00,8.116540858598661,8.254778173604388,8.037547838117936,8.1362886428833,755500,0.03,0.0
2024-05-17 00:00:00-04:00,8.3930166673911,8.40782821227633,7.988177190572554,8.037548065185547,1228600,0.0,0.0
2024-05-20 00:00:00-04:00,8.027673247139667,8.39301619190439,8.027673247139667,8.244904518127441,853000,0.0,0.0
2024-05-21 00:00:00-04:00,8.235030262071465,8.299211737093662,8.116540733181287,8.195533752441406,1278300,0.0,0.0
2024-05-22 00:00:00-04:00,8.165911932351438,8.689240941305673,8.116541057920788,8.472009658813477,2321700,0.0,0.0
2024-05-23 00:00:00-04:00,8.580624972115457,8.645794263781257,8.393016776160113,8.412765502929688,1678400,0.0,0.0
2024-05-24 00:00:00-04:00,8.511506313793918,8.975591034607238,8.511506313793918,8.827478408813477,1451100,0.0,0.0
2024-05-28 00:00:00-04:00,8.985465205272105,9.133576886218009,8.452261835527302,8.491758346557617,2160700,0.0,0.0
2024-05-29 00:00:00-04:00,8.284401661789481,8.462135495601125,8.225156422738179,8.383142471313477,1879200,0.0,0.0
2024-05-30 00:00:00-04:00,8.452261854763172,8.773171125323701,8.417701583570778,8.481884002685547,1656700,0.0,0.0
2024-05-31 00:00:00-04:00,8.590498293315934,8.738610901105611,8.407827301214311,8.442386627197266,4240800,0.0,0.0
2024-06-03 00:00:00-04:00,8.570751289176261,8.570751289176261,7.57346321781576,7.672204494476318,5488100,0.0,0.0
2024-06-04 00:00:00-04:00,7.652456383086274,7.662330746355838,7.213057105137294,7.395728588104248,1749800,0.0,0.0
2024-06-05 00:00:00-04:00,7.504344195117895,7.632708092014092,7.296987275773439,7.622833728790283,1412600,0.0,0.0
2024-06-06 00:00:00-04:00,7.603085453901584,7.790694117158318,7.425351153843624,7.6327080726623535,780300,0.0,0.0
2024-06-07 00:00:00-04:00,7.6030855433277456,7.731449441408286,7.543840775944933,7.593211650848389,1094900,0.0,0.0
2024-06-10 00:00:00-04:00,7.563589023813565,8.289338718290322,7.474722108250244,8.017799377441406,1233900,0.0,0.0
2024-06-11 00:00:00-04:00,7.938806111282654,7.9634910771171725,7.682078794086431,7.701827049255371,949400,0.0,0.0
2024-06-12 00:00:00-04:00,7.968428273818715,8.146163041513763,7.859813105600122,7.909183979034424,1140500,0.0,0.0
2024-06-13 00:00:00-04:00,7.909183909843313,8.077044313048807,7.840064781807069,7.938806056976318,1088700,0.0,0.0
2024-06-14 00:00:00-04:00,7.899309879431511,7.938806391161824,7.642582082348919,7.790694236755371,966800,0.0,0.0
2024-06-17 00:00:00-04:00,7.81044229505789,8.037547938015964,7.672204507498476,7.879561424255371,966000,0.0,0.0
2024-06-18 00:00:00-04:00,7.869687600647255,8.38807992807696,7.849939343927819,8.264653205871582,918400,0.0,0.0
2024-06-20 00:00:00-04:00,8.294274846032602,8.30414920920355,8.012862087358336,8.067170143127441,918400,0.0,0.0
2024-06-21 00:00:00-04:00,8.027673897637523,8.09679255877811,7.612960047451738,7.741323947906494,2217800,0.0,0.0
2024-06-24 00:00:00-04:00,7.7808198297307145,8.383141829206979,7.691952448796123,8.244904518127441,1170300,0.0,0.0
2024-06-25 00:00:00-04:00,8.185659408569336,8.284401153708647,7.701826929063068,8.185659408569336,824600,0.0,0.0
2024-06-26 00:00:00-04:00,8.195533842668413,8.88672323963949,8.195533842668413,8.5806245803833,1405200,0.0,0.0
2024-06-27 00:00:00-04:00,8.600373516473207,8.773171105357498,8.32883512084868,8.491758346557617,837500,0.0,0.0
2024-06-28 00:00:00-04:00,8.600373445912048,8.728737341125195,8.32883505251534,8.521380424499512,2996000,0.0,0.0
2024-07-01 00:00:00-04:00,8.62999545338218,8.659618542184155,8.402890755926844,8.5806245803833,842100,0.0,0.0
2024-07-02 00:00:00-04:00,8.541128047468293,9.024961471557617,8.481883753364997,9.024961471557617,1457400,0.0,0.0
2024-07-03 00:00:00-04:00,9.034834329245815,9.548289868359968,9.024960908625172,9.28168773651123,1710800,0.0,0.0
2024-07-05 00:00:00-04:00,9.360681388171855,9.444611590017473,9.202695347443887,9.429800987243652,941500,0.0,0.0
2024-07-08 00:00:00-04:00,9.479171423732087,9.568037861294636,9.15826123390612,9.192821502685547,1171400,0.0,0.0
2024-07-09 00:00:00-04:00,9.143451401584894,9.43967571007842,9.103954889897166,9.271815299987793,1315000,0.0,0.0
2024-07-10 00:00:00-04:00,9.301437009317532,9.321184793393764,8.708988420293444,9.034834861755371,977500,0.0,0.0
2024-07-11 00:00:00-04:00,9.153325422452347,9.261940590111978,8.649744211021986,8.995338439941406,1004200,0.0,0.0
2024-07-12 00:00:00-04:00,9.113828021544064,9.321184936723876,8.886723321984364,8.975590705871582,738100,0.0,0.0
2024-07-15 00:00:00-04:00,9.054583927473924,9.44954904053897,9.024961779411823,9.311311721801758,1877700,0.0,0.0
2024-07-16 00:00:00-04:00,9.380430419186377,9.726025600772214,9.321185181150963,9.716151237487793,1686800,0.0,0.0
2024-07-17 00:00:00-04:00,9.716150740890754,9.800080941176395,9.33105906752056,9.508793830871582,1429800,0.0,0.0
2024-07-18 00:00:00-04:00,9.410052280388301,9.726025304155696,9.14838825302895,9.419926643371582,826300,0.0,0.0
2024-07-19 00:00:00-04:00,9.459423816623984,9.676655109126006,9.370556426888104,9.548291206359863,928700,0.0,0.0
2024-07-22 00:00:00-04:00,9.548290721698246,9.829703480463538,9.548290721698246,9.765522003173828,715100,0.0,0.0
2024-07-23 00:00:00-04:00,9.854387833914146,10.298724732407525,9.617408782498373,10.041996955871582,2483400,0.0,0.0
2024-07-24 00:00:00-04:00,9.96300478197874,10.071619954319479,9.607535233097913,9.666780471801758,1088000,0.0,0.0
2024-07-25 00:00:00-04:00,9.666780471801758,9.785270007538326,9.469297912240812,9.666780471801758,3190800,0.0,0.0
2024-07-26 00:00:00-04:00,9.874136994116203,9.98275216204989,9.726025315872894,9.844514846801758,1373200,0.0,0.0
2024-07-29 00:00:00-04:00,9.874137447011046,10.259229146446083,9.592724680438613,9.647032737731934,1804700,0.0,0.0
2024-07-30 00:00:00-04:00,9.647031716462301,9.805017748222125,9.548289975776898,9.676653861999512,1937200,0.0,0.0
2024-07-31 00:00:00-04:00,9.785268893241337,10.323409395308644,9.775394530969951,10.180234909057617,3413400,0.0,0.0
2024-08-01 00:00:00-04:00,10.1901089338365,10.274039134777524,9.750710145088762,9.903759002685547,2379800,0.0,0.0
2024-08-02 00:00:00-04:00,8.916345721033329,9.99262683773884,8.896597936096104,9.706276893615723,1570200,0.0,0.0
2024-08-05 00:00:00-04:00,8.501632028439195,9.261941066147426,8.116541269517324,9.212570190429688,2945000,0.0,0.0
2024-08-06 00:00:00-04:00,9.340933157153046,9.884010852434125,9.113827528215413,9.637157440185547,1272300,0.0,0.0
2024-08-07 00:00:00-04:00,9.627282647265044,9.647031371364076,8.758358561998552,8.945967674255371,2430600,0.0,0.0
2024-08-08 00:00:00-04:00,9.04470947290872,9.32118504926279,8.88178624770547,8.926219940185547,1478800,0.0,0.0
2024-08-09 00:00:00-04:00,8.936094483307604,9.143451405167202,8.827478369870457,8.847227096557617,1548800,0.0,0.0
2024-08-12 00:00:00-04:00,8.867041774086491,8.946300174147122,8.748154173995543,8.876949310302734,716900,0.03,0.0
2024-08-13 00:00:00-04:00,8.966114811125692,9.045373207337013,8.847227216808713,8.956207275390625,707000,0.0,0.0
2024-08-14 00:00:00-04:00,8.995836478309698,9.283148400938119,8.91657808205597,9.263334274291992,1516100,0.0,0.0
2024-08-15 00:00:00-04:00,9.461480226635029,9.520923551167447,9.232621443032539,9.312870025634766,880900,0.0,0.0
2024-08-16 00:00:00-04:00,9.332685753052672,9.392129081763509,9.08500301214328,9.19398307800293,1354300,0.0,0.0
2024-08-19 00:00:00-04:00,9.312870482417756,9.798329362361486,9.213797955059489,9.491202354431152,3974400,0.0,0.0
2024-08-20 00:00:00-04:00,9.491201108145034,9.61999622714993,9.203889210313966,9.322776794433594,1774800,0.0,0.0
2024-08-21 00:00:00-04:00,9.34259260607042,9.446618896122551,8.906670484848696,9.055280685424805,1214000,0.0,0.0
2024-08-22 00:00:00-04:00,9.015650902517168,9.233611004149301,9.015650902517168,9.075094223022461,1517300,0.0,0.0
2024-08-23 00:00:00-04:00,9.114723916337203,9.501109300072072,9.094909790030966,9.203889846801758,2735100,0.0,0.0
2024-08-26 00:00:00-04:00,9.213797410554392,9.263334143723394,9.005743887112258,9.154353141784668,1845300,0.0,0.0
2024-08-27 00:00:00-04:00,9.134539201684182,9.21379759843694,9.025558197523178,9.164260864257812,1257500,0.0,0.0
2024-08-28 00:00:00-04:00,9.164261319092336,9.367361088955718,9.06023502250436,9.3425931930542,1751600,0.0,0.0
2024-08-29 00:00:00-04:00,9.411943435668945,9.659626157660234,9.233611573488146,9.411943435668945,2486900,0.0,0.0
2024-08-30 00:00:00-04:00,9.471388179816609,9.897401840525536,9.41194390782939,9.847865104675293,1929000,0.0,0.0
2024-09-03 00:00:00-04:00,9.768605592812708,9.773559360317067,8.6342192896813,8.76796817779541,2466200,0.0,0.0
2024-09-04 00:00:00-04:00,8.767969349421605,8.881903182742764,8.470749873285595,8.728340148925781,1162200,0.0,0.0
2024-09-05 00:00:00-04:00,8.718431902224182,8.75806109949106,8.530192506580576,8.63917350769043,1512300,0.0,0.0
2024-09-06 00:00:00-04:00,8.639174118202936,8.70357121399945,7.955569235997137,8.005105972290039,907000,0.0,0.0
2024-09-09 00:00:00-04:00,8.034827203750767,8.33204666067914,8.02492061289302,8.08436393737793,1335700,0.0,0.0
2024-09-10 00:00:00-04:00,8.064550660918188,8.242881598005523,7.797052838035123,8.232975006103516,1128300,0.0,0.0
2024-09-11 00:00:00-04:00,8.242881489496458,8.44102844228353,8.02492135316619,8.381584167480469,939400,0.0,0.0
2024-09-12 00:00:00-04:00,8.500470844839066,8.75806109949106,8.43111998583068,8.63917350769043,2269600,0.0,0.0
2024-09-13 00:00:00-04:00,8.787783374025858,9.020604806099634,8.688710846367396,8.876949310302734,680200,0.0,0.0
2024-09-16 00:00:00-04:00,8.886856419669476,9.34259267054572,8.827412150061873,9.263334274291992,1078600,0.0,0.0
2024-09-17 00:00:00-04:00,9.34259188896264,9.511016203120414,9.154352504981816,9.273240089416504,1165000,0.0,0.0
2024-09-18 00:00:00-04:00,9.273240678065127,9.590275201516944,9.193982283410822,9.253426551818848,987600,0.0,0.0
2024-09-19 00:00:00-04:00,9.481294101683382,9.6199967633039,9.04041916789737,9.09490966796875,1267900,0.0,0.0
2024-09-20 00:00:00-04:00,8.966114689543975,9.283148270090237,8.966114689543975,9.154353141784668,2345500,0.0,0.0
2024-09-23 00:00:00-04:00,9.213796824446638,9.283147679570938,8.763014376469608,8.817503929138184,1035500,0.0,0.0
2024-09-24 00:00:00-04:00,8.817503929138184,8.867040659156057,8.579728758853834,8.817503929138184,900700,0.0,0.0
2024-09-25 00:00:00-04:00,8.827412727193018,9.104817132217608,8.738246789369303,8.936393737792969,620900,0.0,0.0
2024-09-26 00:00:00-04:00,9.00574339272626,9.164260174297334,8.951252894748247,9.025557518005371,1076200,0.0,0.0
2024-09-27 00:00:00-04:00,9.094909695454017,9.134538892488987,8.946299497946944,9.04537296295166,696200,0.0,0.0
2024-09-30 00:00:00-04:00,9.07509411535869,9.392127673851192,8.956206530924002,9.273240089416504,1794100,0.0,0.0
2024-10-01 00:00:00-04:00,9.233611762050929,9.233611762050929,8.807598114013672,8.807598114013672,802800,0.0,0.0
2024-10-02 00:00:00-04:00,8.767969462207676,9.015652204701286,8.658988450816292,8.837320327758789,650400,0.0,0.0
2024-10-03 00:00:00-04:00,8.837319681073645,8.990882705628751,8.718432086756666,8.956207275390625,925900,0.0,0.0
2024-10-04 00:00:00-04:00,9.114724532794446,9.758700215906643,9.054290073462889,9.69925594329834,1108300,0.0,0.0
2024-10-07 00:00:00-04:00,9.6893478197455,9.75869962439059,9.392128364389034,9.411943435668945,740000,0.0,0.0
2024-10-08 00:00:00-04:00,9.481294079621492,9.560552473267482,9.377267792274097,9.45157241821289,415200,0.0,0.0
2024-10-09 00:00:00-04:00,9.451571972860318,9.634857590051972,9.193981733231059,9.22370433807373,781800,0.0,0.0
2024-10-10 00:00:00-04:00,9.114724676498698,9.312870680259277,9.035466274994468,9.19398307800293,530800,0.0,0.0
2024-10-11 00:00:00-04:00,9.213797392118416,9.619996902589193,9.174168194629427,9.511016845703125,698500,0.0,0.0
2024-10-14 00:00:00-04:00,9.540739121933106,9.590275858192628,9.402036449373377,9.441665649414062,588100,0.0,0.0
2024-10-15 00:00:00-04:00,9.471386983209028,9.56055196267285,9.164260015607423,9.322776794433594,701300,0.0,0.0
2024-10-16 00:00:00-04:00,9.372314639533665,9.867680104741925,9.263334577328319,9.382222175598145,1084200,0.0,0.0
2024-10-17 00:00:00-04:00,9.411943690878745,9.501109624386926,8.966114968172468,9.01565170288086,1034300,0.0,0.0
2024-10-18 00:00:00-04:00,9.01565148757143,9.065187276262193,8.867041286995322,9.055280685424805,834300,0.0,0.0
2024-10-21 00:00:00-04:00,9.114723399589776,9.13453846960722,8.748153107777968,8.76796817779541,721000,0.0,0.0
2024-10-22 00:00:00-04:00,8.767968094786637,8.936392409002211,8.629265440481301,8.916577339172363,544700,0.0,0.0
2024-10-23 00:00:00-04:00,8.8769481443472,9.015650798652535,8.78778221978195,8.916577339172363,491800,0.0,0.0
2024-10-24 00:00:00-04:00,8.966114968172468,9.104816691554413,8.728339775373735,9.01565170288086,1631000,0.0,0.0
2024-10-25 00:00:00-04:00,9.164261363970919,9.16723381384075,8.82741268698655,8.985929489135742,696300,0.0,0.0
2024-10-28 00:00:00-04:00,9.085002311029408,9.13453904435534,8.782829088092367,8.797690391540527,852800,0.0,0.0
2024-10-29 00:00:00-04:00,8.777875666087995,8.777875666087995,8.500471271302645,8.559915542602539,1000700,0.0,0.0
2024-10-30 00:00:00-04:00,8.589637267277208,8.683756970494183,8.441028005216422,8.46084213256836,1163100,0.0,0.0
2024-10-31 00:00:00-04:00,8.906670774968827,8.916578310963544,7.985291658656814,7.9951982498168945,1669800,0.0,0.0
2024-11-01 00:00:00-04:00,8.123992892790602,8.346907715040949,7.915939373635135,8.173529624938965,1184900,0.0,0.0
2024-11-04 00:00:00-05:00,8.123993409851936,8.465795844112037,8.123993409851936,8.252788543701172,1450300,0.0,0.0
2024-11-05 00:00:00-05:00,8.292416988062802,8.714467969150851,8.292416988062802,8.56982135772705,1667800,0.0,0.0
2024-11-06 00:00:00-05:00,8.916578077284965,9.065187333972537,8.61935861907521,8.956207275390625,2555800,0.0,0.0
2024-11-07 00:00:00-05:00,9.00574406784587,9.00574406784587,8.639173746774013,8.857133865356445,1137700,0.0,0.0
2024-11-08 00:00:00-05:00,8.916577339172363,9.09490918830286,8.807597289611799,8.916577339172363,2477700,0.0,0.0
2024-11-11 00:00:00-05:00,9.085002085363369,9.580367516648899,8.971068262927997,9.50110912322998,2874600,0.0,0.0
2024-11-12 00:00:00-05:00,9.46135594961664,9.739630845840791,9.063819435782587,9.173141479492188,1967600,0.03,0.0
2024-11-13 00:00:00-05:00,9.322217774992149,9.322217774992149,8.616591453552246,8.616591453552246,1755400,0.0,0.0
2024-11-14 00:00:00-05:00,8.636468174462056,8.805421030556904,8.437700387232699,8.556961059570312,937400,0.0,0.0
2024-11-15 00:00:00-05:00,8.60665257832673,8.60665257832673,8.323408384935068,8.378069877624512,847000,0.0,0.0
2024-11-18 00:00:00-05:00,8.38800779256183,8.447638599709215,8.099794278248437,8.298563003540039,1456000,0.0,0.0
2024-11-19 00:00:00-05:00,8.159425686994068,8.735852758121087,8.159425686994068,8.527146339416504,1692700,0.0,0.0
2024-11-20 00:00:00-05:00,8.497331263137175,8.715976304683279,8.268747595202708,8.4575777053833,1098800,0.0,0.0
2024-11-21 00:00:00-05:00,8.527146225142795,8.666284151681104,8.368131993555917,8.407885551452637,1773800,0.0,0.0
2024-11-22 00:00:00-05:00,8.417823791503906,8.48739227768012,8.318439427423995,8.417823791503906,1231700,0.0,0.0
2024-11-25 00:00:00-05:00,8.507269275567031,8.914743450087268,8.507269275567031,8.86505126953125,2618200,0.0,0.0
2024-11-26 00:00:00-05:00,8.835236878872255,8.954497550796567,8.537084725161685,8.606653213500977,1415100,0.0,0.0
2024-11-27 00:00:00-05:00,8.656345308462315,8.785544605340805,8.392977401617754,8.437700271606445,977300,0.0,0.0
2024-11-29 00:00:00-05:00,8.537084161649043,8.924681082868819,8.50726923258587,8.59671401977539,512000,0.0,0.0
2024-12-02 00:00:00-05:00,8.616591218750857,8.884927474290764,8.487391929861458,8.696098327636719,1146600,0.0,0.0
2024-12-03 00:00:00-05:00,8.566899149815574,8.71597569175894,8.194209216656432,8.497330665588379,1099100,0.0,0.0
2024-12-04 00:00:00-05:00,8.527146040794724,8.73585245219038,8.433725229147074,8.706037521362305,859300,0.0,0.0
2024-12-05 00:00:00-05:00,8.69609853708333,8.81535920328453,8.561929932182158,8.66628360748291,756300,0.0,0.0
2024-12-06 00:00:00-05:00,8.74579140324092,8.74579140324092,8.060041334127703,8.209117889404297,1388900,0.0,0.0
2024-12-09 00:00:00-05:00,8.228993442451099,8.328377803549587,7.9606571839644005,8.179301261901855,971200,0.0,0.0
2024-12-10 00:00:00-05:00,8.169363652212121,8.492361406778638,8.08985654178958,8.39794635772705,1177400,0.0,0.0
2024-12-11 00:00:00-05:00,8.497330747171032,8.497330747171032,8.288624344686147,8.348254203796387,1412300,0.0,0.0
2024-12-12 00:00:00-05:00,8.368131573093837,8.37807019901854,8.144517228785695,8.149486541748047,627500,0.0,0.0
2024-12-13 00:00:00-05:00,8.169363699039069,8.268747113737156,7.960657296033707,7.980533599853516,608100,0.0,0.0
2024-12-16 00:00:00-05:00,7.990472436186224,8.159425288203806,7.846365675447657,7.950718879699707,946000,0.0,0.0
2024-12-17 00:00:00-05:00,7.851334811578417,7.950718700555408,7.453798781770694,7.93084192276001,1370300,0.0,0.0
2024-12-18 00:00:00-05:00,7.990472256415247,8.030225812007382,7.165585267028812,7.2699384689331055,1543600,0.0,0.0
2024-12-19 00:00:00-05:00,7.344476494537801,7.884131762950404,7.1705548019135,7.215277671813965,1190200,0.0,0.0
2024-12-20 00:00:00-05:00,7.225215941721981,7.374292019184427,7.02644815437191,7.17552375793457,1592100,0.0,0.0
2024-12-23 00:00:00-05:00,7.175523821465363,7.175523821465363,6.941971787736149,7.0761399269104,761300,0.0,0.0
2024-12-24 00:00:00-05:00,7.105955092344773,7.1954003574748615,7.04632475762479,7.155646800994873,299700,0.0,0.0
2024-12-26 00:00:00-05:00,7.066201686859131,7.225215916176987,7.03638628191214,7.066201686859131,402400,0.0,0.0
2024-12-27 00:00:00-05:00,6.9966327245826765,7.096016617906336,6.837618495264819,7.066201686859131,1019100,0.0,0.0
2024-12-30 00:00:00-05:00,6.986694217667526,7.110924196493124,6.758111037672435,7.026447772979736,1021000,0.0,0.0
2024-12-31 00:00:00-05:00,7.105955153601693,7.25503122863665,6.946940452411175,7.215277671813965,1192500,0.0,0.0
2025-01-02 00:00:00-05:00,7.344476191721599,7.622751551906747,7.170554506268171,7.235154151916504,917200,0.0,0.0
2025-01-03 00:00:00-05:00,7.274907887273671,7.473675668114576,7.240123170201685,7.414045333862305,419700,0.0,0.0
2025-01-06 00:00:00-05:00,7.453799157201438,7.503491341142696,7.235154590439436,7.4438605308532715,828100,0.0,0.0
2025-01-07 00:00:00-05:00,7.473675963289353,7.791704899095207,7.304723105951862,7.553183078765869,679100,0.0,0.0
2025-01-08 00:00:00-05:00,7.563121762796935,8.47745407164576,7.553183136336722,8.358193397521973,1962500,0.0,0.0
2025-01-10 00:00:00-05:00,8.179301345285063,8.219055848369342,7.781765792437493,7.871211528778076,1339900,0.0,0.0
2025-01-13 00:00:00-05:00,7.781765911357659,8.010349568587845,7.751950981388342,7.990472316741943,501900,0.0,0.0
2025-01-14 00:00:00-05:00,8.040164710468202,8.17930168585854,7.8413964518682535,7.960657596588135,924600,0.0,0.0
2025-01-15 00:00:00-05:00,8.099794315276206,8.228993608186565,7.190431373668031,7.404106616973877,1829300,0.0,0.0
2025-01-16 00:00:00-05:00,7.602874789843827,7.84139612143277,7.42398331725236,7.712197303771973,897900,0.0,0.0
2025-01-17 00:00:00-05:00,7.781765777136764,7.811581180491588,7.3842297511710795,7.394168376922607,666300,0.0,0.0
2025-01-21 00:00:00-05:00,7.344476431009358,7.4140453917971865,6.529528049293703,6.678603649139404,2208100,0.0,0.0
2025-01-22 00:00:00-05:00,6.59909636821314,7.086078133533108,6.529527883095832,6.976755619049072,1587200,0.0,0.0
2025-01-23 00:00:00-05:00,6.927063417886895,7.394168404132929,6.927063417886895,7.344476222991943,1047500,0.0,0.0
2025-01-24 00:00:00-05:00,7.344476493858395,7.409076142164228,7.04135550463852,7.056262969970703,543700,0.0,0.0
2025-01-27 00:00:00-05:00,6.917125285848624,7.016509174516037,6.67860347914707,6.976755619049072,916700,0.0,0.0
2025-01-28 00:00:00-05:00,6.976755766955816,7.036386101420423,6.51362631465762,6.728295803070068,698700,0.0,0.0
2025-01-29 00:00:00-05:00,6.738234662196586,6.986694634677437,6.589158583928118,6.966817855834961,661400,0.0,0.0
2025-01-30 00:00:00-05:00,7.036386161468223,7.145708679202835,6.832649065167201,6.9469404220581055,721400,0.0,0.0
2025-01-31 00:00:00-05:00,6.897248508115141,7.023466023027768,6.817741397181211,6.976755619049072,821200,0.0,0.0
2025-02-03 00:00:00-05:00,6.758111416287926,6.857495310136321,6.6239428041677515,6.698480606079102,869300,0.0,0.0
2025-02-04 00:00:00-05:00,6.678603476072874,6.946940212301254,6.561330819229141,6.817741394042969,676600,0.0,0.0
2025-02-05 00:00:00-05:00,6.837618559217556,6.912156361432512,6.728296038589136,6.807803153991699,603400,0.0,0.0
2025-02-06 00:00:00-05:00,6.897248474541448,7.1457084319504345,6.857494919267991,6.867433071136475,735400,0.0,0.0
2025-02-07 00:00:00-05:00,6.837618258846516,6.867433188862837,6.569281519200783,6.668665409088135,609800,0.0,0.0
2025-02-10 00:00:00-05:00,6.7581112665081635,6.946940423685208,6.743203327336468,6.787926197052002,889400,0.0,0.0
2025-02-11 00:00:00-05:00,6.748172731330592,6.777988136175992,6.599096654903156,6.638850212097168,396700,0.0,0.0
2025-02-12 00:00:00-05:00,6.559343068767466,6.748172701555744,6.400328840693033,6.688542366027832,653600,0.0,0.0
2025-02-13 00:00:00-05:00,6.688542057047049,6.708418834638135,6.360574989844257,6.390389919281006,1705800,0.0,0.0
2025-02-14 00:00:00-05:00,6.410267025011177,6.504682078826723,6.320821758222503,6.4798359870910645,1162800,0.0,0.0
2025-02-18 00:00:00-05:00,6.499712405734956,6.549404586454238,6.385421053540264,6.44008207321167,1245700,0.0,0.0
2025-02-19 00:00:00-05:00,6.450020493543448,6.489774524113772,6.310883045196533,6.310883045196533,853300,0.0,0.0
2025-02-20 00:00:00-05:00,6.45002031042454,6.618973158427607,6.20156035133762,6.291006088256836,1805300,0.0,0.0
2025-02-21 00:00:00-05:00,6.370513222754209,6.430143556286257,5.853716524910026,5.923285484313965,1911200,0.0,0.0
2025-02-24 00:00:00-05:00,5.923285604747164,6.112115235054514,5.5158114137101215,5.724517822265625,1688700,0.0,0.0
2025-02-25 00:00:00-05:00,5.734456065830243,5.8338399586549015,5.565503211078434,5.575441837310791,1129200,0.0,0.0
2025-02-26 00:00:00-05:00,5.62513333273605,5.7046404439705185,5.4263655546498795,5.446242332458496,1509200,0.0,0.0
2025-02-27 00:00:00-05:00,5.466119086098437,5.82887039797672,5.376673349405266,5.654948711395264,1416800,0.0,0.0
2025-02-28 00:00:00-05:00,5.654948628675399,5.982915693219883,5.396550048185953,5.804024696350098,2478100,0.0,0.0
2025-03-03 00:00:00-05:00,5.823901778512309,5.933223823147512,5.2872282859220725,5.30710506439209,1382300,0.0,0.0
2025-03-04 00:00:00-05:00,5.16796728185982,5.485996219935729,4.929445933727733,5.376673698425293,2111700,0.0,0.0
2025-03-05 00:00:00-05:00,5.366735337833732,5.510842098552333,5.083490655531825,5.0884599685668945,1423700,0.0,0.0
2025-03-06 00:00:00-05:00,5.068583222070989,5.158028961663347,4.95926070411364,5.038768291473389,1395100,0.0,0.0
2025-03-07 00:00:00-05:00,5.038768112191458,5.12821337470153,4.830061709835023,5.018891334533691,1400100,0.0,0.0
2025-03-10 00:00:00-04:00,4.969199536105561,5.212690199638782,4.879753792807726,5.008953094482422,1883300,0.0,0.0
2025-03-11 00:00:00-04:00,5.018891453751286,5.10833671838602,4.839999976682274,4.979137897491455,1599300,0.0,0.0
2025-03-12 00:00:00-04:00,5.018891389958485,5.158028835099382,4.899630248795092,4.919507026672363,1095500,0.0,0.0
2025-03-13 00:00:00-04:00,4.929445894373225,4.989076230930184,4.745585571514318,4.840000152587891,1231000,0.0,0.0
2025-03-14 00:00:00-04:00,4.889999866485596,4.960000038146973,4.730000019073486,4.800000190734863,1267400,0.03,0.0
2025-03-17 00:00:00-04:00,4.809999942779541,5.309999942779541,4.800000190734863,5.269999980926514,1285900,0.0,0.0
2025-03-18 00:00:00-04:00,5.230000019073486,5.300000190734863,5.019999980926514,5.119999885559082,942400,0.0,0.0
2025-03-19 00:00:00-04:00,5.119999885559082,5.369999885559082,5.099999904632568,5.360000133514404,917500,0.0,0.0
2025-03-20 00:00:00-04:00,5.289999961853027,5.388999938964844,5.159999847412109,5.320000171661377,744600,0.0,0.0
2025-03-21 00:00:00-04:00,5.260000228881836,5.369999885559082,5.15500020980835,5.300000190734863,1384300,0.0,0.0
2025-03-24 00:00:00-04:00,5.289999961853027,5.385000228881836,5.039999961853027,5.360000133514404,1139900,0.0,0.0
2025-03-25 00:00:00-04:00,5.349999904632568,5.429999828338623,4.929999828338623,4.96999979019165,1012300,0.0,0.0
2025-03-26 00:00:00-04:00,4.96999979019165,5.005000114440918,4.789999961853027,4.929999828338623,895100,0.0,0.0
2025-03-27 00:00:00-04:00,4.929999828338623,4.945000171661377,4.690000057220459,4.690000057220459,853800,0.0,0.0
2025-03-28 00:00:00-04:00,4.699999809265137,4.860000133514404,4.619999885559082,4.679999828338623,903900,0.0,0.0
2025-03-31 00:00:00-04:00,4.610000133514404,4.730000019073486,4.449999809265137,4.53000020980835,1580200,0.0,0.0
2025-04-01 00:00:00-04:00,4.489999771118164,4.630000114440918,4.421999931335449,4.46999979019165,1138645,0.0,0.0
