Date,Open,High,Low,Close,Volume,Dividends,Stock Splits
2022-05-11 00:00:00-04:00,20.13021873013404,20.656007510795277,19.041083931921953,19.810989379882812,413700,0.0,0.0
2022-05-12 00:00:00-04:00,19.717097151902465,23.17228398695873,19.717097151902465,20.214719772338867,215700,0.0,0.0
2022-05-13 00:00:00-04:00,19.95182449894892,20.726425460533246,19.85793320196483,20.214719772338867,52900,0.0,0.0
2022-05-16 00:00:00-04:00,20.18655379283775,20.38372392377514,20.18655379283775,20.280445098876953,2700,0.0,0.0
2022-05-17 00:00:00-04:00,20.186555862426758,20.280447178091993,19.764045837347133,20.186555862426758,29500,0.0,0.0
2022-05-18 00:00:00-04:00,19.984690160536257,20.374338493757232,19.71710107492846,20.186555862426758,18100,0.0,0.0
2022-05-19 00:00:00-04:00,19.829771011892326,20.19594517307607,19.82038170124301,20.186555862426758,14100,0.0,0.0
2022-05-20 00:00:00-04:00,19.867323534967664,20.08327227558462,19.867323534967664,19.94243621826172,5900,0.0,0.0
2022-05-23 00:00:00-04:00,19.66076643241551,19.942438580425115,19.66076643241551,19.754657745361328,13000,0.0,0.0
2022-05-24 00:00:00-04:00,19.923658440628376,19.923658440628376,19.341535568237305,19.341535568237305,5000,0.0,0.0
2022-05-25 00:00:00-04:00,19.42603965287939,19.51054165809005,19.24764633178711,19.24764633178711,12200,0.0,0.0
2022-05-26 00:00:00-04:00,19.623211977976105,19.623211977976105,19.252342224121094,19.252342224121094,1300,0.0,0.0
2022-05-27 00:00:00-04:00,19.247643400737903,19.247643400737903,19.069250106811523,19.069250106811523,3200,0.0,0.0
2022-05-31 00:00:00-04:00,19.069249794318903,19.594100173752594,19.069249794318903,19.25703239440918,4000,0.0,0.0
2022-06-01 00:00:00-04:00,19.25703513066223,20.224112614133332,19.25703513066223,19.91896629333496,2600,0.0,0.0
2022-06-02 00:00:00-04:00,19.92365865146162,19.92365865146162,19.25703377589053,19.31336784362793,10500,0.0,0.0
2022-06-03 00:00:00-04:00,20.57620669073505,20.580900451214927,19.350929260253906,19.350929260253906,3600,0.0,0.0
2022-06-06 00:00:00-04:00,20.407200076975123,21.125465324958796,19.538707650230084,19.9893856048584,6700,0.0,0.0
2022-06-07 00:00:00-04:00,20.073886596507496,20.14899929338503,19.64668279723628,19.97060775756836,4200,0.0,0.0
2022-06-08 00:00:00-04:00,20.045718342261353,20.18655441021357,19.576263588535458,19.839157104492188,2200,0.0,0.0
2022-06-09 00:00:00-04:00,19.501150098668266,19.998770971050863,19.501150098668266,19.792211532592773,5200,0.0,0.0
2022-06-10 00:00:00-04:00,19.65137481689453,19.65137481689453,19.65137481689453,19.65137481689453,1000,0.0,0.0
2022-06-13 00:00:00-04:00,22.036204713660123,22.036204713660123,19.266422839407003,19.27581214904785,6100,0.0,0.0
2022-06-14 00:00:00-04:00,20.355559460710563,20.355559460710563,19.078641891479492,19.078641891479492,2100,0.0,0.0
2022-06-15 00:00:00-04:00,19.257032871008093,20.82501171083728,19.257032871008093,19.458898544311523,2900,0.0,0.0
2022-06-16 00:00:00-04:00,20.073886908159974,20.820320128456274,19.951829445399486,20.36495018005371,4500,0.0,0.0
2022-06-17 00:00:00-04:00,20.251756312398452,20.921470682579276,18.61048698425293,18.61048698425293,36200,0.1,0.0
2022-06-21 00:00:00-04:00,19.082118526741045,19.233039738884624,18.808574504401843,18.884035110473633,9500,0.0,0.0
2022-06-22 00:00:00-04:00,18.88403003300801,20.232889578097478,18.685944870878213,19.044384002685547,13000,0.0,0.0
2022-06-23 00:00:00-04:00,18.959495389270188,19.0255231935529,18.92176418732422,19.016090393066406,4000,0.0,0.0
2022-06-24 00:00:00-04:00,18.921762466430664,18.921762466430664,18.921762466430664,18.921762466430664,700,0.0,0.0
2022-06-27 00:00:00-04:00,19.1820979205011,19.695229138796748,19.09154450592087,19.43111801147461,4900,0.0,0.0
2022-06-28 00:00:00-04:00,19.47828483581543,19.761263424184456,19.180215207505157,19.47828483581543,3200,0.0,0.0
2022-06-29 00:00:00-04:00,19.435840748422674,19.57261366121825,19.15757942199707,19.15757942199707,3200,0.0,0.0
2022-06-30 00:00:00-04:00,19.14814356735209,19.327363155566008,19.14814356735209,19.280200958251953,1100,0.0,0.0
2022-07-01 00:00:00-04:00,18.96892611145493,19.11890276512681,18.912329314736922,19.110414505004883,3400,0.0,0.0
2022-07-05 00:00:00-04:00,19.110414505004883,19.110414505004883,19.110414505004883,19.110414505004883,0,0.0,0.0
2022-07-06 00:00:00-04:00,18.92175990719843,18.959491100609558,18.487861977704455,18.780271530151367,4800,0.0,0.0
2022-07-07 00:00:00-04:00,18.87459903209556,19.053818615064145,18.84535789489746,18.84535789489746,900,0.0,0.0
2022-07-08 00:00:00-04:00,19.082116613613106,19.082116613613106,18.86516761779785,18.86516761779785,600,0.0,0.0
2022-07-11 00:00:00-04:00,18.855733562279685,18.987789151089984,18.544458389282227,18.544458389282227,9200,0.0,0.0
2022-07-12 00:00:00-04:00,18.572755813598633,18.572755813598633,18.572755813598633,18.572755813598633,200,0.0,0.0
2022-07-13 00:00:00-04:00,18.572755813598633,18.572755813598633,18.572755813598633,18.572755813598633,0,0.0,0.0
2022-07-14 00:00:00-04:00,18.450132357895363,18.450132357895363,17.98793599392256,18.025667190551758,5100,0.0,0.0
2022-07-15 00:00:00-04:00,18.157721077007096,18.355804443359375,18.02566549943891,18.355804443359375,4800,0.0,0.0
2022-07-18 00:00:00-04:00,19.56317782615683,19.59147622414284,18.270914903211697,18.299211502075195,6400,0.0,0.0
2022-07-19 00:00:00-04:00,18.25204897295951,18.669911360805255,18.025667190551758,18.025667190551758,6900,0.0,0.0
2022-07-20 00:00:00-04:00,18.025667190551758,18.025667190551758,18.025667190551758,18.025667190551758,0,0.0,0.0
2022-07-21 00:00:00-04:00,18.025669215855977,18.393539428710938,18.025669215855977,18.393539428710938,1200,0.0,0.0
2022-07-22 00:00:00-04:00,18.393539428710938,18.393539428710938,18.393539428710938,18.393539428710938,0,0.0,0.0
2022-07-25 00:00:00-04:00,18.393539428710938,18.393539428710938,18.393539428710938,18.393539428710938,0,0.0,0.0
2022-07-26 00:00:00-04:00,18.119991131680813,18.592564822318923,18.02566674070672,18.214317321777344,7800,0.0,0.0
2022-07-27 00:00:00-04:00,18.374671109059946,18.459564499328366,17.99736815182387,18.34637451171875,9900,0.0,0.0
2022-07-28 00:00:00-04:00,18.393535461634382,18.629350018834824,18.393535461634382,18.468996047973633,1200,0.0,0.0
2022-07-29 00:00:00-04:00,18.450136184692383,18.450136184692383,18.450136184692383,18.450136184692383,100,0.0,0.0
2022-08-01 00:00:00-04:00,18.450136184692383,18.450136184692383,18.450136184692383,18.450136184692383,0,0.0,0.0
2022-08-02 00:00:00-04:00,18.846298228059293,18.8651638236723,18.629349275876397,18.82743263244629,1400,0.0,0.0
2022-08-03 00:00:00-04:00,18.855735778808594,18.855735778808594,18.855735778808594,18.855735778808594,100,0.0,0.0
2022-08-04 00:00:00-04:00,18.69537782479867,18.775555709866783,18.69537782479867,18.717073440551758,600,0.0,0.0
2022-08-05 00:00:00-04:00,18.685947256755583,18.86516684554254,18.685947256755583,18.76140785217285,4400,0.0,0.0
2022-08-08 00:00:00-04:00,18.865691197376737,18.960494029165286,18.865691197376737,18.875171661376953,3500,0.1,0.0
2022-08-09 00:00:00-04:00,18.875171661376953,18.875171661376953,18.875171661376953,18.875171661376953,0,0.0,0.0
2022-08-10 00:00:00-04:00,18.960491180419922,18.960491180419922,18.913090675754212,18.960491180419922,4900,0.0,0.0
2022-08-11 00:00:00-04:00,18.93205268440204,19.709434460436903,18.93205268440204,19.51982879638672,3900,0.0,0.0
2022-08-12 00:00:00-04:00,19.406066932644787,19.43450832749565,19.406066932644787,19.421236038208008,1200,0.0,0.0
2022-08-15 00:00:00-04:00,19.415542602539062,19.415542602539062,19.415542602539062,19.415542602539062,700,0.0,0.0
2022-08-16 00:00:00-04:00,19.406067880225937,19.605154037475586,19.197503065776964,19.605154037475586,1500,0.0,0.0
2022-08-17 00:00:00-04:00,19.605154037475586,19.605154037475586,19.605154037475586,19.605154037475586,300,0.0,0.0
2022-08-18 00:00:00-04:00,19.391841888427734,19.391841888427734,19.391841888427734,19.391841888427734,3200,0.0,0.0
2022-08-19 00:00:00-04:00,19.26386070251465,19.26386070251465,19.26386070251465,19.26386070251465,1300,0.0,0.0
2022-08-22 00:00:00-04:00,19.382364731793054,19.382364731793054,19.017375004749884,19.02685546875,13100,0.0,0.0
2022-08-23 00:00:00-04:00,19.055294037411286,19.42123121417108,19.055294037411286,19.396581649780273,5500,0.0,0.0
2022-08-24 00:00:00-04:00,19.311264038085938,19.311264038085938,19.311264038085938,19.311264038085938,500,0.0,0.0
2022-08-25 00:00:00-04:00,19.112180777060505,19.273345073431322,18.9984188079834,18.9984188079834,9400,0.0,0.0
2022-08-26 00:00:00-04:00,19.00789650699888,19.06098747253418,19.00789650699888,19.06098747253418,5800,0.0,0.0
2022-08-29 00:00:00-04:00,19.055293997964693,19.055293997964693,18.4675179757578,18.960491180419922,3300,0.0,0.0
2022-08-30 00:00:00-04:00,18.960491180419922,18.960491180419922,18.960491180419922,18.960491180419922,300,0.0,0.0
2022-08-31 00:00:00-04:00,18.59076690673828,18.59076690673828,18.59076690673828,18.59076690673828,1300,0.0,0.0
2022-09-01 00:00:00-04:00,18.59076690673828,18.59076690673828,18.59076690673828,18.59076690673828,0,0.0,0.0
2022-09-02 00:00:00-04:00,19.06477543285339,19.06477543285339,18.969972610473633,18.969972610473633,400,0.0,0.0
2022-09-06 00:00:00-04:00,19.04581829831898,19.434508320063138,19.04581829831898,19.102699279785156,2300,0.0,0.0
2022-09-07 00:00:00-04:00,19.292302147859726,19.396583630632453,19.197499320437082,19.37762451171875,1800,0.0,0.0
2022-09-08 00:00:00-04:00,19.19749735407204,19.19749735407204,19.150096849322637,19.188016891479492,2200,0.0,0.0
2022-09-09 00:00:00-04:00,19.150099739957607,19.671512603759766,19.036335979888136,19.671512603759766,9500,0.0,0.0
2022-09-12 00:00:00-04:00,19.80423451064598,19.832675901319377,19.662031173706055,19.662031173706055,2600,0.0,0.0
2022-09-13 00:00:00-04:00,19.026854483064245,19.121657309940527,18.495961184056014,18.638164520263672,2300,0.0,0.0
2022-09-14 00:00:00-04:00,18.91309253738353,18.91309253738353,18.638164520263672,18.638164520263672,6600,0.0,0.0
2022-09-15 00:00:00-04:00,18.685564067854436,18.922570218739732,18.685564067854436,18.704524993896484,4700,0.0,0.0
2022-09-16 00:00:00-04:00,18.714008339391473,19.718914067628603,18.704527874910198,19.51034927368164,7400,0.0,0.0
2022-09-19 00:00:00-04:00,19.46294972301402,19.472430187964633,18.780370712280273,18.780370712280273,5300,0.0,0.0
2022-09-20 00:00:00-04:00,19.39658556188749,19.39658556188749,18.524404525756836,18.524404525756836,4900,0.0,0.0
2022-09-21 00:00:00-04:00,18.856210708618164,18.856210708618164,18.856210708618164,18.856210708618164,200,0.0,0.0
2022-09-22 00:00:00-04:00,18.78700397413345,18.78700397413345,18.619203567504883,18.619203567504883,1000,0.0,0.0
2022-09-23 00:00:00-04:00,18.77563140788087,18.77563140788087,18.306358337402344,18.306358337402344,3300,0.0,0.0
2022-09-26 00:00:00-04:00,18.57654571533203,18.57654571533203,18.57654571533203,18.57654571533203,200,0.0,0.0
2022-09-27 00:00:00-04:00,18.57654571533203,18.57654571533203,18.57654571533203,18.57654571533203,0,0.0,0.0
2022-09-28 00:00:00-04:00,18.57654571533203,18.57654571533203,18.57654571533203,18.57654571533203,0,0.0,0.0
2022-09-29 00:00:00-04:00,18.57654571533203,18.57654571533203,18.57654571533203,18.57654571533203,300,0.0,0.0
2022-09-30 00:00:00-04:00,18.12623405456543,18.12623405456543,18.12623405456543,18.12623405456543,500,0.0,0.0
2022-10-03 00:00:00-04:00,18.32531733293848,18.552843043385028,18.2115535736084,18.2115535736084,2000,0.0,0.0
2022-10-04 00:00:00-04:00,18.541465759277344,18.541465759277344,18.541465759277344,18.541465759277344,400,0.0,0.0
2022-10-05 00:00:00-04:00,18.495960235595703,18.495960235595703,18.495960235595703,18.495960235595703,400,0.0,0.0
2022-10-06 00:00:00-04:00,18.486482664725532,18.49596312923155,18.12623405456543,18.12623405456543,1400,0.0,0.0
2022-10-07 00:00:00-04:00,18.126233964192686,18.44856071472168,18.126233964192686,18.44856071472168,600,0.0,0.0
2022-10-10 00:00:00-04:00,18.44856071472168,18.44856071472168,18.44856071472168,18.44856071472168,0,0.0,0.0
2022-10-11 00:00:00-04:00,18.192596435546875,18.192596435546875,18.192596435546875,18.192596435546875,400,0.0,0.0
2022-10-12 00:00:00-04:00,18.192596435546875,18.192596435546875,18.192596435546875,18.192596435546875,100,0.0,0.0
2022-10-13 00:00:00-04:00,18.192596435546875,18.192596435546875,18.192596435546875,18.192596435546875,100,0.0,0.0
2022-10-14 00:00:00-04:00,18.552845001220703,18.552845001220703,18.552845001220703,18.552845001220703,600,0.0,0.0
2022-10-17 00:00:00-04:00,18.552845001220703,18.552845001220703,18.552845001220703,18.552845001220703,0,0.0,0.0
2022-10-18 00:00:00-04:00,18.552845001220703,18.552845001220703,18.552845001220703,18.552845001220703,300,0.0,0.0
2022-10-19 00:00:00-04:00,18.353759705707144,18.353759705707144,18.069351196289062,18.069351196289062,3100,0.0,0.0
2022-10-20 00:00:00-04:00,18.069351196289062,18.069351196289062,18.069351196289062,18.069351196289062,0,0.0,0.0
2022-10-21 00:00:00-04:00,18.069351196289062,18.069351196289062,18.069351196289062,18.069351196289062,0,0.0,0.0
2022-10-24 00:00:00-04:00,18.069351196289062,18.069351196289062,18.069351196289062,18.069351196289062,0,0.0,0.0
2022-10-25 00:00:00-04:00,18.382199319137726,18.922573137184372,18.19259545411478,18.486482620239258,6100,0.0,0.0
2022-10-26 00:00:00-04:00,18.486482620239258,18.486482620239258,18.486482620239258,18.486482620239258,0,0.0,0.0
2022-10-27 00:00:00-04:00,18.723485946655273,18.732966409689826,18.723485946655273,18.723485946655273,1000,0.0,0.0
2022-10-28 00:00:00-04:00,19.406063011222074,19.406063011222074,18.723485946655273,18.723485946655273,400,0.0,0.0
2022-10-31 00:00:00-04:00,19.396581649780273,19.396581649780273,19.396581649780273,19.396581649780273,600,0.0,0.0
2022-11-01 00:00:00-04:00,19.396581649780273,19.396581649780273,19.396581649780273,19.396581649780273,0,0.0,0.0
2022-11-02 00:00:00-04:00,18.439082086158862,18.439082086158862,18.391679763793945,18.391679763793945,94100,0.0,0.0
2022-11-03 00:00:00-04:00,18.306358337402344,18.306358337402344,18.306358337402344,18.306358337402344,200,0.0,0.0
2022-11-04 00:00:00-04:00,18.761409759521484,18.761409759521484,18.761409759521484,18.761409759521484,100,0.0,0.0
2022-11-07 00:00:00-05:00,18.80904769897461,18.80904769897461,18.80904769897461,18.80904769897461,200,0.1,0.0
2022-11-08 00:00:00-05:00,18.532726983109868,18.58036822596126,18.399328231811523,18.399328231811523,1100,0.0,0.0
2022-11-09 00:00:00-05:00,18.446971292059832,18.446971292059832,18.399328231811523,18.399328231811523,1200,0.0,0.0
2022-11-10 00:00:00-05:00,18.399328231811523,18.399328231811523,18.399328231811523,18.399328231811523,400,0.0,0.0
2022-11-11 00:00:00-05:00,18.57084083557129,18.57084083557129,18.57084083557129,18.57084083557129,400,0.0,0.0
2022-11-14 00:00:00-05:00,18.57084083557129,18.57084083557129,18.57084083557129,18.57084083557129,400,0.0,0.0
2022-11-15 00:00:00-05:00,18.903379640058972,19.142541782195636,18.437440914607045,19.104427337646484,10600,0.0,0.0
2022-11-16 00:00:00-05:00,19.11395701813376,19.152071464815265,18.86621856689453,18.86621856689453,4500,0.0,0.0
2022-11-17 00:00:00-05:00,18.4374437227319,19.12348747253418,18.4374437227319,19.12348747253418,600,0.0,0.0
2022-11-18 00:00:00-05:00,19.056788608184743,19.190185546875,19.056788608184743,19.190185546875,3300,0.0,0.0
2022-11-21 00:00:00-05:00,19.19971415926673,19.19971415926673,19.190185546875,19.190185546875,1000,0.0,0.0
2022-11-22 00:00:00-05:00,18.99961853891027,19.047259782939545,18.628009929373448,19.037731170654297,3500,0.0,0.0
2022-11-23 00:00:00-05:00,18.608957064767218,19.199716567993164,18.43744565499284,19.199716567993164,10600,0.0,0.0
2022-11-25 00:00:00-05:00,19.59037971496582,19.59037971496582,19.56179569294847,19.59037971496582,800,0.0,0.0
2022-11-28 00:00:00-05:00,19.59037971496582,19.59037971496582,19.59037971496582,19.59037971496582,300,0.0,0.0
2022-11-29 00:00:00-05:00,19.27594072786374,19.294997952139884,19.056788100878897,19.14254379272461,12800,0.0,0.0
2022-11-30 00:00:00-05:00,19.075846323927966,19.171130632900645,18.404094580896295,19.161602020263672,5000,0.0,0.0
2022-12-01 00:00:00-05:00,19.247353836728283,19.771414704342554,19.056785257197642,19.752357482910156,5600,0.0,0.0
2022-12-02 00:00:00-05:00,19.55226416313075,19.55226416313075,19.533206939697266,19.533206939697266,800,0.0,0.0
2022-12-05 00:00:00-05:00,19.333111873880522,19.76188850402832,19.3235832620021,19.76188850402832,6500,0.0,0.0
2022-12-06 00:00:00-05:00,19.51414977201294,19.51414977201294,19.23782730102539,19.23782730102539,4200,0.0,0.0
2022-12-07 00:00:00-05:00,19.22353499298453,19.466510068153646,19.056788817787687,19.342639923095703,3800,0.0,0.0
2022-12-08 00:00:00-05:00,19.171129454451947,19.466509158452933,19.171129454451947,19.361696243286133,8600,0.0,0.0
2022-12-09 00:00:00-05:00,18.885276726270916,19.361696429022036,18.666124099180664,19.18065643310547,1500,0.0,0.0
2022-12-12 00:00:00-05:00,18.809049646526613,19.2378281059614,18.809049646526613,19.18065643310547,3100,0.0,0.0
2022-12-13 00:00:00-05:00,18.661361442183825,18.77093958814494,18.466029409979043,18.637540817260742,10300,0.0,0.0
2022-12-14 00:00:00-05:00,19.180656819269277,19.180656819269277,18.170647537973547,19.07584571838379,13200,0.0,0.0
2022-12-15 00:00:00-05:00,19.113958025293876,19.233062951354224,17.56654811990443,18.847164154052734,56300,0.0,0.0
2022-12-16 00:00:00-05:00,18.82810760508541,20.009628295898438,17.68469954693241,20.009628295898438,55500,0.0,0.0
2022-12-19 00:00:00-05:00,19.723777001720684,20.21925212595193,19.199714222822635,20.1906681060791,62700,0.0,0.0
2022-12-20 00:00:00-05:00,19.30452787845752,19.638022056405315,18.732823833032306,19.05678939819336,83500,0.0,0.0
2022-12-21 00:00:00-05:00,19.218771060599934,19.84764492869438,18.599425804736853,18.961503982543945,10300,0.0,0.0
2022-12-22 00:00:00-05:00,18.542254122674606,19.085374115226603,18.542254122674606,18.923391342163086,2100,0.0,0.0
2022-12-23 00:00:00-05:00,18.923391342163086,18.923391342163086,18.69471010090817,18.923391342163086,1500,0.0,0.0
2022-12-27 00:00:00-05:00,18.694710424283905,19.190185546875,18.494613198851535,19.190185546875,1400,0.0,0.0
2022-12-28 00:00:00-05:00,19.352169732347402,19.352169732347402,18.370746210673328,18.770938873291016,16000,0.0,0.0
2022-12-29 00:00:00-05:00,18.561308983138513,19.35216552327788,18.523196356481904,18.913860321044922,2800,0.0,0.0
2022-12-30 00:00:00-05:00,19.161600455171243,19.428394317626953,18.866218939742588,19.428394317626953,2500,0.0,0.0
2023-01-03 00:00:00-05:00,18.875747551601275,19.428394317626953,18.73282200851473,19.428394317626953,1700,0.0,0.0
2023-01-04 00:00:00-05:00,19.247357432924368,19.385517770631605,18.20876229696318,19.342639923095703,2800,0.0,0.0
2023-01-05 00:00:00-05:00,18.42791487987457,18.86622014908875,18.42791487987457,18.59942626953125,1000,0.0,0.0
2023-01-06 00:00:00-05:00,18.770939860954435,19.418869228306107,18.59942845118006,19.199716567993164,3200,0.0,0.0
2023-01-09 00:00:00-05:00,19.123486568448463,19.31405517641603,18.666124090202636,19.14254379272461,2800,0.0,0.0
2023-01-10 00:00:00-05:00,19.247353379297678,19.275937393370285,18.990086348264494,19.152069091796875,11300,0.0,0.0
2023-01-11 00:00:00-05:00,19.190183253637354,19.237826309902637,18.713763595365155,19.05202293395996,4000,0.0,0.0
2023-01-12 00:00:00-05:00,18.78046527654295,19.19018654368489,18.53272861107753,18.875749588012695,6100,0.0,0.0
2023-01-13 00:00:00-05:00,18.809050291668857,18.809050291668857,18.58989765706177,18.59942626953125,600,0.0,0.0
2023-01-17 00:00:00-05:00,18.818580227203526,19.056790103497242,18.78046577464591,18.885278701782227,2700,0.0,0.0
2023-01-18 00:00:00-05:00,18.751879222229643,19.390281677246094,18.58989645551213,19.390281677246094,3600,0.0,0.0
2023-01-19 00:00:00-05:00,19.4045720239111,19.4045720239111,18.64706471171663,18.656593322753906,1800,0.0,0.0
2023-01-20 00:00:00-05:00,18.85669422662707,19.042497634887695,18.49461420561916,19.042497634887695,3800,0.0,0.0
2023-01-23 00:00:00-05:00,18.999616002768192,19.056785851451462,18.742348957598384,18.913860321044922,7300,0.0,0.0
2023-01-24 00:00:00-05:00,19.04725724043813,19.514148275711086,18.77093479063838,18.913860321044922,5200,0.0,0.0
2023-01-25 00:00:00-05:00,19.39028306613615,19.39028306613615,18.51367070418011,19.047260284423828,15800,0.0,0.0
2023-01-26 00:00:00-05:00,19.047260284423828,19.047260284423828,19.047260284423828,19.047260284423828,300,0.0,0.0
2023-01-27 00:00:00-05:00,19.03773106299791,19.43792368973046,18.961503982543945,18.961503982543945,21600,0.0,0.0
2023-01-30 00:00:00-05:00,18.818578720092773,18.89480580170613,18.818578720092773,18.818578720092773,1300,0.0,0.0
2023-01-31 00:00:00-05:00,18.98056117858739,18.98056117858739,18.628009796142578,18.628009796142578,4100,0.0,0.0
2023-02-01 00:00:00-05:00,18.647067020576774,18.656595632793874,18.628009796142578,18.628009796142578,1000,0.0,0.0
2023-02-02 00:00:00-05:00,18.770935848398935,18.96150262721404,18.580367252187003,18.67565155029297,4200,0.0,0.0
2023-02-03 00:00:00-05:00,18.723292790647537,19.056786925320004,18.60895308683784,18.67565155029297,7900,0.0,0.0
2023-02-06 00:00:00-05:00,18.771426200763575,18.790581155334248,18.44579927993015,18.599035263061523,2400,0.1,0.0
2023-02-07 00:00:00-05:00,18.752270424253236,19.125782888424737,18.541571413362096,18.742692947387695,1400,0.0,0.0
2023-02-08 00:00:00-05:00,18.857619866849973,18.857619866849973,18.503260548036838,18.570301055908203,1000,0.0,0.0
2023-02-09 00:00:00-05:00,18.781002916016607,18.924661416033754,18.50326156616211,18.50326156616211,2200,0.0,0.0
2023-02-10 00:00:00-05:00,18.905506879988824,18.91508435709719,18.57030248806396,18.656497955322266,1400,0.0,0.0
2023-02-13 00:00:00-05:00,18.771426404819067,18.867199351996533,18.599035465243038,18.6756534576416,1300,0.0,0.0
2023-02-14 00:00:00-05:00,18.83846333584419,19.135357771565367,18.579876975675734,18.804943084716797,2000,0.0,0.0
2023-02-15 00:00:00-05:00,18.742693627115226,18.742693627115226,18.666075636129168,18.733116149902344,1600,0.0,0.0
2023-02-16 00:00:00-05:00,18.723535537719727,18.723535537719727,18.723535537719727,18.723535537719727,1200,0.0,0.0
2023-02-17 00:00:00-05:00,19.12578358204551,19.12578358204551,18.733116149902344,18.733116149902344,1200,0.0,0.0
2023-02-21 00:00:00-05:00,18.809733851260464,19.73872903271857,18.809733851260464,19.182289123535156,4100,0.0,0.0
2023-02-22 00:00:00-05:00,18.867199278822685,18.934239793571795,18.867199278822685,18.915084838867188,1100,0.0,0.0
2023-02-23 00:00:00-05:00,18.954351060674266,18.954351060674266,18.80015605725272,18.84804344177246,1400,0.0,0.0
2023-02-24 00:00:00-05:00,18.819311011060616,18.84804344177246,18.819311011060616,18.84804344177246,1000,0.0,0.0
2023-02-27 00:00:00-05:00,19.119076638747927,19.119076638747927,18.876771799391946,18.90550422668457,2000,0.0,0.0
2023-02-28 00:00:00-05:00,18.800154244522112,19.058740615844727,18.800154244522112,19.058740615844727,2100,0.0,0.0
2023-03-01 00:00:00-05:00,18.934238640980553,19.087474615855385,18.934238640980553,19.01085662841797,1300,0.0,0.0
2023-03-02 00:00:00-05:00,18.934237205046863,19.116203769712687,18.924659729003906,18.924659729003906,1100,0.0,0.0
2023-03-03 00:00:00-05:00,19.001277710630774,19.001277710630774,18.924659729003906,18.924659729003906,1000,0.0,0.0
2023-03-06 00:00:00-05:00,18.905507361514882,18.915084838867188,18.895929884162577,18.915084838867188,1200,0.0,0.0
2023-03-07 00:00:00-05:00,18.89592619985013,18.89592619985013,18.87677124888034,18.886348724365234,900,0.0,0.0
2023-03-08 00:00:00-05:00,18.915082591097196,18.915082591097196,18.867197036743164,18.867197036743164,6800,0.0,0.0
2023-03-09 00:00:00-05:00,19.05874108087609,19.05874108087609,18.867197036743164,18.867197036743164,4500,0.0,0.0
2023-03-10 00:00:00-05:00,18.560724672858925,19.064489364624023,18.493684161038537,19.064489364624023,3000,0.0,0.0
2023-03-13 00:00:00-04:00,18.455375172186333,18.48410577485782,18.196788787841797,18.196788787841797,1300,0.0,0.0
2023-03-14 00:00:00-04:00,18.289687267289544,18.38833362524028,17.679615020751953,17.679615020751953,1800,0.0,0.0
2023-03-15 00:00:00-04:00,18.388336181640625,18.388336181640625,18.388336181640625,18.388336181640625,1200,0.0,0.0
2023-03-16 00:00:00-04:00,18.29256248474121,18.29256248474121,18.29256248474121,18.29256248474121,1500,0.0,0.0
2023-03-17 00:00:00-04:00,17.823277004768354,18.187211990356445,17.823277004768354,18.187211990356445,2900,0.0,0.0
2023-03-20 00:00:00-04:00,17.823276339377596,18.196788787841797,17.78496643352647,18.196788787841797,4700,0.0,0.0
2023-03-21 00:00:00-04:00,18.187211311379016,18.196788787841797,18.187211311379016,18.196788787841797,1700,0.0,0.0
2023-03-22 00:00:00-04:00,18.033976089667505,18.29256248474121,17.489029895327455,18.29256248474121,9600,0.0,0.0
2023-03-23 00:00:00-04:00,18.29256064960802,18.29256064960802,17.430607912551466,17.813697814941406,6800,0.0,0.0
2023-03-24 00:00:00-04:00,17.622152878003565,17.641307830810547,17.622152878003565,17.641307830810547,1400,0.0,0.0
2023-03-27 00:00:00-04:00,17.48807642912786,17.631734959265685,17.392303466796875,17.392303466796875,2100,0.0,0.0
2023-03-28 00:00:00-04:00,17.574270248413086,17.574270248413086,17.574270248413086,17.574270248413086,400,0.0,0.0
2023-03-29 00:00:00-04:00,17.3252616458118,17.641311119171668,17.3252616458118,17.516807556152344,3200,0.0,0.0
2023-03-30 00:00:00-04:00,17.421031948339674,17.54553549240126,17.296526577561185,17.52638053894043,4900,0.0,0.0
2023-03-31 00:00:00-04:00,17.239063262939453,17.69877117820579,17.239063262939453,17.239063262939453,6000,0.0,0.0
2023-04-03 00:00:00-04:00,17.516807556152344,17.516807556152344,17.516807556152344,17.516807556152344,200,0.0,0.0
2023-04-04 00:00:00-04:00,17.344417572021484,17.344417572021484,17.344417572021484,17.344417572021484,700,0.0,0.0
2023-04-05 00:00:00-04:00,17.28695202106865,17.353994369506836,17.28695202106865,17.353994369506836,1200,0.0,0.0
2023-04-06 00:00:00-04:00,17.31568200585277,17.67004134772775,17.31568200585277,17.334836959838867,900,0.0,0.0
2023-04-10 00:00:00-04:00,17.334836959838867,17.334836959838867,17.334836959838867,17.334836959838867,0,0.0,0.0
2023-04-11 00:00:00-04:00,17.334836959838867,17.334836959838867,17.334836959838867,17.334836959838867,300,0.0,0.0
2023-04-12 00:00:00-04:00,17.334836959838867,17.334836959838867,17.334836959838867,17.334836959838867,0,0.0,0.0
2023-04-13 00:00:00-04:00,18.129748785938244,18.129748785938244,17.330046832759184,17.52638053894043,2800,0.0,0.0
2023-04-14 00:00:00-04:00,17.449763171240036,18.101016998291016,17.449763171240036,18.101016998291016,800,0.0,0.0
2023-04-17 00:00:00-04:00,17.555114136274867,17.717927598082685,17.267797122127902,17.670042037963867,4800,0.0,0.0
2023-04-18 00:00:00-04:00,17.392301079916788,17.622155061936123,16.76020217268434,17.478496551513672,2000,0.0,0.0
2023-04-19 00:00:00-04:00,17.478494304468583,17.478494304468583,17.392298843953032,17.43060874938965,2200,0.0,0.0
2023-04-20 00:00:00-04:00,17.13371533218094,17.46891975402832,17.13371533218094,17.46891975402832,600,0.0,0.0
2023-04-21 00:00:00-04:00,17.440185546875,17.440185546875,17.440185546875,17.440185546875,300,0.0,0.0
2023-04-24 00:00:00-04:00,17.239062875640244,17.477537104847716,17.191177320561312,17.43060874938965,3300,0.0,0.0
2023-04-25 00:00:00-04:00,17.43060874938965,17.43060874938965,17.43060874938965,17.43060874938965,500,0.0,0.0
2023-04-26 00:00:00-04:00,17.258220672607422,17.258220672607422,17.258220672607422,17.258220672607422,500,0.0,0.0
2023-04-27 00:00:00-04:00,17.334836959838867,17.334836959838867,17.334836959838867,17.334836959838867,800,0.0,0.0
2023-04-28 00:00:00-04:00,17.45934002854443,18.110593832477413,17.45934002854443,17.52638053894043,1000,0.0,0.0
2023-05-01 00:00:00-04:00,17.344417162387877,17.382725249662972,17.29652976989746,17.29652976989746,1100,0.0,0.0
2023-05-02 00:00:00-04:00,17.39229951814843,17.52638053894043,17.39229951814843,17.52638053894043,400,0.0,0.0
2023-05-03 00:00:00-04:00,17.334836201965825,17.3922992346949,17.239063262939453,17.239063262939453,900,0.0,0.0
2023-05-04 00:00:00-04:00,17.162445068359375,17.162445068359375,17.162445068359375,17.162445068359375,400,0.0,0.0
2023-05-05 00:00:00-04:00,17.30610466003418,17.30610466003418,17.30610466003418,17.30610466003418,200,0.0,0.0
2023-05-08 00:00:00-04:00,16.956534097505937,17.296526295668528,16.956534097505937,17.239063262939453,2900,0.0,0.0
2023-05-09 00:00:00-04:00,17.27181053161621,17.27181053161621,17.27181053161621,17.27181053161621,200,0.1,0.0
2023-05-10 00:00:00-04:00,17.335369110107422,17.335369110107422,17.335369110107422,17.335369110107422,800,0.0,0.0
2023-05-11 00:00:00-04:00,17.335369110107422,17.335369110107422,17.335369110107422,17.335369110107422,0,0.0,0.0
2023-05-12 00:00:00-04:00,17.32573849567908,17.32573849567908,17.190908432006836,17.190908432006836,400,0.0,0.0
2023-05-15 00:00:00-04:00,17.190912027022172,17.190912027022172,16.983850479125977,16.983850479125977,6600,0.0,0.0
2023-05-16 00:00:00-04:00,17.142757415771484,17.142757415771484,17.142757415771484,17.142757415771484,600,0.0,0.0
2023-05-17 00:00:00-04:00,16.738264083862305,16.738264083862305,16.738264083862305,16.738264083862305,300,0.0,0.0
2023-05-18 00:00:00-04:00,16.738264083862305,16.738264083862305,16.738264083862305,16.738264083862305,300,0.0,0.0
2023-05-19 00:00:00-04:00,17.190911202650543,17.190911202650543,16.85383415222168,16.85383415222168,600,0.0,0.0
2023-05-22 00:00:00-04:00,17.181277450755697,17.190908432006836,17.181277450755697,17.190908432006836,800,0.0,0.0
2023-05-23 00:00:00-04:00,17.190908432006836,17.190908432006836,17.190908432006836,17.190908432006836,0,0.0,0.0
2023-05-24 00:00:00-04:00,17.019481374349006,17.190908432006836,16.85383143590438,17.190908432006836,2200,0.0,0.0
2023-05-25 00:00:00-04:00,17.190908432006836,17.190908432006836,17.190908432006836,17.190908432006836,0,0.0,0.0
2023-05-26 00:00:00-04:00,16.959771015103765,17.22943115234375,16.959771015103765,17.22943115234375,600,0.0,0.0
2023-05-30 00:00:00-04:00,17.22943115234375,17.22943115234375,17.22943115234375,17.22943115234375,100,0.0,0.0
2023-05-31 00:00:00-04:00,17.22943115234375,17.22943115234375,17.22943115234375,17.22943115234375,0,0.0,0.0
2023-06-01 00:00:00-04:00,17.22943115234375,17.22943115234375,17.22943115234375,17.22943115234375,0,0.0,0.0
2023-06-02 00:00:00-04:00,17.13312608413699,17.221728181377916,17.12349510192871,17.12349510192871,500,0.0,0.0
2023-06-05 00:00:00-04:00,17.12349510192871,17.12349510192871,17.12349510192871,17.12349510192871,0,0.0,0.0
2023-06-06 00:00:00-04:00,17.12349510192871,17.12349510192871,17.12349510192871,17.12349510192871,0,0.0,0.0
2023-06-07 00:00:00-04:00,17.12349510192871,17.12349510192871,17.12349510192871,17.12349510192871,0,0.0,0.0
2023-06-08 00:00:00-04:00,17.12349510192871,17.12349510192871,17.12349510192871,17.12349510192871,100,0.0,0.0
2023-06-09 00:00:00-04:00,17.142757415771484,17.142757415771484,17.142757415771484,17.142757415771484,100,0.0,0.0
2023-06-12 00:00:00-04:00,17.287218125625404,17.287218125625404,16.998294170143105,17.12349510192871,800,0.0,0.0
2023-06-13 00:00:00-04:00,17.084973508662635,17.0946044921875,16.853835414832748,17.0946044921875,2100,0.0,0.0
2023-06-14 00:00:00-04:00,17.046449705378542,17.576140887775544,17.046449705378542,17.162017822265625,2100,0.0,0.0
2023-06-15 00:00:00-04:00,17.017557066268193,17.017557066268193,16.76234245300293,16.76234245300293,8300,0.0,0.0
2023-06-16 00:00:00-04:00,16.853835088498677,16.853835088498677,16.796051025390625,16.796051025390625,1400,0.0,0.0
2023-06-20 00:00:00-04:00,16.805683135986328,16.805683135986328,16.805683135986328,16.805683135986328,1000,0.0,0.0
2023-06-21 00:00:00-04:00,16.72863500849527,17.29684829711914,16.72863500849527,17.29684829711914,500,0.0,0.0
2023-06-22 00:00:00-04:00,17.29684518591805,17.479830151973957,16.738261143624793,17.335369110107422,1700,0.0,0.0
2023-06-23 00:00:00-04:00,17.335369110107422,17.335369110107422,17.335369110107422,17.335369110107422,0,0.0,0.0
2023-06-26 00:00:00-04:00,17.335369110107422,17.335369110107422,17.335369110107422,17.335369110107422,0,0.0,0.0
2023-06-27 00:00:00-04:00,17.335369110107422,17.335369110107422,17.335369110107422,17.335369110107422,100,0.0,0.0
2023-06-28 00:00:00-04:00,17.007925033569336,17.007925033569336,17.007925033569336,17.007925033569336,300,0.0,0.0
2023-06-29 00:00:00-04:00,17.190908432006836,17.190908432006836,17.190908432006836,17.190908432006836,200,0.0,0.0
2023-06-30 00:00:00-04:00,17.01755714416504,17.33537222820525,17.01755714416504,17.01755714416504,800,0.0,0.0
2023-07-03 00:00:00-04:00,17.335369110107422,17.335369110107422,17.335369110107422,17.335369110107422,100,0.0,0.0
2023-07-05 00:00:00-04:00,17.455758269110287,17.58577379251089,17.036820584989883,17.046451568603516,4200,0.0,0.0
2023-07-06 00:00:00-04:00,17.422049875875473,17.422049875875473,17.056079864501953,17.056079864501953,200,0.0,0.0
2023-07-07 00:00:00-04:00,17.624292373657227,17.624292373657227,17.624292373657227,17.624292373657227,100,0.0,0.0
2023-07-10 00:00:00-04:00,17.527986153686445,17.913216235069484,17.335370194533965,17.672447204589844,8400,0.0,0.0
2023-07-11 00:00:00-04:00,17.383526351803766,17.60503529522821,17.345004255287943,17.35463523864746,2100,0.0,0.0
2023-07-12 00:00:00-04:00,17.53280238471236,17.53280238471236,17.162017822265625,17.162017822265625,1900,0.0,0.0
2023-07-13 00:00:00-04:00,17.335370588939092,17.465386088786772,17.335370588939092,17.3642635345459,2500,0.0,0.0
2023-07-14 00:00:00-04:00,17.152387619018555,17.152387619018555,17.152387619018555,17.152387619018555,300,0.0,0.0
2023-07-17 00:00:00-04:00,17.335372769907806,17.566510853075915,17.335372769907806,17.383525848388672,1300,0.0,0.0
2023-07-18 00:00:00-04:00,17.431677452519757,17.527985428109293,17.15238450700228,17.190908432006836,2300,0.0,0.0
2023-07-19 00:00:00-04:00,17.20054171503374,17.325740814208984,17.20054171503374,17.325740814208984,800,0.0,0.0
2023-07-20 00:00:00-04:00,17.33537061512739,17.33537061512739,17.20054054260254,17.20054054260254,400,0.0,0.0
2023-07-21 00:00:00-04:00,17.20054054260254,17.20054054260254,17.20054054260254,17.20054054260254,1300,0.0,0.0
2023-07-24 00:00:00-04:00,17.094603518944908,17.210173477741282,17.036819458007812,17.036819458007812,700,0.0,0.0
2023-07-25 00:00:00-04:00,17.23906209174573,17.55687713623047,17.23906209174573,17.55687713623047,1400,0.0,0.0
2023-07-26 00:00:00-04:00,17.51835710270635,17.51835710270635,17.489464154572655,17.508726119995117,1800,0.0,0.0
2023-07-27 00:00:00-04:00,17.38352611058293,17.576142101255996,17.38352611058293,17.450942993164062,3000,0.0,0.0
2023-07-28 00:00:00-04:00,17.63392616368903,17.63392616368903,17.450942993164062,17.450942993164062,1400,0.0,0.0
2023-07-31 00:00:00-04:00,17.450943269823334,17.479834383036764,17.104235215884156,17.470203399658203,6100,0.0,0.0
2023-08-01 00:00:00-04:00,17.503909596713783,17.600217586279676,17.393156051635742,17.393156051635742,3500,0.0,0.0
2023-08-02 00:00:00-04:00,17.393157846706064,17.77838800780542,17.393157846706064,17.720603942871094,2300,0.0,0.0
2023-08-03 00:00:00-04:00,17.489463539322887,17.768756517357165,17.489463539322887,17.749494552612305,3900,0.0,0.0
2023-08-04 00:00:00-04:00,17.816908255493242,17.816908255493242,17.65318524129021,17.672447204589844,800,0.0,0.0
2023-08-07 00:00:00-04:00,17.672447204589844,17.672447204589844,17.672447204589844,17.672447204589844,1400,0.0,0.0
2023-08-08 00:00:00-04:00,17.769283294677734,17.769283294677734,17.769283294677734,17.769283294677734,700,0.1,0.0
2023-08-09 00:00:00-04:00,17.769283003876694,17.788650512695312,17.769283003876694,17.788650512695312,900,0.0,0.0
2023-08-10 00:00:00-04:00,17.59497769369262,17.65307836845635,17.59497769369262,17.633710861206055,1000,0.0,0.0
2023-08-11 00:00:00-04:00,17.711185101123792,17.73055076599121,17.711185101123792,17.73055076599121,600,0.0,0.0
2023-08-14 00:00:00-04:00,18.07915605289762,18.07915605289762,17.740232030974372,17.769283294677734,1900,0.0,0.0
2023-08-15 00:00:00-04:00,17.90485382080078,17.90485382080078,17.90485382080078,17.90485382080078,800,0.0,0.0
2023-08-16 00:00:00-04:00,17.769281704707364,18.039451599121094,17.769281704707364,18.039451599121094,800,0.0,0.0
2023-08-17 00:00:00-04:00,17.788651183036652,18.10820770263672,17.788651183036652,18.10820770263672,2600,0.0,0.0
2023-08-18 00:00:00-04:00,18.01137258306878,18.12466863890959,18.01137258306878,18.069473266601562,800,0.0,0.0
2023-08-21 00:00:00-04:00,18.09852394786249,18.10820770263672,18.09852394786249,18.10820770263672,2200,0.0,0.0
2023-08-22 00:00:00-04:00,17.87580460599083,18.10821106981297,17.788654490792165,17.895172119140625,4800,0.0,0.0
2023-08-23 00:00:00-04:00,17.933904940578255,18.05979006659972,17.875802408272207,17.91453742980957,5900,0.0,0.0
2023-08-24 00:00:00-04:00,17.93390655517578,17.93390655517578,17.93390655517578,17.93390655517578,700,0.0,0.0
2023-08-25 00:00:00-04:00,17.93390655517578,17.996848200359437,17.93390655517578,17.93390655517578,1000,0.0,0.0
2023-08-28 00:00:00-04:00,17.933904164899953,18.05978928547663,17.585296374091616,17.72086524963379,3100,0.0,0.0
2023-08-29 00:00:00-04:00,17.778967779426782,17.778967779426782,17.33352428595086,17.72086524963379,8200,0.0,0.0
2023-08-30 00:00:00-04:00,17.53687984808847,17.769284431623504,17.53687984808847,17.575613021850586,3000,0.0,0.0
2023-08-31 00:00:00-04:00,17.846749162814127,17.856432916122298,17.594977117762927,17.67244529724121,2400,0.0,0.0
2023-09-01 00:00:00-04:00,17.67244799383612,17.93390383209039,17.546562875595566,17.62403106689453,11800,0.0,0.0
2023-09-05 00:00:00-04:00,17.63371272591514,18.166308149695574,17.624030818253313,17.6385555267334,7800,0.0,0.0
2023-09-06 00:00:00-04:00,17.633710861206055,17.890325714804565,17.624028954568058,17.633710861206055,5600,0.0,0.0
2023-09-07 00:00:00-04:00,17.672446507758554,18.137255616466508,17.343206260676954,17.352890014648438,9200,0.0,0.0
2023-09-08 00:00:00-04:00,17.4109940958744,17.5756142516035,17.256057696010256,17.260900497436523,4400,0.0,0.0
2023-09-11 00:00:00-04:00,18.10820818306725,18.10820818306725,17.473936080932617,17.473936080932617,4000,0.0,0.0
2023-09-12 00:00:00-04:00,17.527195169174707,17.662764040678468,17.391624450683594,17.391624450683594,4700,0.0,0.0
2023-09-13 00:00:00-04:00,17.49814635117274,17.61434957655359,17.430361905945414,17.478778839111328,6300,0.0,0.0
2023-09-14 00:00:00-04:00,17.672448726737045,17.672448726737045,17.396468168352477,17.575613021850586,3400,0.0,0.0
2023-09-15 00:00:00-04:00,17.71118372675993,18.26314484288313,17.352892173195556,17.81770133972168,151500,0.0,0.0
2023-09-18 00:00:00-04:00,18.059786637747386,18.059786637747386,17.536876875185616,17.643394470214844,2800,0.0,0.0
2023-09-19 00:00:00-04:00,17.53687984808847,17.672448726737045,17.51751233771369,17.575613021850586,2900,0.0,0.0
2023-09-20 00:00:00-04:00,17.527195560344097,17.81673299779604,17.488460540771484,17.488460540771484,3800,0.0,0.0
2023-09-21 00:00:00-04:00,17.488460540771484,17.827384574082295,17.488460540771484,17.488460540771484,2000,0.0,0.0
2023-09-22 00:00:00-04:00,17.527195560344097,17.657923480920584,17.488460540771484,17.488460540771484,1200,0.0,0.0
2023-09-25 00:00:00-04:00,17.488460540771484,17.653080679980313,17.488460540771484,17.488460540771484,2600,0.0,0.0
2023-09-26 00:00:00-04:00,17.527196884155273,17.527196884155273,17.527196884155273,17.527196884155273,200,0.0,0.0
2023-09-27 00:00:00-04:00,17.25605583190918,17.25605583190918,17.25605583190918,17.25605583190918,500,0.0,0.0
2023-09-28 00:00:00-04:00,17.57561455243077,17.624033332584293,17.469096930068233,17.478778839111328,2200,0.0,0.0
2023-09-29 00:00:00-04:00,17.430361320783565,17.517513275146484,17.430361320783565,17.517513275146484,900,0.0,0.0
2023-10-02 00:00:00-04:00,17.362576877831856,17.517513275146484,17.362576877831856,17.517513275146484,800,0.0,0.0
2023-10-03 00:00:00-04:00,17.672446116080796,17.672446116080796,17.45940907439137,17.49814224243164,600,0.0,0.0
2023-10-04 00:00:00-04:00,17.59498316551987,17.59498316551987,17.410995483398438,17.410995483398438,2100,0.0,0.0
2023-10-05 00:00:00-04:00,17.527197214088737,17.594981657749088,16.984919817818344,17.2657413482666,7300,0.0,0.0
2023-10-06 00:00:00-04:00,17.101119055166677,17.401308059692383,17.101119055166677,17.401308059692383,2100,0.0,0.0
2023-10-09 00:00:00-04:00,17.217321441003865,17.473934461085122,17.217321441003865,17.33352279663086,1000,0.0,0.0
2023-10-10 00:00:00-04:00,17.42067648801704,17.585296630859375,17.42067648801704,17.585296630859375,600,0.0,0.0
2023-10-11 00:00:00-04:00,17.304474313892932,17.58529581094991,17.275423049926758,17.275423049926758,600,0.0,0.0
2023-10-12 00:00:00-04:00,17.333523624507933,17.401308059692383,17.333523624507933,17.401308059692383,400,0.0,0.0
2023-10-13 00:00:00-04:00,17.401308059692383,17.401308059692383,17.401308059692383,17.401308059692383,600,0.0,0.0
2023-10-16 00:00:00-04:00,17.246369737566003,17.43035736019108,17.246369737566003,17.285104751586914,3400,0.0,0.0
2023-10-17 00:00:00-04:00,17.338368593324162,17.624032925169626,17.2657413482666,17.2657413482666,3500,0.0,0.0
2023-10-18 00:00:00-04:00,17.43035888671875,17.43035888671875,17.43035888671875,17.43035888671875,600,0.0,0.0
2023-10-19 00:00:00-04:00,17.236688263412336,17.67244799383612,17.236688263412336,17.62403106689453,600,0.0,0.0
2023-10-20 00:00:00-04:00,17.381942738211844,17.62403106689453,17.381942738211844,17.62403106689453,1200,0.0,0.0
2023-10-23 00:00:00-04:00,17.575613021850586,17.575613021850586,17.435201342114592,17.575613021850586,2700,0.0,0.0
2023-10-24 00:00:00-04:00,17.43036038801462,17.575613021850586,17.157285140885012,17.575613021850586,3600,0.0,0.0
2023-10-25 00:00:00-04:00,17.43036038801462,17.711183747486608,17.43036038801462,17.575613021850586,1500,0.0,0.0
2023-10-26 00:00:00-04:00,17.435201342114592,17.575613021850586,17.435201342114592,17.575613021850586,600,0.0,0.0
2023-10-27 00:00:00-04:00,17.478777316964127,17.575613021850586,17.478777316964127,17.575613021850586,2500,0.0,0.0
2023-10-30 00:00:00-04:00,17.454566768213734,17.48361803030685,17.454566768213734,17.469093322753906,2200,0.0,0.0
2023-10-31 00:00:00-04:00,17.478778839111328,17.478778839111328,17.478778839111328,17.478778839111328,500,0.0,0.0
2023-11-01 00:00:00-04:00,17.27542550342935,17.527197619264854,17.27542550342935,17.478778839111328,1400,0.0,0.0
2023-11-02 00:00:00-04:00,17.333522613306585,17.575610923120884,17.333522613306585,17.469093322753906,6700,0.0,0.0
2023-11-03 00:00:00-04:00,17.391624450683594,17.72861283368735,17.391624450683594,17.391624450683594,2500,0.0,0.0
2023-11-06 00:00:00-05:00,17.256056363918997,17.478777190657194,17.256056363918997,17.34320831298828,2600,0.0,0.0
2023-11-07 00:00:00-05:00,17.313995361328125,17.313995361328125,17.313995361328125,17.313995361328125,700,0.1,0.0
2023-11-08 00:00:00-05:00,17.16792301249727,17.52822625837911,17.16792301249727,17.4503231048584,1800,0.0,0.0
2023-11-09 00:00:00-05:00,17.4503231048584,17.4503231048584,17.4503231048584,17.4503231048584,800,0.0,0.0
2023-11-10 00:00:00-05:00,17.440587997436523,17.440587997436523,17.440587997436523,17.440587997436523,1000,0.0,0.0
2023-11-13 00:00:00-05:00,17.576918939245314,17.625609581865685,17.099761785714303,17.333471298217773,12800,0.0,0.0
2023-11-14 00:00:00-05:00,17.362685683789994,17.411374469052262,17.148452428334675,17.333471298217773,2000,0.0,0.0
2023-11-15 00:00:00-05:00,17.372421409499935,17.401635791031456,17.13871192932129,17.13871192932129,2900,0.0,0.0
2023-11-16 00:00:00-05:00,17.109497276675288,17.138711657743887,17.031594117850183,17.041332244873047,3100,0.0,0.0
2023-11-17 00:00:00-05:00,17.04133139330755,17.43084716796875,17.031593266771306,17.43084716796875,6900,0.0,0.0
2023-11-20 00:00:00-05:00,17.382158279418945,17.489273955904455,17.284778872048538,17.382158279418945,1800,0.0,0.0
2023-11-21 00:00:00-05:00,17.38216194083814,17.479541368720778,17.284782512955505,17.333471298217773,2600,0.0,0.0
2023-11-22 00:00:00-05:00,17.333469011748043,17.52822784182255,17.041332623994144,17.187400817871094,6800,0.0,0.0
2023-11-24 00:00:00-05:00,17.372422484666256,17.440587521767313,16.94882414171114,17.411373138427734,2400,0.0,0.0
2023-11-27 00:00:00-05:00,17.35294676307577,17.401637403473334,16.96343092668535,17.15818977355957,7300,0.0,0.0
2023-11-28 00:00:00-05:00,17.29451862971063,17.333469281917925,16.924477218272955,17.284780502319336,6600,0.0,0.0
2023-11-29 00:00:00-05:00,17.2653041880823,17.479539275237286,17.11923599243164,17.11923599243164,4400,0.0,0.0
2023-11-30 00:00:00-05:00,17.24582979216745,17.26043791345753,17.236093521118164,17.236093521118164,2100,0.0,0.0
2023-12-01 00:00:00-05:00,17.236093521118164,17.35781734017307,17.197141007488714,17.236093521118164,12800,0.0,0.0
2023-12-04 00:00:00-05:00,17.29452043420426,17.333471090475626,17.1192378375879,17.236093521118164,12600,0.0,0.0
2023-12-05 00:00:00-05:00,17.206876754760742,17.23609113594006,17.206876754760742,17.206876754760742,5200,0.0,0.0
2023-12-06 00:00:00-05:00,17.197141007488714,17.385083356770455,17.197141007488714,17.236093521118164,5900,0.0,0.0
2023-12-07 00:00:00-05:00,17.14844937274306,17.343206336447516,17.14844937274306,17.177661895751953,4700,0.0,0.0
2023-12-08 00:00:00-05:00,17.287704137248536,17.333471298217773,17.197141213596943,17.333471298217773,3900,0.0,0.0
2023-12-11 00:00:00-05:00,17.226352802841504,17.421109769634075,17.226352802841504,17.275041580200195,4200,0.0,0.0
2023-12-12 00:00:00-05:00,17.236093521118164,17.236093521118164,17.206879135896077,17.236093521118164,1700,0.0,0.0
2023-12-13 00:00:00-05:00,17.206876723842985,17.489274978637695,17.206876723842985,17.489274978637695,43100,0.0,0.0
2023-12-14 00:00:00-05:00,17.284781082616302,17.470775050111225,16.91474151611328,16.91474151611328,64200,0.0,0.0
2023-12-15 00:00:00-05:00,16.90500122639743,17.382158279418945,16.817359945499838,17.382158279418945,51500,0.0,0.0
2023-12-18 00:00:00-05:00,17.313994702099343,17.313994702099343,16.78814697265625,16.78814697265625,42300,0.0,0.0
2023-12-19 00:00:00-05:00,16.76867203318193,17.12897534168992,16.76867203318193,16.992645263671875,22900,0.0,0.0
2023-12-20 00:00:00-05:00,16.934215545654297,16.934215545654297,16.934215545654297,16.934215545654297,2200,0.0,0.0
2023-12-21 00:00:00-05:00,16.948824354004735,17.041333783035196,16.86605119551813,16.895265579223633,3200,0.0,0.0
2023-12-22 00:00:00-05:00,16.84657504550158,16.973168851662393,16.84657504550158,16.943954467773438,3100,0.0,0.0
2023-12-26 00:00:00-05:00,16.895265685316506,16.992645107588363,16.856313173464564,16.943954467773438,4500,0.0,0.0
2023-12-27 00:00:00-05:00,16.992643721095675,16.992643721095675,16.856311798095703,16.856311798095703,7700,0.0,0.0
2023-12-28 00:00:00-05:00,16.85631337516873,17.15818977355957,16.85631337516873,17.15818977355957,3900,0.0,0.0
2023-12-29 00:00:00-05:00,17.153317507458617,17.177661895751953,17.0023793282675,17.177661895751953,900,0.0,0.0
2024-01-02 00:00:00-05:00,17.060810089111328,17.060810089111328,17.060810089111328,17.060810089111328,600,0.0,0.0
2024-01-03 00:00:00-05:00,17.122158672935008,17.226354598999023,17.070548266376232,17.226354598999023,2600,0.0,0.0
2024-01-04 00:00:00-05:00,17.128973911791885,17.187400817871094,16.963429463435915,17.187400817871094,2900,0.0,0.0
2024-01-05 00:00:00-05:00,17.051071166992188,17.051071166992188,17.051071166992188,17.051071166992188,1300,0.0,0.0
2024-01-08 00:00:00-05:00,17.060809294469145,17.060809294469145,17.051071166992188,17.051071166992188,1300,0.0,0.0
2024-01-09 00:00:00-05:00,17.021857156292906,17.197139739990234,17.021857156292906,17.197139739990234,1800,0.0,0.0
2024-01-10 00:00:00-05:00,17.07054621578972,17.226352529696396,17.07054621578972,17.177661895751953,2200,0.0,0.0
2024-01-11 00:00:00-05:00,17.090022083571352,17.306203687769113,16.866050720214844,16.866050720214844,5500,0.0,0.0
2024-01-12 00:00:00-05:00,16.963430723699407,17.13871331231715,16.88552755735352,16.943954467773438,6000,0.0,0.0
2024-01-16 00:00:00-05:00,16.905003020493304,16.9439536731606,16.905003020493304,16.934215545654297,1700,0.0,0.0
2024-01-17 00:00:00-05:00,16.866050084951677,17.119235821654108,16.856311957691062,16.90500259399414,2700,0.0,0.0
2024-01-18 00:00:00-05:00,16.905003707125466,17.133843212065656,16.719982991706566,16.895265579223633,5800,0.0,0.0
2024-01-19 00:00:00-05:00,16.924476623535156,16.924476623535156,16.924476623535156,16.924476623535156,500,0.0,0.0
2024-01-22 00:00:00-05:00,17.041333890045294,17.041333890045294,16.943954467773438,16.943954467773438,700,0.0,0.0
2024-01-23 00:00:00-05:00,16.953693389892578,16.99264590356916,16.953693389892578,16.953693389892578,4500,0.0,0.0
2024-01-24 00:00:00-05:00,17.163057327270508,17.163057327270508,17.163057327270508,17.163057327270508,500,0.0,0.0
2024-01-25 00:00:00-05:00,17.187401085764268,17.323733011884517,17.148450433556974,17.284780502319336,44600,0.0,0.0
2024-01-26 00:00:00-05:00,17.518488449437235,17.60612973090572,17.43084716796875,17.43084716796875,4800,0.0,0.0
2024-01-29 00:00:00-05:00,17.693772157257474,17.703510284423828,17.430848295839414,17.703510284423828,14100,0.0,0.0
2024-01-30 00:00:00-05:00,17.557444986860773,17.703513203727013,17.557444986860773,17.64508628845215,2200,0.0,0.0
2024-01-31 00:00:00-05:00,17.528226649175778,17.669426698504438,17.528226649175778,17.596391677856445,4000,0.0,0.0
2024-02-01 00:00:00-05:00,17.25556487717505,17.596391881888042,17.041331662072075,17.528226852416992,8800,0.0,0.0
2024-02-02 00:00:00-05:00,17.360736612833026,17.654821395874023,17.24582930119874,17.654821395874023,2800,0.0,0.0
2024-02-05 00:00:00-05:00,17.732723004657082,17.761937386479204,17.23609151518602,17.35294532775879,16000,0.0,0.0
2024-02-06 00:00:00-05:00,17.382324577628065,17.646732216667854,17.30398178100586,17.30398178100586,5200,0.1,0.0
2024-02-07 00:00:00-05:00,17.30398178100586,17.30398178100586,17.30398178100586,17.30398178100586,1100,0.0,0.0
2024-02-08 00:00:00-05:00,17.303980625606968,17.62224926629343,17.245223999023438,17.245223999023438,2100,0.0,0.0
2024-02-09 00:00:00-05:00,17.24522451380317,17.78383098721545,16.829026904494096,17.152191162109375,4700,0.0,0.0
2024-02-12 00:00:00-05:00,17.147294953000337,17.62714478123774,17.049365997314453,17.049365997314453,2900,0.0,0.0
2024-02-13 00:00:00-05:00,16.95143668821636,17.39015668213014,16.784958027373037,17.078744888305664,2200,0.0,0.0
2024-02-14 00:00:00-05:00,16.961230562241195,17.35294452726672,16.902473934447247,17.166881561279297,4500,0.0,0.0
2024-02-15 00:00:00-05:00,17.16688357389472,17.327486038208008,17.16688357389472,17.327486038208008,1100,0.0,0.0
2024-02-16 00:00:00-05:00,17.04936683300323,17.49787994040044,17.04936683300323,17.235431671142578,1300,0.0,0.0
2024-02-20 00:00:00-05:00,17.0493671107788,17.452833537991374,16.961231231689453,16.961231231689453,2700,0.0,0.0
2024-02-21 00:00:00-05:00,16.951437438961403,17.444997220493246,16.755581390838348,17.117916107177734,7700,0.0,0.0
2024-02-22 00:00:00-05:00,16.95143814869735,17.372531378159874,16.95143814869735,16.961231231689453,2900,0.0,0.0
2024-02-23 00:00:00-05:00,16.657652045167193,17.17667420290063,16.657652045167193,17.098329544067383,3400,0.0,0.0
2024-02-26 00:00:00-05:00,17.00040164673928,17.03957210645135,16.91226577758789,16.91226577758789,1600,0.0,0.0
2024-02-27 00:00:00-05:00,16.853509148121386,17.029780905897464,16.81433868408203,16.81433868408203,2500,0.0,0.0
2024-02-28 00:00:00-05:00,16.82413276276906,16.941646029681607,16.187597274780273,16.187597274780273,19300,0.0,0.0
2024-02-29 00:00:00-05:00,16.207181574039232,16.62827482746188,16.177804191230944,16.187597274780273,2300,0.0,0.0
2024-03-01 00:00:00-05:00,16.177802641663053,16.296296513068558,16.03091013817241,16.15821647644043,8100,0.0,0.0
2024-03-04 00:00:00-05:00,16.07008020458046,16.530343868927513,15.981944331091105,16.138629913330078,1700,0.0,0.0
2024-03-05 00:00:00-05:00,16.07987288161249,16.344280495415433,16.021116256713867,16.021116256713867,4100,0.0,0.0
2024-03-06 00:00:00-05:00,15.981946390929986,16.393246564277728,15.913396673345314,15.952569007873535,4300,0.0,0.0
2024-03-07 00:00:00-05:00,15.962359070653802,16.21697362317647,15.913395523870035,15.942774772644043,4600,0.0,0.0
2024-03-08 00:00:00-05:00,15.952568773144547,16.334489689976472,15.82526055564078,15.893810272216797,18100,0.0,0.0
2024-03-11 00:00:00-04:00,16.01132448527715,16.158216993468034,15.835052728312258,15.942774772644043,3900,0.0,0.0
2024-03-12 00:00:00-04:00,15.913396240759148,16.168010804752054,15.825260358306233,15.884016990661621,5800,0.0,0.0
2024-03-13 00:00:00-04:00,15.756709496619063,16.06322569910269,15.756709496619063,15.77629566192627,1200,0.0,0.0
2024-03-14 00:00:00-04:00,15.7860894616329,15.97802866041132,15.717537879943848,15.717537879943848,3900,0.0,0.0
2024-03-15 00:00:00-04:00,15.56085314569328,15.923188813327647,15.423752784729004,15.423752784729004,6900,0.0,0.0
2024-03-18 00:00:00-04:00,15.433545935036985,15.433545935036985,15.041831016540527,15.041831016540527,7600,0.0,0.0
2024-03-19 00:00:00-04:00,15.041830038502898,15.34540905725059,14.943902015686035,14.943902015686035,4400,0.0,0.0
2024-03-20 00:00:00-04:00,14.943902149837527,15.178930527411547,14.806801795959473,14.806801795959473,4900,0.0,0.0
2024-03-21 00:00:00-04:00,14.806802768038617,15.032039011773817,14.806802768038617,14.855767250061035,6900,0.0,0.0
2024-03-22 00:00:00-04:00,14.689288001511265,14.885144988080793,14.689288001511265,14.826388359069824,1300,0.0,0.0
2024-03-25 00:00:00-04:00,14.875352044850235,14.914523442531692,14.689288139343262,14.689288139343262,1900,0.0,0.0
2024-03-26 00:00:00-04:00,14.689288139343262,14.689288139343262,14.689288139343262,14.689288139343262,1500,0.0,0.0
2024-03-27 00:00:00-04:00,14.694184680793416,14.699081222243572,14.689288139343262,14.689288139343262,2500,0.0,0.0
2024-03-28 00:00:00-04:00,14.689288461132557,14.72845985967212,14.513016700744629,14.513016700744629,3200,0.0,0.0
2024-04-01 00:00:00-04:00,14.513016282687712,14.669701872332526,14.395502090454102,14.395502090454102,4100,0.0,0.0
2024-04-02 00:00:00-04:00,14.571774645922563,14.638365931786259,14.25350690774,14.483638763427734,5900,0.0,0.0
2024-04-03 00:00:00-04:00,14.591359994831848,14.591359994831848,13.964617596850891,14.19964599609375,8300,0.0,0.0
2024-04-04 00:00:00-04:00,14.209438898913877,14.349476441550646,14.068421674376783,14.23881721496582,7300,0.0,0.0
2024-04-05 00:00:00-04:00,14.24861044484957,14.260361958175189,13.974410646398095,14.101716995239258,6700,0.0,0.0
2024-04-08 00:00:00-04:00,14.003788962752223,14.199645961646132,14.003788962752223,14.101716995239258,1200,0.0,0.0
2024-04-09 00:00:00-04:00,14.101716995239258,14.189852878221478,14.101716995239258,14.101716995239258,1700,0.0,0.0
2024-04-10 00:00:00-04:00,14.101716927702173,14.101716927702173,13.807931897728245,13.856895446777344,2700,0.0,0.0
2024-04-11 00:00:00-04:00,13.827517430844964,13.827517430844964,13.484767910458888,13.533731460571289,8300,0.0,0.0
2024-04-12 00:00:00-04:00,13.710002755134008,13.847103118896484,13.70020967188244,13.847103118896484,2900,0.0,0.0
2024-04-15 00:00:00-04:00,13.88627499846764,13.88627499846764,13.533731460571289,13.533731460571289,2500,0.0,0.0
2024-04-16 00:00:00-04:00,13.533729706977477,13.543522789298988,13.337872730145913,13.44559383392334,4500,0.0,0.0
2024-04-17 00:00:00-04:00,13.602280920847605,14.131095247472363,13.563109523835392,13.95482349395752,12200,0.0,0.0
2024-04-18 00:00:00-04:00,14.170266905664676,14.83618066714612,14.170266905664676,14.738252639770508,6700,0.0,0.0
2024-04-19 00:00:00-04:00,14.757837814774225,15.864431897818152,14.757837814774225,15.795880317687988,14400,0.0,0.0
2024-04-22 00:00:00-04:00,15.825260980593448,16.765376474445596,15.795881729340659,16.01132583618164,24100,0.0,0.0
2024-04-23 00:00:00-04:00,16.016219706931548,16.549930572509766,15.874222809704424,16.549930572509766,3500,0.0,0.0
2024-04-24 00:00:00-04:00,16.49509040216819,16.49509040216819,16.314901794329245,16.432416915893555,4200,0.0,0.0
2024-04-25 00:00:00-04:00,16.403040246333724,16.42262641431239,16.079875946044922,16.079875946044922,5500,0.0,0.0
2024-04-26 00:00:00-04:00,16.17976013593899,16.517614948558737,16.1092529296875,16.1092529296875,25900,0.0,0.0
2024-04-29 00:00:00-04:00,16.07987368338945,16.49117381386697,16.07987368338945,16.15821647644043,15200,0.0,0.0
2024-04-30 00:00:00-04:00,16.33448827055111,16.33448827055111,16.158216518764807,16.256145477294922,6200,0.0,0.0
2024-05-01 00:00:00-04:00,16.32469367980957,16.32469367980957,16.32469367980957,16.32469367980957,600,0.0,0.0
2024-05-02 00:00:00-04:00,16.187596122733797,16.24145527666248,15.981945118513156,16.22676658630371,16900,0.0,0.0
2024-05-03 00:00:00-04:00,16.15821766372423,16.329591952415743,16.15821766372423,16.265939712524414,6900,0.0,0.0
2024-05-06 00:00:00-04:00,15.991738947778918,16.30511014232308,14.855767433636506,16.168010711669922,14200,0.0,0.0
2024-05-07 00:00:00-04:00,16.07933755225998,16.384765625,16.07933755225998,16.384765625,6600,0.1,0.0
2024-05-08 00:00:00-04:00,16.273434191265846,16.40447235107422,16.273434191265846,16.40447235107422,3100,0.0,0.0
2024-05-09 00:00:00-04:00,16.256682882878618,16.443881575590876,15.872434616088867,15.872434616088867,8200,0.0,0.0
2024-05-10 00:00:00-04:00,16.256683349609375,16.45373480856616,16.256683349609375,16.256683349609375,5600,0.0,0.0
2024-05-13 00:00:00-04:00,16.256683349609375,16.45373480856616,16.256683349609375,16.256683349609375,4600,0.0,0.0
2024-05-14 00:00:00-04:00,16.217272306129225,16.45373480856616,16.217272306129225,16.256683349609375,15300,0.0,0.0
2024-05-15 00:00:00-04:00,16.256683349609375,16.45373480856616,16.256683349609375,16.256683349609375,1800,0.0,0.0
2024-05-16 00:00:00-04:00,16.384765482475895,16.384765482475895,16.256683349609375,16.256683349609375,1900,0.0,0.0
2024-05-17 00:00:00-04:00,16.305945274737578,16.360134519911796,16.256683349609375,16.256683349609375,2200,0.0,0.0
2024-05-20 00:00:00-04:00,16.256683349609375,16.350281759041756,16.256683349609375,16.256683349609375,6600,0.0,0.0
2024-05-21 00:00:00-04:00,16.26653648147675,16.333532626010232,16.26653648147675,16.325651168823242,1400,0.0,0.0
2024-05-22 00:00:00-04:00,16.26653648147675,16.325651168823242,16.256683720381993,16.325651168823242,2800,0.0,0.0
2024-05-23 00:00:00-04:00,16.305945274737578,16.355209079087768,16.217272306129225,16.256683349609375,6500,0.0,0.0
2024-05-24 00:00:00-04:00,16.256683349609375,16.325650796477657,16.256683349609375,16.256683349609375,3800,0.0,0.0
2024-05-28 00:00:00-04:00,16.256681946980784,16.296092987060547,16.256681946980784,16.296092987060547,3900,0.0,0.0
2024-05-29 00:00:00-04:00,16.22712506699926,16.28624163221949,16.217272306129225,16.256683349609375,1400,0.0,0.0
2024-05-30 00:00:00-04:00,16.345355812938653,16.345355812938653,16.21727180480957,16.21727180480957,3800,0.0,0.0
2024-05-31 00:00:00-04:00,16.21727180480957,16.21727180480957,16.21727180480957,16.21727180480957,800,0.0,0.0
2024-06-03 00:00:00-04:00,16.2271242390324,16.355208244585594,16.2271242390324,16.305944442749023,1100,0.0,0.0
2024-06-04 00:00:00-04:00,16.236977325940494,16.236977325940494,16.21727180480957,16.21727180480957,3200,0.0,0.0
2024-06-05 00:00:00-04:00,16.21727180480957,16.21727180480957,16.21727180480957,16.21727180480957,400,0.0,0.0
2024-06-06 00:00:00-04:00,16.020221710205078,16.179833419420078,16.010368949960018,16.020221710205078,5600,0.0,0.0
2024-06-07 00:00:00-04:00,16.020223015564486,16.12860150786918,16.0103702545166,16.0103702545166,11200,0.0,0.0
2024-06-10 00:00:00-04:00,15.911843226731275,16.020221710205078,15.911843226731275,16.020221710205078,2600,0.0,0.0
2024-06-11 00:00:00-04:00,15.882286825217957,16.020221710205078,15.882286825217957,16.020221710205078,1900,0.0,0.0
2024-06-12 00:00:00-04:00,16.020223015564486,16.020223015564486,16.0103702545166,16.0103702545166,1100,0.0,0.0
2024-06-13 00:00:00-04:00,16.227123260498047,16.227123260498047,16.227123260498047,16.227123260498047,700,0.0,0.0
2024-06-14 00:00:00-04:00,16.2468318939209,16.2468318939209,16.2468318939209,16.2468318939209,600,0.0,0.0
2024-06-17 00:00:00-04:00,16.030075073242188,16.158157202800624,16.020222312626625,16.030075073242188,2600,0.0,0.0
2024-06-18 00:00:00-04:00,16.049781799316406,16.049781799316406,16.049781799316406,16.049781799316406,600,0.0,0.0
2024-06-20 00:00:00-04:00,16.059632751868744,16.192642211914062,16.03007634689562,16.192642211914062,3900,0.0,0.0
2024-06-21 00:00:00-04:00,16.246829759865477,16.65078353881836,16.089189352431273,16.65078353881836,19700,0.0,0.0
2024-06-24 00:00:00-04:00,16.256682143813627,16.256682143813627,16.079336219751074,16.236976623535156,2400,0.0,0.0
2024-06-25 00:00:00-04:00,16.06948489625746,16.227125314134923,16.06948489625746,16.22318458557129,3000,0.0,0.0
2024-06-26 00:00:00-04:00,16.06948345961184,16.236976623535156,15.882286654631896,16.236976623535156,24700,0.0,0.0
2024-06-27 00:00:00-04:00,16.217272306129225,16.256683349609375,16.05470644982856,16.256683349609375,2900,0.0,0.0
2024-06-28 00:00:00-04:00,15.970958922044234,16.256683349609375,15.901991475175954,16.256683349609375,3200,0.0,0.0
2024-07-01 00:00:00-04:00,15.961109046638784,16.20742244625221,15.961109046638784,16.122690200805664,800,0.0,0.0
2024-07-02 00:00:00-04:00,16.138452847512557,16.138452847512557,15.970959663391113,15.970959663391113,2300,0.0,0.0
2024-07-03 00:00:00-04:00,15.882287999138114,15.99559193149824,15.8724352381648,15.961108207702637,4000,0.0,0.0
2024-07-05 00:00:00-04:00,15.823171615600586,16.118748810539458,15.813318854513755,15.823171615600586,4100,0.0,0.0
2024-07-08 00:00:00-04:00,16.039928537660252,16.108895985773415,15.685236656824529,16.0103702545166,6400,0.0,0.0
2024-07-09 00:00:00-04:00,16.099042849955108,16.099042849955108,15.941402435302734,15.941402435302734,1900,0.0,0.0
2024-07-10 00:00:00-04:00,15.862581579632725,15.862581579632725,15.764055854696492,15.773908615112305,2600,0.0,0.0
2024-07-11 00:00:00-04:00,15.82317085046101,16.631078428294057,15.82317085046101,16.374914169311523,35800,0.0,0.0
2024-07-12 00:00:00-04:00,16.010370558208503,16.379840648013314,16.010370558208503,16.266536712646484,20200,0.0,0.0
2024-07-15 00:00:00-04:00,16.256683957923514,16.596595764160156,16.24683119668479,16.596595764160156,5200,0.0,0.0
2024-07-16 00:00:00-04:00,16.6015222601842,16.995623294057072,16.512849292660057,16.81827735900879,15200,0.0,0.0
2024-07-17 00:00:00-04:00,16.995623977609043,17.241937368588886,16.936509289956053,17.14341163635254,7300,0.0,0.0
2024-07-18 00:00:00-04:00,17.192674880671643,17.55721763505368,17.192674880671643,17.29119873046875,14900,0.0,0.0
2024-07-19 00:00:00-04:00,17.123703927909183,17.261640687118746,17.044883728027344,17.044883728027344,1100,0.0,0.0
2024-07-22 00:00:00-04:00,17.232084274291992,17.232084274291992,17.04488557458429,17.232084274291992,1100,0.0,0.0
2024-07-23 00:00:00-04:00,17.232083753887327,17.24193651454513,17.232083753887327,17.233068466186523,1900,0.0,0.0
2024-07-24 00:00:00-04:00,17.596627402381667,17.596627402381667,17.251788315430876,17.39267921447754,3000,0.0,0.0
2024-07-25 00:00:00-04:00,17.251791420581554,17.478399306225413,16.315799713134766,16.315799713134766,1900,0.0,0.0
2024-07-26 00:00:00-04:00,16.325648561158214,16.729602305410204,16.325648561158214,16.345354080200195,1800,0.0,0.0
2024-07-29 00:00:00-04:00,16.71975266370203,17.015329866784285,16.394619055767013,16.70989990234375,1700,0.0,0.0
2024-07-30 00:00:00-04:00,17.163116398953267,17.35031509399414,17.148338197499655,17.35031509399414,600,0.0,0.0
2024-07-31 00:00:00-04:00,17.35031509399414,17.35031509399414,17.35031509399414,17.35031509399414,0,0.0,0.0
2024-08-01 00:00:00-04:00,16.67344507568244,16.995622634887695,16.365061005147215,16.995622634887695,5800,0.0,0.0
2024-08-02 00:00:00-04:00,16.420237547671437,16.96114158630371,16.420237547671437,16.96114158630371,1000,0.0,0.0
2024-08-05 00:00:00-04:00,16.355208388153642,16.64684295654297,16.325650106792235,16.64684295654297,1600,0.0,0.0
2024-08-06 00:00:00-04:00,16.74930926327021,16.74930926327021,16.384764646564932,16.65078353881836,5000,0.0,0.0
2024-08-07 00:00:00-04:00,17.15129852294922,17.15129852294922,17.15129852294922,17.15129852294922,200,0.1,0.0
2024-08-08 00:00:00-04:00,16.422825680218768,16.890633517790665,16.422825680218768,16.61212921142578,1500,0.0,0.0
2024-08-09 00:00:00-04:00,16.997674812005002,16.997674812005002,16.839096069335938,16.839096069335938,5900,0.0,0.0
2024-08-12 00:00:00-04:00,17.488279342651367,17.488279342651367,17.488279342651367,17.488279342651367,400,0.0,0.0
2024-08-13 00:00:00-04:00,17.37430171959561,17.37430171959561,16.987764358520508,16.987764358520508,1300,0.0,0.0
2024-08-14 00:00:00-04:00,17.05714225769043,17.05714225769043,17.05714225769043,17.05714225769043,700,0.0,0.0
2024-08-15 00:00:00-04:00,17.06705455049073,17.275190353393555,17.06705455049073,17.275190353393555,6000,0.0,0.0
2024-08-16 00:00:00-04:00,17.275190353393555,17.275190353393555,17.275190353393555,17.275190353393555,300,0.0,0.0
2024-08-19 00:00:00-04:00,17.0967877721256,17.2851007464661,17.067053547627264,17.195899963378906,9700,0.0,0.0
2024-08-20 00:00:00-04:00,17.443680449231135,17.443680449231135,16.987765100723067,17.344568252563477,1100,0.0,0.0
2024-08-21 00:00:00-04:00,17.086877297390725,17.344568252563477,17.086877297390725,17.344568252563477,5900,0.0,0.0
2024-08-22 00:00:00-04:00,17.344568252563477,17.344568252563477,17.344568252563477,17.344568252563477,300,0.0,0.0
2024-08-23 00:00:00-04:00,17.096788706098284,17.344568252563477,17.096788706098284,17.344568252563477,1600,0.0,0.0
2024-08-26 00:00:00-04:00,17.59234619140625,17.59234619140625,17.59234619140625,17.59234619140625,1400,0.0,0.0
2024-08-27 00:00:00-04:00,17.59234619140625,17.59234619140625,17.59234619140625,17.59234619140625,0,0.0,0.0
2024-08-28 00:00:00-04:00,17.552700877373958,17.840126037597656,16.948120113799327,17.840126037597656,7900,0.0,0.0
2024-08-29 00:00:00-04:00,17.84012566605885,17.959060668945312,16.561582419262248,17.959060668945312,5000,0.0,0.0
2024-08-30 00:00:00-04:00,17.889681944870723,17.939238986874532,17.889681944870723,17.899593353271484,600,0.0,0.0
2024-09-03 00:00:00-04:00,16.74494067498964,17.34456666899119,16.74494067498964,17.295011520385742,1000,0.0,0.0
2024-09-04 00:00:00-04:00,17.295011520385742,17.295011520385742,17.295011520385742,17.295011520385742,0,0.0,0.0
2024-09-05 00:00:00-04:00,17.295011520385742,17.295011520385742,17.295011520385742,17.295011520385742,0,0.0,0.0
2024-09-06 00:00:00-04:00,17.295011520385742,17.295011520385742,17.264286723319888,17.295011520385742,2400,0.0,0.0
2024-09-09 00:00:00-04:00,17.295012135457323,20.803569334835032,17.096787753170485,18.087905883789062,19700,0.0,0.0
2024-09-10 00:00:00-04:00,18.0680833935541,18.732132628668978,17.84012667309576,18.03835105895996,2300,0.0,0.0
2024-09-11 00:00:00-04:00,18.434796503528613,19.66378268504283,17.750924505044647,18.077993392944336,12800,0.0,0.0
2024-09-12 00:00:00-04:00,18.2663077794183,18.2663077794183,17.98879401728999,18.03835105895996,1600,0.0,0.0
2024-09-13 00:00:00-04:00,19.31689098202008,19.3565366122662,18.077993392944336,18.077993392944336,7300,0.0,0.0
2024-09-16 00:00:00-04:00,19.069111805395853,19.069111805395853,17.01155044091862,18.028438568115234,11400,0.0,0.0
2024-09-17 00:00:00-04:00,17.17607755368656,17.899593353271484,17.17607755368656,17.899593353271484,3000,0.0,0.0
2024-09-18 00:00:00-04:00,18.028439325266135,19.57458307971693,18.028439325266135,18.087905883789062,7600,0.0,0.0
2024-09-19 00:00:00-04:00,18.236573554416317,18.236573554416317,18.03835105895996,18.03835105895996,500,0.0,0.0
2024-09-20 00:00:00-04:00,17.562613296899446,18.74204444885254,17.562613296899446,18.74204444885254,45800,0.0,0.0
2024-09-23 00:00:00-04:00,18.722219918017586,18.831243511700002,18.335684471918423,18.53390884399414,7300,0.0,0.0
2024-09-24 00:00:00-04:00,18.48435242619007,18.48435242619007,17.949149628274142,18.137460708618164,11900,0.0,0.0
2024-09-25 00:00:00-04:00,18.137460353328528,18.137460353328528,17.74101349404414,17.92436981201172,4600,0.0,0.0
2024-09-26 00:00:00-04:00,17.92436981201172,17.92436981201172,17.92436981201172,17.92436981201172,0,0.0,0.0
2024-09-27 00:00:00-04:00,18.068081985382808,18.077993392944336,17.745969746467733,18.077993392944336,1800,0.0,0.0
2024-09-30 00:00:00-04:00,17.938247197591703,17.938247197591703,17.731101989746094,17.731101989746094,1400,0.0,0.0
2024-10-01 00:00:00-04:00,17.828232471944403,18.077993133442025,17.828232471944403,18.058170318603516,1000,0.0,0.0
2024-10-02 00:00:00-04:00,18.058170318603516,18.058170318603516,18.058170318603516,18.058170318603516,0,0.0,0.0
2024-10-03 00:00:00-04:00,18.068081985382808,18.077993392944336,17.978881207736737,18.077993392944336,1600,0.0,0.0
2024-10-04 00:00:00-04:00,18.077993392944336,18.077993392944336,18.077993392944336,18.077993392944336,0,0.0,0.0
2024-10-07 00:00:00-04:00,18.127552032470703,18.127552032470703,18.127552032470703,18.127552032470703,400,0.0,0.0
2024-10-08 00:00:00-04:00,17.988793369775284,18.137460708618164,17.949149628274142,18.137460708618164,9000,0.0,0.0
2024-10-09 00:00:00-04:00,17.879772450967558,19.574583591216335,17.879772450967558,19.01955795288086,20000,0.0,0.0
2024-10-10 00:00:00-04:00,18.137460414950926,18.781688690185547,18.137460414950926,18.781688690185547,2200,0.0,0.0
2024-10-11 00:00:00-04:00,17.889682395081955,18.83124542236328,17.889682395081955,18.83124542236328,3400,0.0,0.0
2024-10-14 00:00:00-04:00,18.147371581616007,18.69546127319336,18.147371581616007,18.69546127319336,500,0.0,0.0
2024-10-15 00:00:00-04:00,17.959062255633302,18.83124542236328,17.959062255633302,18.83124542236328,10900,0.0,0.0
2024-10-16 00:00:00-04:00,18.831244614889844,21.309039958954298,17.77867688051254,20.555789947509766,20600,0.0,0.0
2024-10-17 00:00:00-04:00,19.822362392447697,20.85312614425072,18.73213208278152,18.890710830688477,22800,0.0,0.0
2024-10-18 00:00:00-04:00,18.979912181873363,19.158313751220703,18.890711397199695,19.158313751220703,1600,0.0,0.0
2024-10-21 00:00:00-04:00,18.917470685315294,19.335723392185077,18.917470685315294,19.128578186035156,3500,0.0,0.0
2024-10-22 00:00:00-04:00,19.725232649991238,19.725232649991238,19.2177791595459,19.2177791595459,1300,0.0,0.0
2024-10-23 00:00:00-04:00,19.04730664884154,19.049287796020508,18.305949275863096,19.049287796020508,6600,0.0,0.0
2024-10-24 00:00:00-04:00,19.297067565954467,19.459612376412405,18.434795929438625,19.069110870361328,13400,0.0,0.0
2024-10-25 00:00:00-04:00,18.87088868784359,18.87088868784359,17.701369079657326,18.722219467163086,9600,0.0,0.0
2024-10-28 00:00:00-04:00,18.58346475161817,19.59440568780407,18.187017881665206,18.59337615966797,15400,0.0,0.0
2024-10-29 00:00:00-04:00,19.019556804719063,19.67369459729922,19.019556804719063,19.079023361206055,17800,0.0,0.0
2024-10-30 00:00:00-04:00,19.416003104361057,21.309038463106763,19.07902280999094,19.703426361083984,41800,0.0,0.0
2024-10-31 00:00:00-04:00,19.86200935984142,19.86200935984142,19.37635978502006,19.81245231628418,8900,0.0,0.0
2024-11-01 00:00:00-04:00,19.63405088281077,20.107806014454052,19.57458432051835,19.673696517944336,33900,0.0,0.0
2024-11-04 00:00:00-05:00,19.79262849879336,19.79262849879336,19.42591584703837,19.435827255249023,3900,0.0,0.0
2024-11-05 00:00:00-05:00,18.72222103897712,19.77875295992615,18.72222103897712,19.66378402709961,10300,0.0,0.0
2024-11-06 00:00:00-05:00,19.673744830513225,20.346137881182607,19.673744830513225,20.26146697998047,23100,0.1,0.0
2024-11-07 00:00:00-05:00,20.05227777639569,20.400926815823077,19.922780538886073,20.241544723510742,6300,0.0,0.0
2024-11-08 00:00:00-05:00,20.271428133186127,20.491573611256996,20.24154328051387,20.25150489807129,5700,0.0,0.0
2024-11-11 00:00:00-05:00,19.78332015634437,20.948802803923236,19.78332015634437,20.69976806640625,10800,0.0,0.0
2024-11-12 00:00:00-05:00,20.694786393449956,20.993629219699677,20.694786393449956,20.9886474609375,3400,0.0,0.0
2024-11-13 00:00:00-05:00,20.998610647381632,21.954905102851978,20.80934369994755,21.22772216796875,11900,0.0,0.0
2024-11-14 00:00:00-05:00,20.91891953692988,21.197839148083332,19.92278051136179,20.9388427734375,30000,0.0,0.0
2024-11-15 00:00:00-05:00,21.068339504903822,21.29745101928711,20.420849533828097,21.29745101928711,6900,0.0,0.0
2024-11-18 00:00:00-05:00,21.327335167796132,21.327335167796132,19.952664226987874,21.118146896362305,20300,0.0,0.0
2024-11-19 00:00:00-05:00,21.23668718648528,22.542624311837063,21.23668718648528,22.313512802124023,12100,0.0,0.0
2024-11-20 00:00:00-05:00,21.939961217178165,22.62231590398231,21.90509650398277,22.612356185913086,10000,0.0,0.0
2024-11-21 00:00:00-05:00,22.293589303423456,25.70038465541946,20.490578300461777,23.210037231445312,34100,0.0,0.0
2024-11-22 00:00:00-05:00,23.389343577822935,24.19621754663765,22.702009026589575,23.84756851196289,9900,0.0,0.0
2024-11-25 00:00:00-05:00,23.628416086525657,25.152509420557777,23.30965191469826,23.957141876220703,26000,0.0,0.0
2024-11-26 00:00:00-05:00,24.277899020785576,24.534902300650923,23.80772129949125,24.036832809448242,36600,0.0,0.0
2024-11-27 00:00:00-05:00,24.156370299203054,25.15250928061349,24.156370299203054,24.405405044555664,6400,0.0,0.0
2024-11-29 00:00:00-05:00,24.41536621366536,25.38162032388143,24.41536621366536,25.092741012573242,8900,0.0,0.0
2024-12-02 00:00:00-05:00,25.052895409574457,25.750193467886287,24.311768512157833,25.152509689331055,50000,0.0,0.0
2024-12-03 00:00:00-05:00,25.21725989996453,25.550965560686596,24.75405510225748,25.371660232543945,46900,0.0,0.0
2024-12-04 00:00:00-05:00,25.272046380597253,27.03521090483739,24.206176091952724,25.052894592285156,44500,0.0,0.0
2024-12-05 00:00:00-05:00,24.91343553176355,25.640616514061954,24.853667726365067,25.212276458740234,36800,0.0,0.0
2024-12-06 00:00:00-05:00,25.501159241798273,25.640618096328744,25.05289592368691,25.12262535095215,33500,0.0,0.0
2024-12-09 00:00:00-05:00,24.90347568660045,25.40154520033246,24.90347568660045,25.291969299316406,27100,0.0,0.0
2024-12-10 00:00:00-05:00,25.401544682267758,26.009190084622887,25.242162593122867,25.321853637695312,46900,0.0,0.0
2024-12-11 00:00:00-05:00,25.401544863140845,25.677475795682057,24.843707547161618,25.531042098999023,54000,0.0,0.0
2024-12-12 00:00:00-05:00,22.970963761008964,25.416484818544987,22.970963761008964,25.25212287902832,24600,0.0,0.0
2024-12-13 00:00:00-05:00,25.00308944093822,25.3915830454439,24.415367275156388,24.993127822875977,62400,0.0,0.0
2024-12-16 00:00:00-05:00,24.993128351070965,25.529051254245736,24.803861403857166,25.291969299316406,65300,0.0,0.0
2024-12-17 00:00:00-05:00,24.903475588524266,25.70038604736328,24.903475588524266,25.70038604736328,68800,0.0,0.0
2024-12-18 00:00:00-05:00,25.700384553938523,26.138686230822895,25.321852582982224,25.750192642211914,106700,0.0,0.0
2024-12-19 00:00:00-05:00,25.471274514843685,25.879691362286657,25.142548713243624,25.371660232543945,84600,0.0,0.0
2024-12-20 00:00:00-05:00,25.10270418969427,25.14753052181811,23.38934385072469,23.648340225219727,40800,0.0,0.0
2024-12-23 00:00:00-05:00,23.397313882507024,23.508880964988954,22.572509765625,22.572509765625,7300,0.0,0.0
2024-12-24 00:00:00-05:00,22.144169208136066,22.517721327976357,21.078300796855938,22.233821868896484,9700,0.0,0.0
2024-12-26 00:00:00-05:00,21.8552894649924,22.771737390506676,21.8552894649924,22.55258560180664,7500,0.0,0.0
2024-12-27 00:00:00-05:00,22.054516496724936,22.27366828918457,21.25959725313318,22.27366828918457,10600,0.0,0.0
2024-12-30 00:00:00-05:00,22.413127899169922,22.582471608185248,22.03459590842152,22.413127899169922,10700,0.0,0.0
2024-12-31 00:00:00-05:00,22.562547376107396,23.03073390977369,22.034594935994253,22.965984344482422,6200,0.0,0.0
2025-01-02 00:00:00-05:00,22.871350522206193,23.575621524621546,21.76563752447602,22.36332130432129,9300,0.0,0.0
2025-01-03 00:00:00-05:00,22.413126311462833,22.801619892866558,21.954903307754257,22.174053192138672,4700,0.0,0.0
2025-01-06 00:00:00-05:00,22.492818071487463,22.532664542642888,21.925019157412876,22.35335922241211,8600,0.0,0.0
2025-01-07 00:00:00-05:00,22.28362995819912,22.383242336835732,21.937969608374576,22.233821868896484,8600,0.0,0.0
2025-01-08 00:00:00-05:00,21.775599359704255,22.31351343694216,21.745714505419336,22.20393943786621,10400,0.0,0.0
2025-01-10 00:00:00-05:00,21.63115783039907,22.154130408318863,21.486717224121094,21.486717224121094,6800,0.0,0.0
2025-01-13 00:00:00-05:00,21.486718604471818,21.486718604471818,20.928881278853048,21.187877655029297,11300,0.0,0.0
2025-01-14 00:00:00-05:00,20.978686182510078,22.45297330254128,20.978686182510078,22.144168853759766,19000,0.0,0.0
2025-01-15 00:00:00-05:00,22.4131269770845,23.267814021545618,22.14416899736325,23.09050178527832,9000,0.0,0.0
2025-01-16 00:00:00-05:00,22.323474166982425,23.90733528137207,22.323474166982425,23.90733528137207,11200,0.0,0.0
2025-01-17 00:00:00-05:00,23.409265673139586,24.41038449678502,23.409265673139586,24.35559844970703,20000,0.0,0.0
2025-01-21 00:00:00-05:00,23.000849945503486,24.6245556995239,23.000849945503486,24.544864654541016,17000,0.0,0.0
2025-01-22 00:00:00-05:00,24.18625563261958,24.903475029474066,24.18625563261958,24.74409294128418,12700,0.0,0.0
2025-01-23 00:00:00-05:00,24.475134994338756,25.702378595362426,17.402547694594734,25.40154457092285,40700,0.0,0.0
2025-01-24 00:00:00-05:00,24.764016517457954,25.85976791381836,24.764016517457954,25.85976791381836,19700,0.0,0.0
2025-01-27 00:00:00-05:00,25.89961378357069,26.796138496082037,25.401544287732793,26.29806900024414,42100,0.0,0.0
2025-01-28 00:00:00-05:00,26.02911020390067,26.397682455307486,25.36169702431428,26.198453903198242,10000,0.0,0.0
2025-01-29 00:00:00-05:00,26.27814508458678,26.766254849866517,25.16247050676413,26.44748878479004,23500,0.0,0.0
2025-01-30 00:00:00-05:00,24.917420163131776,26.89575222060224,24.917420163131776,26.696523666381836,14300,0.0,0.0
2025-01-31 00:00:00-05:00,26.82602260484095,26.82602260484095,26.43752901687124,26.487335205078125,12100,0.0,0.0
2025-02-03 00:00:00-05:00,26.14864799225218,26.75131161379166,25.889651631759374,26.696523666381836,11500,0.0,0.0
2025-02-04 00:00:00-05:00,26.357836780265334,26.796138468141276,26.357836780265334,26.666641235351562,11200,0.0,0.0
2025-02-05 00:00:00-05:00,25.600773297582094,26.786177350594517,25.600773297582094,26.30803108215332,12000,0.0,0.0
2025-02-06 00:00:00-05:00,26.77621437317876,26.77621437317876,26.238300323486328,26.238300323486328,9400,0.0,0.0
2025-02-07 00:00:00-05:00,25.989267336961735,26.28810828472914,25.660541534423828,25.660541534423828,11900,0.0,0.0
2025-02-10 00:00:00-05:00,25.6904250248027,26.327953359506385,25.650578553891567,25.959381103515625,11700,0.0,0.0
2025-02-11 00:00:00-05:00,26.078918835833903,26.288107109925676,25.799999237060547,25.799999237060547,11000,0.0,0.0
2025-02-12 00:00:00-05:00,25.829999923706055,25.8700008392334,25.68000030517578,25.739999771118164,8600,0.1,0.0
2025-02-13 00:00:00-05:00,25.670000076293945,25.700000762939453,25.670000076293945,25.700000762939453,4900,0.0,0.0
2025-02-14 00:00:00-05:00,25.350000381469727,25.93000030517578,25.350000381469727,25.6200008392334,10400,0.0,0.0
2025-02-18 00:00:00-05:00,25.579999923706055,25.719999313354492,25.34000015258789,25.540000915527344,7000,0.0,0.0
2025-02-19 00:00:00-05:00,25.25,25.68000030517578,24.915000915527344,25.530000686645508,11000,0.0,0.0
2025-02-20 00:00:00-05:00,24.889999389648438,25.18000030517578,24.8700008392334,25.079999923706055,3400,0.0,0.0
2025-02-21 00:00:00-05:00,24.850000381469727,24.950000762939453,24.0,24.25,10900,0.0,0.0
2025-02-24 00:00:00-05:00,24.190000534057617,24.690000534057617,23.299999237060547,24.31999969482422,21100,0.0,0.0
2025-02-25 00:00:00-05:00,24.440000534057617,24.760000228881836,23.510000228881836,23.510000228881836,14200,0.0,0.0
2025-02-26 00:00:00-05:00,23.799999237060547,24.299999237060547,23.299999237060547,24.190000534057617,13900,0.0,0.0
2025-02-27 00:00:00-05:00,24.18000030517578,24.690000534057617,22.56999969482422,23.90999984741211,24600,0.0,0.0
2025-02-28 00:00:00-05:00,23.709999084472656,24.549999237060547,23.709999084472656,24.06999969482422,11400,0.0,0.0
2025-03-03 00:00:00-05:00,24.0,24.190000534057617,23.709999084472656,23.84000015258789,10300,0.0,0.0
2025-03-04 00:00:00-05:00,23.700000762939453,23.739999771118164,23.280000686645508,23.479999542236328,8200,0.0,0.0
2025-03-05 00:00:00-05:00,23.190000534057617,23.420000076293945,22.969999313354492,22.969999313354492,8400,0.0,0.0
2025-03-06 00:00:00-05:00,23.3700008392334,23.3700008392334,22.725000381469727,22.729999542236328,4600,0.0,0.0
2025-03-07 00:00:00-05:00,22.510000228881836,22.579999923706055,21.479999542236328,21.479999542236328,11200,0.0,0.0
2025-03-10 00:00:00-04:00,21.389999389648438,22.270000457763672,20.979999542236328,20.979999542236328,9000,0.0,0.0
2025-03-11 00:00:00-04:00,21.5,21.860000610351562,20.639999389648438,20.639999389648438,8500,0.0,0.0
2025-03-12 00:00:00-04:00,21.209999084472656,24.0,21.03499984741211,22.1299991607666,25300,0.0,0.0
2025-03-13 00:00:00-04:00,22.5,24.17300033569336,20.600000381469727,22.100000381469727,26200,0.0,0.0
2025-03-14 00:00:00-04:00,22.719999313354492,22.885000228881836,22.540000915527344,22.700000762939453,7600,0.0,0.0
2025-03-17 00:00:00-04:00,22.545000076293945,22.81999969482422,21.100000381469727,22.81999969482422,5500,0.0,0.0
2025-03-18 00:00:00-04:00,22.700000762939453,22.780000686645508,21.93000030517578,22.639999389648438,9100,0.0,0.0
2025-03-19 00:00:00-04:00,22.200000762939453,22.709999084472656,22.149999618530273,22.709999084472656,14600,0.0,0.0
2025-03-20 00:00:00-04:00,22.920000076293945,22.920000076293945,22.200000762939453,22.6299991607666,13900,0.0,0.0
2025-03-21 00:00:00-04:00,22.405000686645508,22.600000381469727,22.200000762939453,22.600000381469727,17000,0.0,0.0
2025-03-24 00:00:00-04:00,22.5,22.649999618530273,22.5,22.649999618530273,4300,0.0,0.0
2025-03-25 00:00:00-04:00,22.450000762939453,22.450000762939453,22.420000076293945,22.420000076293945,3700,0.0,0.0
2025-03-26 00:00:00-04:00,22.5,23.0,22.28499984741211,22.75,5700,0.0,0.0
2025-03-27 00:00:00-04:00,22.600000381469727,22.979999542236328,22.350000381469727,22.350000381469727,10400,0.0,0.0
2025-03-28 00:00:00-04:00,22.610000610351562,23.0,22.299999237060547,22.649999618530273,5300,0.0,0.0
2025-03-31 00:00:00-04:00,22.299999237060547,22.450000762939453,21.93000030517578,21.93000030517578,7400,0.0,0.0
2025-04-01 00:00:00-04:00,21.549999237060547,21.834999084472656,21.190000534057617,21.670000076293945,13569,0.0,0.0
