Date,Open,High,Low,Close,Volume,Dividends,Stock Splits
2022-02-04 00:00:00-05:00,10.780322074890137,11.858353988638685,10.356809275077792,10.780322074890137,264100,0.0,0.0
2022-02-07 00:00:00-05:00,10.780322074890137,10.795722887485681,10.241306118015862,10.780322074890137,56700,0.0,0.0
2022-02-08 00:00:00-05:00,10.780322074890137,10.84962426286776,10.780322074890137,10.780322074890137,5900,0.0,0.0
2022-02-09 00:00:00-05:00,10.841923706856587,10.841923706856587,10.549314880742278,10.753371238708496,52600,0.0,0.0
2022-02-10 00:00:00-05:00,10.780323541324185,10.812664370952714,10.775703737527792,10.788023948669434,24900,0.0,0.0
2022-02-11 00:00:00-05:00,10.780322229168407,11.011329280949393,10.780322229168407,10.94202709197998,18300,0.0,0.0
2022-02-14 00:00:00-05:00,10.895826565358568,10.895826565358568,10.780323394161623,10.803423881530762,28600,0.0,0.0
2022-02-15 00:00:00-05:00,10.895825091464031,10.895825091464031,10.795722748288341,10.8881254196167,10400,0.0,0.0
2022-02-16 00:00:00-05:00,10.93432742009291,10.93432742009291,10.780322953343955,10.857325553894043,12100,0.0,0.0
2022-02-17 00:00:00-05:00,10.818823372027834,10.86502434111214,10.780322074890137,10.780322074890137,10300,0.0,0.0
2022-02-18 00:00:00-05:00,11.011330242877959,11.165334712735092,10.876576056371253,10.89582633972168,12300,0.0,0.0
2022-02-22 00:00:00-05:00,11.030580154838002,11.030580154838002,10.780322807952212,10.872725486755371,2600,0.0,0.0
2022-02-23 00:00:00-05:00,10.818823372027834,10.818823372027834,10.433811869353185,10.780322074890137,10500,0.0,0.0
2022-02-24 00:00:00-05:00,10.677908886541326,10.765691757202148,10.664819076861315,10.765691757202148,2100,0.0,0.0
2022-02-25 00:00:00-05:00,10.818823372027834,10.818823372027834,10.780322074890137,10.780322074890137,1600,0.0,0.0
2022-02-28 00:00:00-05:00,10.780322074890137,10.780322074890137,10.780322074890137,10.780322074890137,0,0.0,0.0
2022-03-01 00:00:00-05:00,10.664820148928406,10.834224700927734,10.664820148928406,10.834224700927734,7100,0.0,0.0
2022-03-02 00:00:00-05:00,10.664818847352073,10.81112289428711,10.613997341084481,10.81112289428711,3300,0.0,0.0
2022-03-03 00:00:00-05:00,10.772622109067507,10.81882381439209,10.772622109067507,10.81882381439209,7300,0.0,0.0
2022-03-04 00:00:00-05:00,10.81882381439209,10.81882381439209,10.780322515680135,10.81882381439209,3700,0.0,0.0
2022-03-07 00:00:00-05:00,10.818823654132414,10.818823654132414,10.433812141418457,10.433812141418457,7800,0.0,0.0
2022-03-08 00:00:00-05:00,10.433812141418457,10.433812141418457,10.433812141418457,10.433812141418457,0,0.0,0.0
2022-03-09 00:00:00-05:00,10.433812141418457,10.433812141418457,10.433812141418457,10.433812141418457,0,0.0,0.0
2022-03-10 00:00:00-05:00,10.433812141418457,10.433812141418457,10.433812141418457,10.433812141418457,0,0.0,0.0
2022-03-11 00:00:00-05:00,11.14223289156496,11.14223289156496,11.096031188964844,11.096031188964844,500,0.0,0.0
2022-03-14 00:00:00-04:00,10.788022304455405,10.788022304455405,10.395310401916504,10.395310401916504,2400,0.0,0.0
2022-03-15 00:00:00-04:00,10.780322766652708,10.780322766652708,10.048801011500087,10.104242324829102,2800,0.0,0.0
2022-03-16 00:00:00-04:00,10.048801508735139,10.202805980437532,9.794693946838379,9.794693946838379,10100,0.0,0.0
2022-03-17 00:00:00-04:00,9.817793417630346,10.048800468444824,9.817793417630346,10.048800468444824,800,0.0,0.0
2022-03-18 00:00:00-04:00,10.507733335064273,10.549314498901367,10.507733335064273,10.549314498901367,2700,0.0,0.0
2022-03-21 00:00:00-04:00,10.549314498901367,10.587815794113824,10.54161409298865,10.549314498901367,10100,0.0,0.0
2022-03-22 00:00:00-04:00,10.549315832675452,10.557016239561749,9.494384322843029,9.679189682006836,5300,0.0,0.0
2022-03-23 00:00:00-04:00,9.77929211811879,10.002598762512207,9.386580205248965,10.002598762512207,1800,0.0,0.0
2022-03-24 00:00:00-04:00,10.002598762512207,10.002598762512207,10.002598762512207,10.002598762512207,0,0.0,0.0
2022-03-25 00:00:00-04:00,10.087302281694207,10.703320136225683,10.087302281694207,10.680219650268555,3600,0.0,0.0
2022-03-28 00:00:00-04:00,10.395310401916504,10.395310401916504,10.395310401916504,10.395310401916504,300,0.0,0.0
2022-03-29 00:00:00-04:00,10.395310833892111,10.495413915229511,9.209475405177725,10.16430377960205,19700,0.0,0.0
2022-03-30 00:00:00-04:00,10.703319675962803,10.703319675962803,10.24130630493164,10.24130630493164,400,0.0,0.0
2022-03-31 00:00:00-04:00,10.24130630493164,10.24130630493164,10.24130630493164,10.24130630493164,0,0.0,0.0
2022-04-01 00:00:00-04:00,10.24130630493164,10.24130630493164,10.24130630493164,10.24130630493164,0,0.0,0.0
2022-04-04 00:00:00-04:00,10.269796571853442,10.395310401916504,10.269796571853442,10.395310401916504,600,0.0,0.0
2022-04-05 00:00:00-04:00,10.333708979137873,10.333708979137873,10.24130630493164,10.24130630493164,1300,0.0,0.0
2022-04-06 00:00:00-04:00,10.24130630493164,10.24130630493164,10.24130630493164,10.24130630493164,600,0.0,0.0
2022-04-07 00:00:00-04:00,10.233606338500977,10.233606338500977,10.233606338500977,10.233606338500977,300,0.0,0.0
2022-04-08 00:00:00-04:00,9.702290534973145,9.702290534973145,9.702290534973145,9.702290534973145,400,0.0,0.0
2022-04-11 00:00:00-04:00,9.702290534973145,9.702290534973145,9.702290534973145,9.702290534973145,0,0.0,0.0
2022-04-12 00:00:00-04:00,9.740792274475098,9.740792274475098,9.740792274475098,9.740792274475098,300,0.0,0.0
2022-04-13 00:00:00-04:00,9.740792274475098,9.740792274475098,9.740792274475098,9.740792274475098,0,0.0,0.0
2022-04-14 00:00:00-04:00,9.740792274475098,9.740792274475098,9.740792274475098,9.740792274475098,0,0.0,0.0
2022-04-18 00:00:00-04:00,9.93329693221167,9.93329693221167,9.625288009643555,9.625288009643555,1800,0.0,0.0
2022-04-19 00:00:00-04:00,9.625288448481337,9.663789749145508,9.625288448481337,9.663789749145508,800,0.0,0.0
2022-04-20 00:00:00-04:00,9.663789749145508,9.663789749145508,9.663789749145508,9.663789749145508,0,0.0,0.0
2022-04-21 00:00:00-04:00,9.240275249406945,9.240275249406945,8.34704875946045,8.34704875946045,1200,0.0,0.0
2022-04-22 00:00:00-04:00,8.470252756525689,8.601156721510995,7.70793018468265,7.942786693572998,6300,0.0,0.0
2022-04-25 00:00:00-04:00,8.085243736827998,8.092944145202637,8.085243736827998,8.092944145202637,1900,0.0,0.0
2022-04-26 00:00:00-04:00,8.092944145202637,8.092944145202637,8.092944145202637,8.092944145202637,0,0.0,0.0
2022-04-27 00:00:00-04:00,8.847563743591309,8.847563743591309,8.847563743591309,8.847563743591309,400,0.0,0.0
2022-04-28 00:00:00-04:00,8.847563743591309,8.847563743591309,8.847563743591309,8.847563743591309,200,0.0,0.0
2022-04-29 00:00:00-04:00,8.651210039753165,8.7882745104554,8.116044172265557,8.14222526550293,2300,0.0,0.0
2022-05-02 00:00:00-04:00,8.354749476866324,8.493353111421168,6.807003138586754,6.87245512008667,25500,0.0,0.0
2022-05-03 00:00:00-04:00,6.96100799032617,7.153513743083366,6.730000940147301,6.814703941345215,19700,0.0,0.0
2022-05-04 00:00:00-04:00,7.530825320991417,7.530825320991417,7.523125648498535,7.523125648498535,2200,0.0,0.0
2022-05-05 00:00:00-04:00,8.239247496336123,8.239247496336123,7.007210906187067,7.084212779998779,16300,0.0,0.0
2022-05-06 00:00:00-04:00,6.930206775665283,6.930206775665283,6.930206775665283,6.930206775665283,1600,0.0,0.0
2022-05-09 00:00:00-04:00,6.930207123263354,7.121172942281323,6.54519561641539,6.552896022796631,15400,0.0,0.0
2022-05-10 00:00:00-04:00,6.6606988553298985,6.81547364745036,6.583696993639215,6.69920015335083,11600,0.0,0.0
2022-05-11 00:00:00-04:00,6.69920015335083,6.69920015335083,6.69920015335083,6.69920015335083,400,0.0,0.0
2022-05-12 00:00:00-04:00,6.745402152672227,7.105772526082231,6.745402152672227,6.7993035316467285,8300,0.0,0.0
2022-05-13 00:00:00-04:00,6.799303159734944,7.476923500661736,6.799303159734944,7.438422203063965,1500,0.0,0.0
2022-05-16 00:00:00-04:00,7.438422203063965,7.438422203063965,7.438422203063965,7.438422203063965,0,0.0,0.0
2022-05-17 00:00:00-04:00,7.854234084754635,9.964096829554691,7.854234084754635,8.924566268920898,8100,0.0,0.0
2022-05-18 00:00:00-04:00,9.871695374046134,9.879395780874697,9.247977107956666,9.532885551452637,1900,0.0,0.0
2022-05-19 00:00:00-04:00,9.240276862476891,9.240276862476891,8.2161462356338,8.755162239074707,11500,0.0,0.0
2022-05-20 00:00:00-04:00,8.462552028682543,9.240275382995605,8.439451545843365,9.240275382995605,23600,0.0,0.0
2022-05-23 00:00:00-04:00,8.716661096877942,8.770563212246584,7.507725087079135,8.470253944396973,35100,0.0,0.0
2022-05-24 00:00:00-04:00,8.462553024291992,8.462553024291992,8.462553024291992,8.462553024291992,200,0.0,0.0
2022-05-25 00:00:00-04:00,8.008238149773762,8.085240736240294,7.854233711191783,7.892735004425049,3200,0.0,0.0
2022-05-26 00:00:00-04:00,8.708961284047682,8.708961284047682,7.838835122905689,8.08524227142334,400,0.0,0.0
2022-05-27 00:00:00-04:00,7.931237172131159,8.755161560151327,7.692529715246656,7.700230121612549,15500,0.0,0.0
2022-05-31 00:00:00-04:00,8.085241591320862,8.239246046190074,7.507724334797944,7.738731384277344,18300,0.0,0.0
2022-06-01 00:00:00-04:00,7.738731384277344,7.738731384277344,7.738731384277344,7.738731384277344,0,0.0,0.0
2022-06-02 00:00:00-04:00,7.546225666050532,7.700230121612549,7.161214159969904,7.700230121612549,32800,0.0,0.0
2022-06-03 00:00:00-04:00,8.085240872127422,8.085240872127422,8.04673957824707,8.04673957824707,900,0.0,0.0
2022-06-06 00:00:00-04:00,8.04674097087965,8.08524227142334,8.04674097087965,8.08524227142334,1100,0.0,0.0
2022-06-07 00:00:00-04:00,8.08524227142334,8.08524227142334,8.08524227142334,8.08524227142334,300,0.0,0.0
2022-06-08 00:00:00-04:00,7.700230121612549,7.700230121612549,7.700230121612549,7.700230121612549,300,0.0,0.0
2022-06-09 00:00:00-04:00,7.515424388914515,7.515424388914515,7.497714042663574,7.497714042663574,2400,0.0,0.0
2022-06-10 00:00:00-04:00,7.338318970710122,7.85038423538208,7.338318970710122,7.85038423538208,1200,0.0,0.0
2022-06-13 00:00:00-04:00,7.700230868648256,8.023640623879581,7.361421033542278,7.392221927642822,23400,0.0,0.0
2022-06-14 00:00:00-04:00,7.3306191684382025,7.931236891017438,6.945607676003871,7.519274711608887,22600,0.0,0.0
2022-06-15 00:00:00-04:00,7.476923715221149,8.431752104419747,6.968708628529998,7.122713088989258,56200,0.0,0.0
2022-06-16 00:00:00-04:00,6.945608248826212,7.369120337951202,6.699200373987566,6.876306056976318,31600,0.0,0.0
2022-06-17 00:00:00-04:00,6.907106844942923,7.538525500056023,6.907106844942923,7.168914794921875,5300,0.0,0.0
2022-06-21 00:00:00-04:00,6.722300192858838,7.27671693829962,6.622197852731,6.660698413848877,62600,0.0,0.0
2022-06-22 00:00:00-04:00,6.660699304572357,6.660699304572357,5.929177530240614,6.291088581085205,13200,0.0,0.0
2022-06-23 00:00:00-04:00,6.27568693251376,6.545195266645498,5.990778887969246,6.006179332733154,74700,0.0,0.0
2022-06-24 00:00:00-04:00,6.35269005234177,7.199715686394483,6.235646221782018,7.122713088989258,104500,0.0,0.0
2022-06-27 00:00:00-04:00,7.276717662811279,7.367580406050457,7.276717662811279,7.276717662811279,8000,0.0,0.0
2022-06-28 00:00:00-04:00,6.930207589093376,6.930207589093376,6.514395163121822,6.545196056365967,8800,0.0,0.0
2022-06-29 00:00:00-04:00,6.7377020452161265,6.760802532324234,6.622198875324348,6.629898548126221,16600,0.0,0.0
2022-06-30 00:00:00-04:00,7.145813164993471,7.530824661254883,6.737701184574697,7.530824661254883,11000,0.0,0.0
2022-07-01 00:00:00-04:00,7.53082528505448,7.68482974944544,7.168914977323525,7.469223499298096,9900,0.0,0.0
2022-07-05 00:00:00-04:00,7.469223499298096,7.469223499298096,7.469223499298096,7.469223499298096,0,0.0,0.0
2022-07-06 00:00:00-04:00,7.2998180755546365,7.307518482208252,7.2998180755546365,7.307518482208252,600,0.0,0.0
2022-07-07 00:00:00-04:00,7.122713088989257,7.122713088989257,7.122713088989257,7.122713088989258,300,0.0,0.0
2022-07-08 00:00:00-04:00,7.122713088989257,7.122713088989257,7.122713088989257,7.122713088989258,0,0.0,0.0
2022-07-11 00:00:00-04:00,7.122713088989257,7.122713088989257,7.122713088989257,7.122713088989258,0,0.0,0.0
2022-07-12 00:00:00-04:00,7.122713088989257,7.122713088989257,7.122713088989257,7.122713088989258,0,0.0,0.0
2022-07-13 00:00:00-04:00,7.122713088989257,7.122713088989257,7.122713088989257,7.122713088989258,0,0.0,0.0
2022-07-14 00:00:00-04:00,7.238216400146484,7.238216400146484,7.238216400146484,7.238216400146484,300,0.0,0.0
2022-07-15 00:00:00-04:00,7.238216400146484,7.238216400146484,7.238216400146484,7.238216400146484,0,0.0,0.0
2022-07-18 00:00:00-04:00,7.084211469412333,7.460752964019775,7.084211469412333,7.460752964019775,1200,0.0,0.0
2022-07-19 00:00:00-04:00,7.460752964019775,7.460752964019775,7.460752964019775,7.460752964019775,0,0.0,0.0
2022-07-20 00:00:00-04:00,7.654028934560771,7.654028934560771,7.261317729949951,7.261317729949951,800,0.0,0.0
2022-07-21 00:00:00-04:00,7.261317729949951,7.261317729949951,7.261317729949951,7.261317729949951,0,0.0,0.0
2022-07-22 00:00:00-04:00,7.261317729949951,7.261317729949951,7.261317729949951,7.261317729949951,0,0.0,0.0
2022-07-25 00:00:00-04:00,7.6848297119140625,7.6848297119140625,7.6848297119140625,7.6848297119140625,200,0.0,0.0
2022-07-26 00:00:00-04:00,7.530824661254883,7.530824661254883,7.530824661254883,7.530824661254883,100,0.0,0.0
2022-07-27 00:00:00-04:00,7.530824661254883,7.530824661254883,7.530824661254883,7.530824661254883,0,0.0,0.0
2022-07-28 00:00:00-04:00,7.530824661254883,7.530824661254883,7.530824661254883,7.530824661254883,0,0.0,0.0
2022-07-29 00:00:00-04:00,7.238215181176871,7.6232266426086435,7.238215181176871,7.623226642608643,900,0.0,0.0
2022-08-01 00:00:00-04:00,7.6232266426086435,7.6232266426086435,7.6232266426086435,7.623226642608643,0,0.0,0.0
2022-08-02 00:00:00-04:00,7.677130222320557,7.677130222320557,7.677130222320557,7.677130222320557,200,0.0,0.0
2022-08-03 00:00:00-04:00,7.677130222320557,7.677130222320557,7.677130222320557,7.677130222320557,0,0.0,0.0
2022-08-04 00:00:00-04:00,7.677130222320557,7.677130222320557,7.677130222320557,7.677130222320557,0,0.0,0.0
2022-08-05 00:00:00-04:00,7.430723667144776,7.430723667144776,7.430723667144776,7.430723667144775,1300,0.0,0.0
2022-08-08 00:00:00-04:00,7.654027912983185,7.654027912983185,7.564705848693848,7.564705848693848,500,0.0,0.0
2022-08-09 00:00:00-04:00,7.168914794921875,7.168914794921875,7.168914794921875,7.168914794921875,10000,0.0,0.0
2022-08-10 00:00:00-04:00,7.315219461071215,7.315219461071215,6.9302079104885195,6.9648590087890625,58300,0.0,0.0
2022-08-11 00:00:00-04:00,6.660699054035342,7.048791180320543,6.660699054035342,6.96177864074707,33000,0.0,0.0
2022-08-12 00:00:00-04:00,6.86860499640746,7.007209366913129,6.86860499640746,6.930206775665283,50400,0.0,0.0
2022-08-15 00:00:00-04:00,7.007209998914398,7.053410970349202,6.9148065873423885,7.045710563659668,87900,0.0,0.0
2022-08-16 00:00:00-04:00,7.04571052780564,7.13041353225708,7.04571052780564,7.13041353225708,9400,0.0,0.0
2022-08-17 00:00:00-04:00,7.13041353225708,7.13041353225708,7.13041353225708,7.13041353225708,600,0.0,0.0
2022-08-18 00:00:00-04:00,7.007209777832031,7.007209777832031,6.984108558492289,7.007209777832031,700,0.0,0.0
2022-08-19 00:00:00-04:00,7.122713088989257,7.122713088989257,7.122713088989257,7.122713088989258,1100,0.0,0.0
2022-08-22 00:00:00-04:00,7.084211862902592,7.091912269592285,7.084211862902592,7.091912269592285,1700,0.0,0.0
2022-08-23 00:00:00-04:00,7.165065592005067,7.165065592005067,7.084212779998779,7.084212779998779,2300,0.0,0.0
2022-08-24 00:00:00-04:00,7.307518285736916,7.307518285736916,7.007209777832031,7.007209777832031,4000,0.0,0.0
2022-08-25 00:00:00-04:00,7.007209777832031,7.007209777832031,7.007209777832031,7.007209777832031,0,0.0,0.0
2022-08-26 00:00:00-04:00,7.007209777832031,7.007209777832031,7.007209777832031,7.007209777832031,400,0.0,0.0
2022-08-29 00:00:00-04:00,7.31521942537231,7.546226501464844,7.307519018153934,7.546226501464844,1400,0.0,0.0
2022-08-30 00:00:00-04:00,7.677130526729786,7.977439066296985,7.392222067328243,7.507725238800049,16800,0.0,0.0
2022-08-31 00:00:00-04:00,7.507725238800049,7.507725238800049,7.507725238800049,7.507725238800049,300,0.0,0.0
2022-09-01 00:00:00-04:00,7.62322749236206,7.738731384277344,7.62322749236206,7.738731384277344,5400,0.0,0.0
2022-09-02 00:00:00-04:00,7.738731430548307,7.923536777496338,7.738731430548307,7.923536777496338,5900,0.0,0.0
2022-09-06 00:00:00-04:00,7.923536936378122,8.087552070617676,7.923536936378122,8.087552070617676,4900,0.0,0.0
2022-09-07 00:00:00-04:00,8.087552070617676,8.087552070617676,8.087552070617676,8.087552070617676,0,0.0,0.0
2022-09-08 00:00:00-04:00,8.019789695739746,8.019789695739746,8.019789695739746,8.019789695739746,400,0.0,0.0
2022-09-09 00:00:00-04:00,8.123744010925293,8.123744010925293,8.123744010925293,8.123744010925293,400,0.0,0.0
2022-09-12 00:00:00-04:00,8.123742937198957,8.65505849326234,7.923536777496338,7.923536777496338,4100,0.0,0.0
2022-09-13 00:00:00-04:00,8.246946334838867,8.246946334838867,8.246946334838867,8.246946334838867,100,0.0,0.0
2022-09-14 00:00:00-04:00,8.270047187805176,8.270047187805176,8.270047187805176,8.270047187805176,100,0.0,0.0
2022-09-15 00:00:00-04:00,8.270047187805176,8.270047187805176,8.270047187805176,8.270047187805176,400,0.0,0.0
2022-09-16 00:00:00-04:00,8.02749068778342,8.112192961498554,8.02749068778342,8.08524227142334,2100,0.0,0.0
2022-09-19 00:00:00-04:00,7.869634522225525,7.89273500442505,7.861934116708654,7.892735004425049,1300,0.0,0.0
2022-09-20 00:00:00-04:00,7.854235176135028,7.854235176135028,7.677130222320557,7.677130222320557,2400,0.0,0.0
2022-09-21 00:00:00-04:00,7.677130222320557,7.677130222320557,7.677130222320557,7.677130222320557,300,0.0,0.0
2022-09-22 00:00:00-04:00,7.677130222320557,7.677130222320557,7.677130222320557,7.677130222320557,0,0.0,0.0
2022-09-23 00:00:00-04:00,7.361420594794864,7.361420594794864,7.353720188140869,7.353720188140869,2000,0.0,0.0
2022-09-26 00:00:00-04:00,7.392221927642822,7.392221927642822,7.392221927642822,7.392221927642822,1100,0.0,0.0
2022-09-27 00:00:00-04:00,7.811885478338728,8.200746536254883,7.5462272768190966,8.200746536254883,900,0.0,0.0
2022-09-28 00:00:00-04:00,7.476923096331438,7.507723985873798,7.453822612762451,7.453822612762451,2100,0.0,0.0
2022-09-29 00:00:00-04:00,7.453822612762451,7.453822612762451,7.453822612762451,7.453822612762451,0,0.0,0.0
2022-09-30 00:00:00-04:00,7.592426635543553,7.700230121612549,7.592426635543553,7.700230121612549,700,0.0,0.0
2022-10-03 00:00:00-04:00,7.700230121612549,7.700230121612549,7.700230121612549,7.700230121612549,0,0.0,0.0
2022-10-04 00:00:00-04:00,7.854236072440909,7.854236072440909,7.707931995391846,7.707931995391846,1200,0.0,0.0
2022-10-05 00:00:00-04:00,7.7079305279784425,7.946637250511777,7.700230121612549,7.700230121612549,2000,0.0,0.0
2022-10-06 00:00:00-04:00,8.139142312844353,8.139142312844353,8.00823835313768,8.015938758850098,4200,0.0,0.0
2022-10-07 00:00:00-04:00,8.01593890334009,8.01593890334009,8.00053882598877,8.00053882598877,5100,0.0,0.0
2022-10-10 00:00:00-04:00,8.123744010925293,8.162245313549361,8.123744010925293,8.123744010925293,800,0.0,0.0
2022-10-11 00:00:00-04:00,7.969738006591796,7.969738006591796,7.969738006591796,7.969738006591797,300,0.0,0.0
2022-10-12 00:00:00-04:00,7.969738006591796,7.969738006591796,7.969738006591796,7.969738006591797,100,0.0,0.0
2022-10-13 00:00:00-04:00,7.969738006591796,7.969738006591796,7.969738006591796,7.969738006591797,100,0.0,0.0
2022-10-14 00:00:00-04:00,7.969738006591796,7.969738006591796,7.969738006591796,7.969738006591797,100,0.0,0.0
2022-10-17 00:00:00-04:00,7.986678123474122,7.986678123474122,7.986678123474122,7.986678123474121,200,0.0,0.0
2022-10-18 00:00:00-04:00,7.946638888963493,7.946638888963493,7.8696370124816895,7.8696370124816895,2600,0.0,0.0
2022-10-19 00:00:00-04:00,7.8696370124816895,7.8696370124816895,7.8696370124816895,7.8696370124816895,0,0.0,0.0
2022-10-20 00:00:00-04:00,7.815733101100001,7.815733101100001,7.777232538852645,7.800333023071289,5100,0.0,0.0
2022-10-21 00:00:00-04:00,7.931238174438477,7.931238174438477,7.931238174438477,7.931238174438477,1100,0.0,0.0
2022-10-24 00:00:00-04:00,7.892735443940061,7.892735443940061,7.778772226478347,7.885035037994385,900,0.0,0.0
2022-10-25 00:00:00-04:00,7.885035037994385,7.885035037994385,7.885035037994385,7.885035037994385,0,0.0,0.0
2022-10-26 00:00:00-04:00,7.7772328417273835,8.07754135131836,7.7387315436294895,8.07754135131836,1300,0.0,0.0
2022-10-27 00:00:00-04:00,8.077542157603137,8.077542157603137,7.461523529600574,7.507725238800049,5300,0.0,0.0
2022-10-28 00:00:00-04:00,7.6848285907335345,8.062140389539652,7.6848285907335345,8.04673957824707,500,0.0,0.0
2022-10-31 00:00:00-04:00,8.04673957824707,8.04673957824707,8.04673957824707,8.04673957824707,0,0.0,0.0
2022-11-01 00:00:00-04:00,7.93585637377526,7.93585637377526,7.723330020904541,7.723330020904541,200,0.0,0.0
2022-11-02 00:00:00-04:00,7.723330020904541,7.723330020904541,7.723330020904541,7.723330020904541,0,0.0,0.0
2022-11-03 00:00:00-04:00,7.74643128115679,7.7772321701049805,7.74643128115679,7.7772321701049805,3500,0.0,0.0
2022-11-04 00:00:00-04:00,7.838835270226339,8.000540148067886,7.838835270226339,7.977438926696777,5600,0.0,0.0
2022-11-07 00:00:00-05:00,8.015939198554248,8.015939198554248,8.008238792419434,8.008238792419434,900,0.0,0.0
2022-11-08 00:00:00-05:00,8.008238792419434,8.008238792419434,8.008238792419434,8.008238792419434,0,0.0,0.0
2022-11-09 00:00:00-05:00,7.75798254654038,7.769533157348633,7.430722583819062,7.769533157348633,1100,0.0,0.0
2022-11-10 00:00:00-05:00,7.723331559271551,7.854235546238124,7.723331559271551,7.746432781219482,1000,0.0,0.0
2022-11-11 00:00:00-05:00,7.777232716569142,7.854234577174566,7.700230121612549,7.700230121612549,2100,0.0,0.0
2022-11-14 00:00:00-05:00,7.808034273181549,7.823434352874756,7.777233379443901,7.823434352874756,500,0.0,0.0
2022-11-15 00:00:00-05:00,7.931237172131159,7.931237172131159,7.700230121612549,7.700230121612549,1700,0.0,0.0
2022-11-16 00:00:00-05:00,7.700230121612549,7.700230121612549,7.700230121612549,7.700230121612549,0,0.0,0.0
2022-11-17 00:00:00-05:00,7.700230121612549,7.700230121612549,7.700230121612549,7.700230121612549,0,0.0,0.0
2022-11-18 00:00:00-05:00,7.700230121612549,7.700230121612549,7.700230121612549,7.700230121612549,700,0.0,0.0
2022-11-21 00:00:00-05:00,7.746432781219482,7.746432781219482,7.746432781219482,7.746432781219482,1200,0.0,0.0
2022-11-22 00:00:00-05:00,7.746432781219482,7.746432781219482,7.746432781219482,7.746432781219482,100,0.0,0.0
2022-11-23 00:00:00-05:00,8.08370181643037,8.08370181643037,7.900436401367187,7.9004364013671875,300,0.0,0.0
2022-11-25 00:00:00-05:00,7.9004369177560765,7.9004369177560765,7.700230742214212,7.815733909606934,2700,0.0,0.0
2022-11-28 00:00:00-05:00,8.07754149736392,8.07754149736392,8.062141418457031,8.062141418457031,1300,0.0,0.0
2022-11-29 00:00:00-05:00,7.815735055863416,7.815735055863416,7.700231871530986,7.761833667755127,2500,0.0,0.0
2022-11-30 00:00:00-05:00,8.054441114287519,8.054441114287519,8.036730766296387,8.036730766296387,900,0.0,0.0
2022-12-01 00:00:00-05:00,8.036730766296387,8.036730766296387,8.036730766296387,8.036730766296387,0,0.0,0.0
2022-12-02 00:00:00-05:00,8.05444049835205,8.05444049835205,8.05444049835205,8.05444049835205,300,0.0,0.0
2022-12-05 00:00:00-05:00,7.969737590891583,7.969737590891583,7.89273500442505,7.892735004425049,1400,0.0,0.0
2022-12-06 00:00:00-05:00,7.90813684463501,7.90813684463501,7.90813684463501,7.90813684463501,400,0.0,0.0
2022-12-07 00:00:00-05:00,7.3691205978393555,7.3691205978393555,7.3691205978393555,7.3691205978393555,1500,0.0,0.0
2022-12-08 00:00:00-05:00,7.677130222320557,7.677130222320557,7.677130222320557,7.677130222320557,300,0.0,0.0
2022-12-09 00:00:00-05:00,7.923536923321851,7.931237329840864,7.90813684463501,7.90813684463501,1700,0.0,0.0
2022-12-12 00:00:00-05:00,7.777232716569142,7.777232716569142,7.700230121612549,7.700230121612549,900,0.0,0.0
2022-12-13 00:00:00-05:00,7.692529624010567,7.9928388595581055,7.603977154906567,7.9928388595581055,4200,0.0,0.0
2022-12-14 00:00:00-05:00,7.777231859076338,7.89273500442505,7.700229272609804,7.892735004425049,5300,0.0,0.0
2022-12-15 00:00:00-05:00,7.89273500442505,7.89273500442505,7.89273500442505,7.892735004425049,100,0.0,0.0
2022-12-16 00:00:00-05:00,7.7772321701049805,7.7772321701049805,7.7772321701049805,7.7772321701049805,1200,0.0,0.0
2022-12-19 00:00:00-05:00,7.715630737567235,7.715630737567235,7.369119803451044,7.530824661254883,2700,0.0,0.0
2022-12-20 00:00:00-05:00,7.523125648498535,7.56162621401659,7.523125648498535,7.523125648498535,1100,0.0,0.0
2022-12-21 00:00:00-05:00,7.530824661254883,7.538525067424387,7.50772417709752,7.530824661254883,1800,0.0,0.0
2022-12-22 00:00:00-05:00,7.530824661254883,7.530824661254883,7.530824661254883,7.530824661254883,1000,0.0,0.0
2022-12-23 00:00:00-05:00,7.507725238800049,7.561626620906725,7.507725238800049,7.507725238800049,2500,0.0,0.0
2022-12-27 00:00:00-05:00,7.623227526655955,7.700230121612549,7.5077243685722355,7.700230121612549,600,0.0,0.0
2022-12-28 00:00:00-05:00,7.515425721731768,7.677130604031266,7.122713759811378,7.476924419403076,8200,0.0,0.0
2022-12-29 00:00:00-05:00,7.507724246282808,7.546225543133977,7.0149092621603915,7.367579936981201,6900,0.0,0.0
2022-12-30 00:00:00-05:00,7.269017716413303,7.546226501464844,7.269017716413303,7.546226501464844,2100,0.0,0.0
2023-01-03 00:00:00-05:00,7.276717662811279,7.276717662811279,7.276717662811279,7.276717662811279,100,0.0,0.0
2023-01-04 00:00:00-05:00,7.430723667144776,7.430723667144776,7.430723667144776,7.430723667144775,200,0.0,0.0
2023-01-05 00:00:00-05:00,7.415322120349062,7.469223499298096,7.415322120349062,7.469223499298096,300,0.0,0.0
2023-01-06 00:00:00-05:00,7.515424810028658,7.541605163703297,7.515424810028658,7.529284954071045,6000,0.0,0.0
2023-01-09 00:00:00-05:00,7.546226328367313,7.546226328367313,7.413782411524531,7.467683792114258,3700,0.0,0.0
2023-01-10 00:00:00-05:00,7.115012639982171,7.472303867340088,7.115012639982171,7.472303867340088,2700,0.0,0.0
2023-01-11 00:00:00-05:00,7.476924759797787,7.476924759797787,7.022610987208892,7.084212779998779,13600,0.0,0.0
2023-01-12 00:00:00-05:00,7.049561351979002,7.161215055188702,7.045711148314744,7.068812370300293,4200,0.0,0.0
2023-01-13 00:00:00-05:00,7.099612604121424,7.168914794921875,7.095762400815711,7.168914794921875,1300,0.0,0.0
2023-01-17 00:00:00-05:00,7.346019268035888,7.346019268035888,7.346019268035888,7.346019268035889,200,0.0,0.0
2023-01-18 00:00:00-05:00,7.353720188140869,7.353720188140869,7.353720188140869,7.353720188140869,700,0.0,0.0
2023-01-19 00:00:00-05:00,7.32291841506958,7.32291841506958,7.315218009341796,7.32291841506958,1600,0.0,0.0
2023-01-20 00:00:00-05:00,7.32291841506958,7.32291841506958,7.32291841506958,7.32291841506958,0,0.0,0.0
2023-01-23 00:00:00-05:00,7.384521410131899,7.415322303771973,7.384521410131899,7.415322303771973,700,0.0,0.0
2023-01-24 00:00:00-05:00,7.438422203063965,7.438422203063965,7.438422203063965,7.438422203063965,200,0.0,0.0
2023-01-25 00:00:00-05:00,7.54622654074107,7.54622654074107,7.507725238800049,7.507725238800049,500,0.0,0.0
2023-01-26 00:00:00-05:00,7.535446121927911,7.535446121927911,7.392221927642822,7.392221927642822,1300,0.0,0.0
2023-01-27 00:00:00-05:00,7.507725199724213,7.561626581550345,7.507725199724213,7.546226501464844,10500,0.0,0.0
2023-01-30 00:00:00-05:00,7.392221598175891,7.6848297119140625,7.392221598175891,7.6848297119140625,1500,0.0,0.0
2023-01-31 00:00:00-05:00,7.573947085575072,7.6848297119140625,7.573947085575072,7.6848297119140625,2200,0.0,0.0
2023-02-01 00:00:00-05:00,7.677129193953872,7.700229677367659,7.661728382110596,7.661728382110596,3500,0.0,0.0
2023-02-02 00:00:00-05:00,7.66172906777226,7.66172906777226,7.122713088989257,7.122713088989258,14900,0.0,0.0
2023-02-03 00:00:00-05:00,7.322919098630078,7.322919098630078,7.007209777832031,7.007209777832031,11200,0.0,0.0
2023-02-06 00:00:00-05:00,7.299818075914103,7.353720188140869,7.299818075914103,7.353720188140869,500,0.0,0.0
2023-02-07 00:00:00-05:00,7.361420631408691,7.361420631408691,7.361420631408691,7.361420631408691,200,0.0,0.0
2023-02-08 00:00:00-05:00,7.315219402313232,7.315219402313232,7.315219402313232,7.315219402313232,300,0.0,0.0
2023-02-09 00:00:00-05:00,7.161214828491211,7.161214828491211,7.161214828491211,7.161214828491211,1100,0.0,0.0
2023-02-10 00:00:00-05:00,7.207415580749512,7.207415580749512,7.207415580749512,7.207415580749512,700,0.0,0.0
2023-02-13 00:00:00-05:00,7.199716091156007,7.199716091156007,7.199716091156007,7.199716091156006,1900,0.0,0.0
2023-02-14 00:00:00-05:00,7.199716091156007,7.199716091156007,7.199716091156007,7.199716091156006,0,0.0,0.0
2023-02-15 00:00:00-05:00,7.361421111126602,7.430722572819784,7.315219402313232,7.315219402313232,1600,0.0,0.0
2023-02-16 00:00:00-05:00,7.315219259406136,7.315219259406136,7.199716091156007,7.199716091156006,2100,0.0,0.0
2023-02-17 00:00:00-05:00,7.315219402313232,7.315219402313232,7.315219402313232,7.315219402313232,200,0.0,0.0
2023-02-21 00:00:00-05:00,7.392221927642822,7.392221927642822,7.392221927642822,7.392221927642822,1100,0.0,0.0
2023-02-22 00:00:00-05:00,7.315218888861867,7.315218888861867,7.2998180755546365,7.307518482208252,1200,0.0,0.0
2023-02-23 00:00:00-05:00,7.307518482208252,7.307518482208252,7.307518482208252,7.307518482208252,0,0.0,0.0
2023-02-24 00:00:00-05:00,7.294427938126546,7.353720188140869,7.294427938126546,7.353720188140869,1400,0.0,0.0
2023-02-27 00:00:00-05:00,7.423022688591393,7.4307223612149835,7.412242412567139,7.412242412567139,3400,0.0,0.0
2023-02-28 00:00:00-05:00,7.567787338752766,7.646329879760742,7.567787338752766,7.646329879760742,300,0.0,0.0
2023-03-01 00:00:00-05:00,7.592427730560303,7.592427730560303,7.592427730560303,7.592427730560303,600,0.0,0.0
2023-03-02 00:00:00-05:00,7.484624862670898,7.484624862670898,7.484624862670898,7.484624862670898,700,0.0,0.0
2023-03-03 00:00:00-05:00,7.484624862670898,7.484624862670898,7.484624862670898,7.484624862670898,0,0.0,0.0
2023-03-06 00:00:00-05:00,7.469223684054292,7.469223684054292,7.415322303771973,7.415322303771973,800,0.0,0.0
2023-03-07 00:00:00-05:00,7.338318824768066,7.338318824768066,7.338318824768066,7.338318824768066,300,0.0,0.0
2023-03-08 00:00:00-05:00,7.338318986256245,7.338318986256245,7.014909267425537,7.014909267425537,1000,0.0,0.0
2023-03-09 00:00:00-05:00,7.211265379033631,7.259007017587872,7.053410719273239,7.176614284515381,1300,0.0,0.0
2023-03-10 00:00:00-05:00,7.1227135274187,7.269017590272756,7.084212226346189,7.161214828491211,6900,0.0,0.0
2023-03-13 00:00:00-04:00,7.1650647461471735,7.315219006552442,7.014909751390697,7.0172200202941895,1600,0.0,0.0
2023-03-14 00:00:00-04:00,7.01490959949218,7.122713088989257,7.01490959949218,7.122713088989258,6200,0.0,0.0
2023-03-15 00:00:00-04:00,7.142733553276441,7.142733553276441,7.007209777832031,7.007209777832031,6400,0.0,0.0
2023-03-16 00:00:00-04:00,7.007209934291949,7.125023365020752,7.007209934291949,7.125023365020752,700,0.0,0.0
2023-03-17 00:00:00-04:00,7.0996127128601065,7.0996127128601065,7.0996127128601065,7.099612712860107,1500,0.0,0.0
2023-03-20 00:00:00-04:00,7.0996127128601065,7.0996127128601065,7.0996127128601065,7.099612712860107,0,0.0,0.0
2023-03-21 00:00:00-04:00,7.098842620849609,7.098842620849609,7.098842620849609,7.098842620849609,100,0.0,0.0
2023-03-22 00:00:00-04:00,7.098842620849609,7.098842620849609,7.098842620849609,7.098842620849609,100,0.0,0.0
2023-03-23 00:00:00-04:00,6.9918084144592285,6.9918084144592285,6.9918084144592285,6.9918084144592285,300,0.0,0.0
2023-03-24 00:00:00-04:00,6.9918084144592285,6.9918084144592285,6.9918084144592285,6.9918084144592285,0,0.0,0.0
2023-03-27 00:00:00-04:00,6.930207512595437,6.930207512595437,6.35269021987915,6.35269021987915,5400,0.0,0.0
2023-03-28 00:00:00-04:00,6.5066935977441345,6.5074639320373535,6.46819230445608,6.5074639320373535,2600,0.0,0.0
2023-03-29 00:00:00-04:00,6.5528964632648075,6.583697356508951,6.545196056365967,6.545196056365967,1000,0.0,0.0
2023-03-30 00:00:00-04:00,6.545196056365967,6.545196056365967,6.545196056365967,6.545196056365967,0,0.0,0.0
2023-03-31 00:00:00-04:00,7.11501220232439,7.1227126084156005,7.076510906219482,7.076510906219482,2200,0.0,0.0
2023-04-03 00:00:00-04:00,7.076510906219482,7.076510906219482,7.076510906219482,7.076510906219482,0,0.0,0.0
2023-04-04 00:00:00-04:00,6.5990974359554135,6.65299954989608,6.545196056365967,6.545196056365967,3300,0.0,0.0
2023-04-05 00:00:00-04:00,6.545196265133406,6.545196265133406,6.021580696105957,6.021580696105957,2400,0.0,0.0
2023-04-06 00:00:00-04:00,6.291088544766717,6.321889438212833,6.244886837421932,6.283388137817383,2500,0.0,0.0
2023-04-10 00:00:00-04:00,6.352689730045971,6.352689730045971,6.17558479309082,6.17558479309082,1600,0.0,0.0
2023-04-11 00:00:00-04:00,6.17558479309082,6.17558479309082,6.17558479309082,6.17558479309082,0,0.0,0.0
2023-04-12 00:00:00-04:00,6.17558479309082,6.17558479309082,6.17558479309082,6.17558479309082,0,0.0,0.0
2023-04-13 00:00:00-04:00,6.1601851530389995,6.535956382751465,6.1601851530389995,6.535956382751465,700,0.0,0.0
2023-04-14 00:00:00-04:00,7.122712512962021,7.122712512962021,6.545195282181317,6.577536106109619,3500,0.0,0.0
2023-04-17 00:00:00-04:00,6.4758936395401,6.4758936395401,6.237186908721924,6.237186908721924,6700,0.0,0.0
2023-04-18 00:00:00-04:00,6.706900596618652,6.706900596618652,6.699200190101987,6.706900596618652,600,0.0,0.0
2023-04-19 00:00:00-04:00,6.244886654297545,6.244886654297545,6.160184383392334,6.160184383392334,2100,0.0,0.0
2023-04-20 00:00:00-04:00,6.545196056365967,6.545196056365967,6.545196056365967,6.545196056365967,200,0.0,0.0
2023-04-21 00:00:00-04:00,6.568296393173739,6.568296393173739,6.160184383392334,6.160184383392334,3100,0.0,0.0
2023-04-24 00:00:00-04:00,6.160184383392334,6.160184383392334,6.152483976668805,6.160184383392334,11400,0.0,0.0
2023-04-25 00:00:00-04:00,6.1524838225340295,6.160184229064645,6.1324635733407336,6.154024124145508,1700,0.0,0.0
2023-04-26 00:00:00-04:00,6.1601839436491606,6.167884349822998,6.098582162960761,6.167884349822998,4300,0.0,0.0
2023-04-27 00:00:00-04:00,6.167884753696087,6.206386052735189,6.106282601798402,6.198685646057129,8900,0.0,0.0
2023-04-28 00:00:00-04:00,6.160184455640389,6.383491112783304,6.160184455640389,6.35269021987915,8200,0.0,0.0
2023-05-01 00:00:00-04:00,6.352690363620138,6.468193531036377,6.352690363620138,6.468193531036377,12100,0.0,0.0
2023-05-02 00:00:00-04:00,6.468192911689543,6.645298583700823,6.468192911689543,6.529794692993164,55500,0.0,0.0
2023-05-03 00:00:00-04:00,6.529795242568285,6.637598736098398,6.529795242568285,6.545196056365967,5200,0.0,0.0
2023-05-04 00:00:00-04:00,6.606797398762971,6.645298696318002,6.552896022796631,6.552896022796631,1200,0.0,0.0
2023-05-05 00:00:00-04:00,6.514395163121822,6.595247232505993,6.514395163121822,6.545196056365967,4200,0.0,0.0
2023-05-08 00:00:00-04:00,6.622198875324348,6.722301230909893,6.614498468171231,6.629898548126221,2900,0.0,0.0
2023-05-09 00:00:00-04:00,6.6298983278928905,6.637598734790214,6.6298983278928905,6.633748531341553,7900,0.0,0.0
2023-05-10 00:00:00-04:00,6.637598824951014,6.741552116423253,6.561366558074951,6.561366558074951,14200,0.0,0.0
2023-05-11 00:00:00-04:00,6.475893862978837,6.622198656651936,6.475893862978837,6.545196056365967,11300,0.0,0.0
2023-05-12 00:00:00-04:00,6.703050576190041,6.737701672108983,6.552896316775426,6.606797695159912,9000,0.0,0.0
2023-05-15 00:00:00-04:00,6.529794661937573,6.622198067804695,6.529794661937573,6.614497661590576,9500,0.0,0.0
2023-05-16 00:00:00-04:00,6.622198067804695,6.622198067804695,6.606797255376456,6.614497661590576,3000,0.0,0.0
2023-05-17 00:00:00-04:00,6.59909690119046,6.629897791938621,6.59909690119046,6.622967720031738,16500,0.0,0.0
2023-05-18 00:00:00-04:00,6.575997059821631,6.583697466849529,6.564446449279785,6.564446449279785,1900,0.0,0.0
2023-05-19 00:00:00-04:00,6.545196132214688,6.56829661882769,6.468193531036377,6.468193531036377,9000,0.0,0.0
2023-05-22 00:00:00-04:00,6.545195946537442,6.691500003404335,6.514395053810137,6.568296432495117,6700,0.0,0.0
2023-05-23 00:00:00-04:00,6.552895556900193,6.679949315752732,6.552895556900193,6.641448020935059,11300,0.0,0.0
2023-05-24 00:00:00-04:00,6.568296101207941,6.622198211525451,6.552896022796631,6.552896022796631,12500,0.0,0.0
2023-05-25 00:00:00-04:00,6.656849305889862,6.656849305889862,6.53364500684353,6.552896022796631,1900,0.0,0.0
2023-05-26 00:00:00-04:00,6.560596871283372,6.560596871283372,6.475893864084104,6.49899435043335,3100,0.0,0.0
2023-05-30 00:00:00-04:00,6.383491075774748,6.391191482543945,6.37579066900555,6.391191482543945,1100,0.0,0.0
2023-05-31 00:00:00-04:00,6.537495427931101,6.537495427931101,6.460493564605713,6.460493564605713,2300,0.0,0.0
2023-06-01 00:00:00-04:00,6.42199237526953,6.42199237526953,6.391191482543945,6.391191482543945,500,0.0,0.0
2023-06-02 00:00:00-04:00,6.432772833853189,6.468193531036377,6.432772833853189,6.468193531036377,1800,0.0,0.0
2023-06-05 00:00:00-04:00,6.421992338483651,6.42969274520874,6.421992338483651,6.42969274520874,700,0.0,0.0
2023-06-06 00:00:00-04:00,6.552896315473837,6.552896315473837,6.383491039276123,6.383491039276123,600,0.0,0.0
2023-06-07 00:00:00-04:00,6.458183670797416,6.660699383546912,6.260287761688232,6.260287761688232,22700,0.0,0.0
2023-06-08 00:00:00-04:00,6.510544887806839,6.510544887806839,6.35269021987915,6.35269021987915,1900,0.0,0.0
2023-06-09 00:00:00-04:00,6.337289333343506,6.337289333343506,6.337289333343506,6.337289333343506,400,0.0,0.0
2023-06-12 00:00:00-04:00,6.337289333343506,6.337289333343506,6.337289333343506,6.337289333343506,200,0.0,0.0
2023-06-13 00:00:00-04:00,6.301097899616968,6.306488037109375,6.301097899616968,6.306488037109375,1000,0.0,0.0
2023-06-14 00:00:00-04:00,6.260287761688232,6.260287761688232,6.260287761688232,6.260287761688232,500,0.0,0.0
2023-06-15 00:00:00-04:00,6.3141889572143555,6.391191557102215,6.3141889572143555,6.3141889572143555,8500,0.0,0.0
2023-06-16 00:00:00-04:00,6.4142921945153875,6.4142921945153875,6.25258731842041,6.25258731842041,13100,0.0,0.0
2023-06-20 00:00:00-04:00,6.391191482543945,6.542885677270864,6.391191482543945,6.391191482543945,5200,0.0,0.0
2023-06-21 00:00:00-04:00,6.449714034355049,6.449714034355049,6.2602881215402,6.329590320587158,4000,0.0,0.0
2023-06-22 00:00:00-04:00,6.329590320587158,6.329590320587158,6.329590320587158,6.329590320587158,100,0.0,0.0
2023-06-23 00:00:00-04:00,6.368090325681392,6.439702044906943,6.267987251281738,6.267987251281738,1600,0.0,0.0
2023-06-26 00:00:00-04:00,6.314188868907802,6.380411192007362,6.160184405637116,6.163264274597168,12400,0.0,0.0
2023-06-27 00:00:00-04:00,6.23718698192522,6.402741320373877,6.160184383392334,6.160184383392334,6000,0.0,0.0
2023-06-28 00:00:00-04:00,6.237187093855096,6.237187093855096,6.071632018084254,6.113983154296875,8300,0.0,0.0
2023-06-29 00:00:00-04:00,6.129383171687925,6.445092487401373,6.129383171687925,6.3218889236450195,1600,0.0,0.0
2023-06-30 00:00:00-04:00,6.075482220680292,6.425072708853687,6.075482220680292,6.295708656311035,2700,0.0,0.0
2023-07-03 00:00:00-04:00,6.295708656311035,6.295708656311035,6.295708656311035,6.295708656311035,0,0.0,0.0
2023-07-05 00:00:00-04:00,6.221786001748709,6.261056900024414,6.221786001748709,6.261056900024414,800,0.0,0.0
2023-07-06 00:00:00-04:00,6.298788365228191,6.498993786810959,6.298788365228191,6.306488037109375,7200,0.0,0.0
2023-07-07 00:00:00-04:00,6.545195722838961,6.545195722838961,6.396581402150204,6.437392234802246,3600,0.0,0.0
2023-07-10 00:00:00-04:00,6.491293902765724,6.491293902765724,6.44509220123291,6.44509220123291,500,0.0,0.0
2023-07-11 00:00:00-04:00,6.498993578800271,6.545195280364402,6.468192689207896,6.491293907165527,2400,0.0,0.0
2023-07-12 00:00:00-04:00,6.506694535730706,6.506694535730706,6.445092751329917,6.460493564605713,1500,0.0,0.0
2023-07-13 00:00:00-04:00,6.468192689207896,6.491293907165527,6.429692127980777,6.491293907165527,400,0.0,0.0
2023-07-14 00:00:00-04:00,6.4874444007873535,6.4874444007873535,6.4874444007873535,6.4874444007873535,600,0.0,0.0
2023-07-17 00:00:00-04:00,6.368090629577637,6.368090629577637,6.368090629577637,6.368090629577637,400,0.0,0.0
2023-07-18 00:00:00-04:00,6.468193456079996,6.545196056365967,6.468193456079996,6.545196056365967,500,0.0,0.0
2023-07-19 00:00:00-04:00,6.545196057483061,6.545196057483061,6.4959144814137755,6.49899435043335,1500,0.0,0.0
2023-07-20 00:00:00-04:00,6.453562905476109,6.572146673615146,6.35269021987915,6.35269021987915,3200,0.0,0.0
2023-07-21 00:00:00-04:00,6.304948124917838,6.356539965634667,6.090881824493408,6.090881824493408,3600,0.0,0.0
2023-07-24 00:00:00-04:00,6.190985050051795,6.233336551134771,6.0523810386657715,6.0523810386657715,7300,0.0,0.0
2023-07-25 00:00:00-04:00,6.167884903574161,6.167884903574161,5.790573412219419,5.890676498413086,10300,0.0,0.0
2023-07-26 00:00:00-04:00,6.137082929638589,6.198685075869786,5.898375852210233,6.006179332733154,4100,0.0,0.0
2023-07-27 00:00:00-04:00,6.113983044577964,6.167884790115863,6.113983044577964,6.160184383392334,5400,0.0,0.0
2023-07-28 00:00:00-04:00,6.1524840488265475,6.35269021987915,6.1139831162841585,6.35269021987915,11100,0.0,0.0
2023-07-31 00:00:00-04:00,6.301097076034437,6.330358028411865,6.301097076034437,6.330358028411865,600,0.0,0.0
2023-08-01 00:00:00-04:00,6.430462206416261,6.7146010398864755,6.306488304483652,6.714601039886475,5700,0.0,0.0
2023-08-02 00:00:00-04:00,6.5759964358963146,6.6067973267343065,6.5759964358963146,6.5836968421936035,1300,0.0,0.0
2023-08-03 00:00:00-04:00,6.629898579553142,6.853205247593341,6.545196303521084,6.726151466369629,8500,0.0,0.0
2023-08-04 00:00:00-04:00,6.69920015335083,6.69920015335083,6.69920015335083,6.69920015335083,400,0.0,0.0
2023-08-07 00:00:00-04:00,6.658389102312596,6.7415514333233215,6.6298977461626745,6.703050136566162,5300,0.0,0.0
2023-08-08 00:00:00-04:00,6.7069003460761065,6.791602611541748,6.689959599242515,6.791602611541748,3600,0.0,0.0
2023-08-09 00:00:00-04:00,6.77620267868042,6.822403648342469,6.77620267868042,6.77620267868042,2500,0.0,0.0
2023-08-10 00:00:00-04:00,6.876305907567009,6.876305907567009,6.756951808929443,6.756951808929443,4200,0.0,0.0
2023-08-11 00:00:00-04:00,7.091912379000585,7.415322121445006,7.091912379000585,7.245916843414307,13500,0.0,0.0
2023-08-14 00:00:00-04:00,7.315219035988284,7.315219035988284,7.245916843414307,7.245916843414307,11800,0.0,0.0
2023-08-15 00:00:00-04:00,7.450743190913703,7.450743190913703,7.315219402313232,7.315219402313232,12300,0.0,0.0
2023-08-16 00:00:00-04:00,7.353720079002074,7.424562203594803,7.342169469192508,7.3768205642700195,2600,0.0,0.0
2023-08-17 00:00:00-04:00,7.3768205642700195,7.399921049537966,7.299817967575286,7.3768205642700195,6800,0.0,0.0
2023-08-18 00:00:00-04:00,7.356799947877484,7.3768205642700195,7.261317403579104,7.3768205642700195,2000,0.0,0.0
2023-08-21 00:00:00-04:00,7.253617613462906,7.365270580372405,7.238216799074699,7.315219402313232,11000,0.0,0.0
2023-08-22 00:00:00-04:00,7.399920977202554,7.407621383666992,7.315218709147273,7.407621383666992,2000,0.0,0.0
2023-08-23 00:00:00-04:00,7.384521598357663,7.384521598357663,7.315219402313232,7.315219402313232,9500,0.0,0.0
2023-08-24 00:00:00-04:00,7.376820784596281,7.376820784596281,7.238216400146484,7.238216400146484,2600,0.0,0.0
2023-08-25 00:00:00-04:00,7.292118072509766,7.292118072509766,7.292118072509766,7.292118072509766,300,0.0,0.0
2023-08-28 00:00:00-04:00,7.261317400767069,7.309828640116326,7.261317400767069,7.288268089294434,2100,0.0,0.0
2023-08-29 00:00:00-04:00,7.34602011119177,7.3691205978393555,7.311369014044776,7.3691205978393555,1200,0.0,0.0
2023-08-30 00:00:00-04:00,7.315219174762794,7.6309285163879395,7.315219174762794,7.6309285163879395,1900,0.0,0.0
2023-08-31 00:00:00-04:00,7.52312491886778,7.654028150765697,7.52312491886778,7.5616254806518555,2300,0.0,0.0
2023-09-01 00:00:00-04:00,7.577026404244837,7.584726810455322,7.3922210613001225,7.584726810455322,5300,0.0,0.0
2023-09-05 00:00:00-04:00,7.584727790524094,7.94663811696767,7.5369861470714845,7.769533157348633,21600,0.0,0.0
2023-09-06 00:00:00-04:00,7.969739264454077,7.969739264454077,7.623228286942057,7.754132270812988,21600,0.0,0.0
2023-09-07 00:00:00-04:00,7.808033429261221,7.892735694297018,7.70793035184556,7.800333023071289,16800,0.0,0.0
2023-09-08 00:00:00-04:00,7.800333574271318,7.946637630462646,7.71563130325015,7.9466376304626465,5900,0.0,0.0
2023-09-11 00:00:00-04:00,8.054439848523899,8.06214025404077,7.8157324179585155,7.892735004425049,9300,0.0,0.0
2023-09-12 00:00:00-04:00,7.815734300025509,8.059061591884761,7.800334219634442,7.981289386749268,25000,0.0,0.0
2023-09-13 00:00:00-04:00,7.946636692144472,8.031339687515336,7.743350678216188,7.7772321701049805,23700,0.0,0.0
2023-09-14 00:00:00-04:00,7.736171393560079,7.9628363048548065,7.548105157568084,7.801871299743652,7000,0.63,0.0
2023-09-15 00:00:00-04:00,7.810083058678217,8.072882652282715,7.785445009374368,8.072882652282715,11800,0.0,0.0
2023-09-18 00:00:00-04:00,7.637620836946962,7.842933220826157,7.637620836946962,7.686895370483398,6700,0.0,0.0
2023-09-19 00:00:00-04:00,7.781339699436485,7.801870624640543,7.691001748847602,7.760807991027832,7600,0.0,0.0
2023-09-20 00:00:00-04:00,7.801870994068613,8.040033340454102,7.785445626563931,8.040033340454102,3500,0.0,0.0
2023-09-21 00:00:00-04:00,7.998970326136044,7.998970326136044,7.760807991027832,7.760807991027832,3000,0.0,0.0
2023-09-22 00:00:00-04:00,7.859356963875462,7.883995011213743,7.769019806581947,7.81008243560791,2200,0.0,0.0
2023-09-25 00:00:00-04:00,7.925056857035201,7.925056857035201,7.769019806581947,7.81008243560791,4000,0.0,0.0
2023-09-26 00:00:00-04:00,7.81008243560791,7.81008243560791,7.81008243560791,7.81008243560791,0,0.0,0.0
2023-09-27 00:00:00-04:00,7.990756872329502,7.998969554901123,7.6951073485918275,7.998969554901123,1300,0.0,0.0
2023-09-28 00:00:00-04:00,7.834720911962322,7.998149871826172,7.834720911962322,7.998149871826172,5000,0.0,0.0
2023-09-29 00:00:00-04:00,7.949695110321045,7.949695110321045,7.949695110321045,7.949695110321045,1000,0.0,0.0
2023-10-02 00:00:00-04:00,7.941483497619628,7.941483497619628,7.8429336420493145,7.941483497619629,5300,0.0,0.0
2023-10-03 00:00:00-04:00,7.8265076948524825,7.8511457443237305,7.801870428585808,7.8511457443237305,8700,0.0,0.0
2023-10-04 00:00:00-04:00,7.686895353771158,7.781339645385742,7.555495553686887,7.781339645385742,7500,0.0,0.0
2023-10-05 00:00:00-04:00,7.785444388269629,7.883995011213743,7.785444388269629,7.81008243560791,4600,0.0,0.0
2023-10-06 00:00:00-04:00,7.883995512871728,7.883995512871728,7.847039222717285,7.847039222717285,1100,0.0,0.0
2023-10-09 00:00:00-04:00,7.810083146079983,7.810083146079983,7.752595146932232,7.7936577796936035,4600,0.0,0.0
2023-10-10 00:00:00-04:00,7.7608078301254215,7.868391943624308,7.7443832469436185,7.7936577796936035,4500,0.0,0.0
2023-10-11 00:00:00-04:00,7.769020080566406,7.769020080566406,7.769020080566406,7.769020080566406,1100,0.0,0.0
2023-10-12 00:00:00-04:00,7.7279575231959,7.793657419294127,7.695107575146787,7.785444736480713,2100,0.0,0.0
2023-10-13 00:00:00-04:00,7.695108134888373,7.752595352354802,7.555495649723104,7.736170768737793,1900,0.0,0.0
2023-10-16 00:00:00-04:00,7.555495577524217,7.711533428020025,7.555495577524217,7.588345527648926,4400,0.0,0.0
2023-10-17 00:00:00-04:00,7.629407564906669,7.703320142712518,7.629407564906669,7.695107460021973,5000,0.0,0.0
2023-10-18 00:00:00-04:00,7.637620836946962,7.703320737131937,7.637620836946962,7.686895370483398,3500,0.0,0.0
2023-10-19 00:00:00-04:00,7.645833609323244,7.645833609323244,7.63762092590332,7.63762092590332,1300,0.0,0.0
2023-10-20 00:00:00-04:00,7.604770939057518,7.637620889375505,7.563708305358887,7.563708305358887,1600,0.0,0.0
2023-10-23 00:00:00-04:00,7.6868951808619315,7.6868951808619315,7.678683280944824,7.678683280944824,600,0.0,0.0
2023-10-24 00:00:00-04:00,7.588345167378448,7.588345167378448,7.580132484436035,7.580132484436035,1200,0.0,0.0
2023-10-25 00:00:00-04:00,7.580132575148893,7.59820032119751,7.580132575148893,7.59820032119751,2400,0.0,0.0
2023-10-26 00:00:00-04:00,7.617089369845566,7.635978698730469,7.547283125787912,7.635978698730469,1300,0.0,0.0
2023-10-27 00:00:00-04:00,7.670471028943543,7.752595515162431,7.670471028943543,7.7033209800720215,5000,0.0,0.0
2023-10-30 00:00:00-04:00,7.7033209800720215,7.7033209800720215,7.7033209800720215,7.7033209800720215,0,0.0,0.0
2023-10-31 00:00:00-04:00,7.7033209800720215,7.7033209800720215,7.7033209800720215,7.7033209800720215,0,0.0,0.0
2023-11-01 00:00:00-04:00,7.695107898330562,7.711533264647231,7.555495417457166,7.621195316314697,10900,0.0,0.0
2023-11-02 00:00:00-04:00,7.612983658848148,7.678683559798339,7.543177416187996,7.63762092590332,3700,0.0,0.0
2023-11-03 00:00:00-04:00,7.73124269755241,7.73124269755241,7.571920871734619,7.571920871734619,2100,0.0,0.0
2023-11-06 00:00:00-05:00,7.63762092590332,7.63762092590332,7.63762092590332,7.63762092590332,400,0.0,0.0
2023-11-07 00:00:00-05:00,7.571920749976726,7.85935761039431,7.440520952848165,7.678683280944824,6100,0.0,0.0
2023-11-08 00:00:00-05:00,7.530858946946547,7.563708899846453,7.530858946946547,7.5554962158203125,800,0.0,0.0
2023-11-09 00:00:00-05:00,7.670471076531818,7.695108344229875,7.571921222534971,7.579312324523926,2700,0.0,0.0
2023-11-10 00:00:00-05:00,7.645832843694451,7.842932526808102,7.5415334977557364,7.5472822189331055,7500,0.0,0.0
2023-11-13 00:00:00-05:00,7.8347200742425915,7.8347200742425915,7.625301361083984,7.625301361083984,7000,0.0,0.0
2023-11-14 00:00:00-05:00,7.719745980319843,7.719745980319843,7.48158362599436,7.5554962158203125,18600,0.0,0.0
2023-11-15 00:00:00-05:00,7.671291827379101,7.911918130577628,7.671291827379101,7.7033209800720215,3000,0.0,0.0
2023-11-16 00:00:00-05:00,7.711532825239104,7.711532825239104,7.5965576171875,7.5965576171875,700,0.0,0.0
2023-11-17 00:00:00-05:00,7.6047709840939035,7.678683568548242,7.518539374495644,7.539071083068848,5000,0.0,0.0
2023-11-20 00:00:00-05:00,7.580132734394372,7.830614089965821,7.580132734394372,7.83061408996582,4200,0.0,0.0
2023-11-21 00:00:00-05:00,7.814189595100945,7.933270370220935,7.749310493469238,7.749310493469238,5400,0.0,0.0
2023-11-22 00:00:00-05:00,7.793657029091293,7.834719657897949,7.777232447491332,7.834719657897949,6200,0.0,0.0
2023-11-24 00:00:00-05:00,7.826507078231428,7.826507078231428,7.790372371673584,7.790372371673584,600,0.0,0.0
2023-11-27 00:00:00-05:00,7.810082352300154,7.810082352300154,7.7690197237121925,7.7928361892700195,5700,0.0,0.0
2023-11-28 00:00:00-05:00,7.760807674434075,7.777233040490941,7.7115331426725975,7.727957725524902,1800,0.0,0.0
2023-11-29 00:00:00-05:00,7.719744651856714,7.777232646942139,7.719744651856714,7.777232646942139,1500,0.0,0.0
2023-11-30 00:00:00-05:00,7.793657419294127,7.80187010210754,7.6458330446753875,7.785444736480713,15700,0.0,0.0
2023-12-01 00:00:00-05:00,7.801869911576166,7.801869911576166,7.777232646942139,7.777232646942139,7600,0.0,0.0
2023-12-04 00:00:00-05:00,7.875783595386269,7.925058131578371,7.83472095975643,7.909454345703125,7500,0.0,0.0
2023-12-05 00:00:00-05:00,7.933271526208117,7.949696895213704,7.8429343462914884,7.925058841705322,15400,0.0,0.0
2023-12-06 00:00:00-05:00,7.966119344399252,7.966119344399252,7.883994871012256,7.911096096038818,4000,0.0,0.0
2023-12-07 00:00:00-05:00,7.785444777721974,7.941482619185235,7.678683033400221,7.8593573570251465,4700,0.0,0.0
2023-12-08 00:00:00-05:00,7.925056932196473,7.925056932196473,7.826507091522217,7.826507091522217,1700,0.0,0.0
2023-12-11 00:00:00-05:00,7.8018697114935245,7.8798886279057205,7.769019765089101,7.834719657897949,17200,0.0,0.0
2023-12-12 00:00:00-05:00,7.867571205927226,8.09670007908512,7.7854459315954285,7.801871299743652,18300,0.0,0.0
2023-12-13 00:00:00-05:00,7.80187010210754,7.859357315392353,7.678682992724501,7.785444736480713,16700,0.0,0.0
2023-12-14 00:00:00-05:00,7.966121065202587,8.02360907051671,7.801871299743652,7.801871299743652,34900,0.0,0.0
2023-12-15 00:00:00-05:00,7.990757168693729,8.076988772484897,7.842932792944583,7.994863510131836,50800,0.0,0.0
2023-12-18 00:00:00-05:00,8.089308424053103,8.240418354592693,7.9579078374583485,8.056458473205566,91300,0.0,0.0
2023-12-19 00:00:00-05:00,7.826526165008545,8.224484936720774,7.472784378631615,7.826526165008545,70400,0.7,0.0
2023-12-20 00:00:00-05:00,7.888430706866107,8.047614554674306,7.667342404192471,7.685029029846191,37200,0.0,0.0
2023-12-21 00:00:00-05:00,7.738090762288415,7.84332918123908,7.357818603515625,7.357818603515625,21300,0.0,0.0
2023-12-22 00:00:00-05:00,7.35781812198636,7.475437424482504,7.35781812198636,7.446253776550293,21400,0.0,0.0
2023-12-26 00:00:00-05:00,7.5435323995355015,7.605437695721632,7.384349400420247,7.393192291259766,18700,0.0,0.0
2023-12-27 00:00:00-05:00,7.437409584084282,7.58774968154727,7.360470957312084,7.3843488693237305,8400,0.0,0.0
2023-12-28 00:00:00-05:00,7.627545940511133,7.627545940511133,7.4374098777771,7.4374098777771,2000,0.0,0.0
2023-12-29 00:00:00-05:00,7.517002663621537,7.56122049502572,7.393192904366823,7.4639410972595215,19000,0.0,0.0
2024-01-02 00:00:00-05:00,7.455097458879899,7.623124189321904,7.428566256664134,7.4913554191589355,17200,0.0,0.0
2024-01-03 00:00:00-05:00,7.508158323032139,7.561219885114043,7.410879776497717,7.4197235107421875,13200,0.0,0.0
2024-01-04 00:00:00-05:00,7.455098205686673,7.517002663621537,7.387887169423114,7.4639410972595215,9100,0.0,0.0
2024-01-05 00:00:00-05:00,7.463941016760306,7.5391110763212055,7.4374106555579225,7.517002582550049,9900,0.0,0.0
2024-01-08 00:00:00-05:00,7.517002992801337,7.58156074272762,7.472785159460795,7.481628894805908,4300,0.0,0.0
2024-01-09 00:00:00-05:00,7.481628567175188,7.5497234709035395,7.41088037428249,7.4639410972595215,4300,0.0,0.0
2024-01-10 00:00:00-05:00,7.41087958145654,7.428566206095083,7.394076824188232,7.394076824188232,7700,0.0,0.0
2024-01-11 00:00:00-05:00,7.410880306309763,7.428566932678223,7.402036571433045,7.428566932678223,2400,0.0,0.0
2024-01-12 00:00:00-05:00,7.450675964355469,7.500199528218418,7.428566628070263,7.450675964355469,2100,0.0,0.0
2024-01-16 00:00:00-05:00,7.455097777334766,7.455097777334766,7.340131759643555,7.340131759643555,7300,0.0,0.0
2024-01-17 00:00:00-05:00,7.428566573985684,7.4374103084353775,7.340131759643555,7.340131759643555,4100,0.0,0.0
2024-01-18 00:00:00-05:00,7.340131387731356,7.340131387731356,7.216321641863684,7.238430976867676,6000,0.0,0.0
2024-01-19 00:00:00-05:00,7.216322178632794,7.428566750149062,7.216322178632794,7.260540008544922,4200,0.0,0.0
2024-01-22 00:00:00-05:00,7.216322101757503,7.2428524620681705,6.446934905668573,6.7653021812438965,32800,0.0,0.0
2024-01-23 00:00:00-05:00,6.80067637891598,7.004077638373011,6.729928188094835,6.986390590667725,5800,0.0,0.0
2024-01-24 00:00:00-05:00,6.800676276119768,6.942172655623257,6.7653021812438965,6.7653021812438965,14200,0.0,0.0
2024-01-25 00:00:00-05:00,6.8095196587885685,6.8095196587885685,6.729928155348298,6.800676345825195,5400,0.0,0.0
2024-01-26 00:00:00-05:00,6.8095196587885685,6.8095196587885685,6.769724117914672,6.800676345825195,10000,0.0,0.0
2024-01-29 00:00:00-05:00,6.73877157615215,6.8095197677612305,6.73877157615215,6.8095197677612305,5400,0.0,0.0
2024-01-30 00:00:00-05:00,6.8095197063301685,6.8095197063301685,6.767070876086163,6.787411212921143,6400,0.0,0.0
2024-01-31 00:00:00-05:00,6.7874111655338965,6.8095196587885685,6.780336009132224,6.800676345825195,8800,0.0,0.0
2024-02-01 00:00:00-05:00,6.791832680063662,6.995233940594223,6.774145632265025,6.836050510406494,7700,0.0,0.0
2024-02-02 00:00:00-05:00,6.889111685306384,7.033261357455335,6.827206806881823,7.021764755249023,4900,0.0,0.0
2024-02-05 00:00:00-05:00,6.853738030750968,7.035030388609708,6.853738030750968,6.959860324859619,6000,0.0,0.0
2024-02-06 00:00:00-05:00,6.959859436620152,7.2074780912717875,6.959859436620152,7.083669185638428,9000,0.0,0.0
2024-02-07 00:00:00-05:00,7.157954600466478,7.157954600466478,7.0306076938403805,7.119043350219727,900,0.0,0.0
2024-02-08 00:00:00-05:00,7.083669256344973,7.2251656318439865,7.0748255220300535,7.119043350219727,5300,0.0,0.0
2024-02-09 00:00:00-05:00,7.030607497775838,7.048294544219971,7.030607497775838,7.048294544219971,1600,0.0,0.0
2024-02-12 00:00:00-05:00,7.039451564080963,7.167682340583622,7.039451564080963,7.099587440490723,1800,0.0,0.0
2024-02-13 00:00:00-05:00,7.304757222134052,7.304757222134052,7.203056812286377,7.203056812286377,400,0.0,0.0
2024-02-14 00:00:00-05:00,7.1986354992311306,7.1986354992311306,7.057138697578773,7.059791564941406,3500,0.0,0.0
2024-02-15 00:00:00-05:00,7.057138777497454,7.0969343185424805,7.057138777497454,7.0969343185424805,10500,0.0,0.0
2024-02-16 00:00:00-05:00,6.98639034049109,7.163261232902837,6.942172511965036,7.017342567443848,30800,0.0,0.0
2024-02-20 00:00:00-05:00,7.12788653486649,7.7999942666571025,7.12788653486649,7.631967544555664,77000,0.0,0.0
2024-02-21 00:00:00-05:00,7.746934264016367,8.014008971919438,7.57536952665421,7.985709190368652,35800,0.0,0.0
2024-02-22 00:00:00-05:00,7.985708804714526,8.445572853088379,7.985708804714526,8.445572853088379,62400,0.0,0.0
2024-02-23 00:00:00-05:00,8.51632126701561,8.976184484345472,8.374824892452574,8.887749671936035,90400,0.0,0.0
2024-02-26 00:00:00-05:00,8.861219804742673,9.13536883483976,8.825844865752115,9.0469331741333,32400,0.0,0.0
2024-02-27 00:00:00-05:00,9.020403044463373,9.18843063543511,8.92400835736748,9.091151237487793,54000,0.0,0.0
2024-02-28 00:00:00-05:00,9.099994329878331,9.138021712874577,8.858566117146001,8.86121940612793,18800,0.0,0.0
2024-02-29 00:00:00-05:00,8.968226244180874,9.135369125332327,8.887750448219247,8.967342376708984,7800,0.0,0.0
2024-03-01 00:00:00-05:00,8.985027726274204,8.985027726274204,8.899245364134137,8.962919235229492,4900,0.0,0.0
2024-03-04 00:00:00-05:00,8.931968048153816,8.958498409166817,8.923124313354492,8.923124313354492,1600,0.0,0.0
2024-03-05 00:00:00-05:00,8.931968078059786,8.931968078059786,8.849722862243652,8.849722862243652,9600,0.0,0.0
2024-03-06 00:00:00-05:00,8.875368845082045,8.918701962510871,8.825844438921317,8.844416618347168,8900,0.0,0.0
2024-03-07 00:00:00-05:00,8.8258442514217,8.8258442514217,8.578225599418271,8.653395652770996,12100,0.0,0.0
2024-03-08 00:00:00-05:00,8.578226089477539,8.715300602815725,8.578226089477539,8.578226089477539,8300,0.0,0.0
2024-03-11 00:00:00-04:00,8.650743831918119,8.684349352615017,8.644553385652113,8.671968460083008,4900,0.0,0.0
2024-03-12 00:00:00-04:00,8.57999441851434,8.843531968033226,8.57999441851434,8.7108793258667,12100,0.0,0.0
2024-03-13 00:00:00-04:00,8.783395445114092,8.783395445114092,8.702034950256348,8.702034950256348,4100,0.0,0.0
2024-03-14 00:00:00-04:00,8.70203544958772,8.817001464503665,8.596797036300652,8.640130996704102,22500,0.0,0.0
2024-03-15 00:00:00-04:00,8.831150649118754,8.843531539297139,8.719721794128418,8.719721794128418,9100,0.0,0.0
2024-03-18 00:00:00-04:00,8.817001608276907,8.817001608276907,8.7108793258667,8.7108793258667,25600,0.0,0.0
2024-03-19 00:00:00-04:00,8.629215180331286,8.910503511879426,8.629215180331286,8.801617622375488,22600,0.25,0.0
2024-03-20 00:00:00-04:00,8.8016170256078,8.8016170256078,8.538475927477759,8.765321731567383,17600,0.0,0.0
2024-03-21 00:00:00-04:00,8.80161755762721,8.80161755762721,8.710879749715497,8.7381010055542,5000,0.0,0.0
2024-03-22 00:00:00-04:00,8.760784933808711,8.892355918884277,8.756247913770096,8.892355918884277,14100,0.0,0.0
2024-03-25 00:00:00-04:00,9.010315843843998,9.055684313533968,8.801617248808157,8.892355918884277,14300,0.0,0.0
2024-03-26 00:00:00-04:00,8.960409660944006,9.028463232134717,8.856060794095038,8.901430130004883,7500,0.0,0.0
2024-03-27 00:00:00-04:00,8.801617146430345,8.946798324584961,8.284408982917506,8.946798324584961,110900,0.0,0.0
2024-03-28 00:00:00-04:00,8.786191517980567,8.80071032818427,7.603871618799621,8.719952583312988,65200,0.0,0.0
2024-04-01 00:00:00-04:00,8.769859175887397,8.801617451541121,8.620140972556912,8.792543411254883,8800,0.0,0.0
2024-04-02 00:00:00-04:00,8.62104808879582,8.817950248718262,8.62104808879582,8.817950248718262,1800,0.0,0.0
2024-04-03 00:00:00-04:00,8.638288818994617,8.828838467752236,8.638288818994617,8.719952583312988,6300,0.0,0.0
2024-04-04 00:00:00-04:00,8.778933128334666,9.073832511901855,8.774396108236942,9.073832511901855,8100,0.0,0.0
2024-04-05 00:00:00-04:00,8.992167763689539,8.992167763689539,8.837912543768986,8.892355918884277,1300,0.0,0.0
2024-04-08 00:00:00-04:00,8.84698695933916,8.936817883081018,8.801617622375488,8.801617622375488,6800,0.0,0.0
2024-04-09 00:00:00-04:00,8.797080710366965,9.073832890436687,8.797080710366965,8.983094215393066,14100,0.0,0.0
2024-04-10 00:00:00-04:00,8.901430382901127,8.94044719946487,8.892356342391738,8.919577598571777,4800,0.0,0.0
2024-04-11 00:00:00-04:00,8.90596683138718,9.073833124951982,8.842450276423927,9.055685043334961,13900,0.0,0.0
2024-04-12 00:00:00-04:00,9.013037072063488,9.073832100196817,8.983093433055624,8.992167472839355,10300,0.0,0.0
2024-04-15 00:00:00-04:00,9.101053293750496,9.344232539320542,9.073832039928167,9.219013214111328,15300,0.0,0.0
2024-04-16 00:00:00-04:00,9.273457970705074,9.273457970705074,9.228088630666711,9.246235847473145,2100,0.0,0.0
2024-04-17 00:00:00-04:00,9.690852658208717,9.690852658208717,9.364194158948985,9.436784744262695,12700,0.0,0.0
2024-04-18 00:00:00-04:00,9.618262259069553,9.86325527290849,9.518449553320163,9.736221313476562,40700,0.0,0.0
2024-04-19 00:00:00-04:00,9.622799033363908,9.944920539855957,9.537505131742945,9.944920539855957,15000,0.0,0.0
2024-04-22 00:00:00-04:00,9.817886957546062,10.15361867225782,9.817886957546062,10.042011260986328,58900,0.0,0.0
2024-04-23 00:00:00-04:00,10.058343748633856,10.08102798461914,9.8904774601591,10.08102798461914,17300,0.0,0.0
2024-04-24 00:00:00-04:00,10.126397104167332,10.126397104167332,10.055621147155762,10.055621147155762,2300,0.0,0.0
2024-04-25 00:00:00-04:00,10.053806728367173,10.08102798461914,10.053806728367173,10.08102798461914,400,0.0,0.0
2024-04-26 00:00:00-04:00,10.179025861175282,10.180840496176035,9.99936401587884,10.141822814941406,4800,0.0,0.0
2024-04-29 00:00:00-04:00,10.117322821748369,10.117322821748369,9.981215681324095,10.022047996520996,10600,0.0,0.0
2024-04-30 00:00:00-04:00,9.981216160914055,10.25343132019043,9.981216160914055,10.25343132019043,15900,0.0,0.0
2024-05-01 00:00:00-04:00,10.049269268766393,10.117322839095213,9.990289738574242,10.10824966430664,6100,0.0,0.0
2024-05-02 00:00:00-04:00,10.12639654522267,10.251615872003786,10.00934437350403,10.152710914611816,11500,0.0,0.0
2024-05-03 00:00:00-04:00,9.99482623693516,10.244356270231956,9.99482623693516,10.135470390319824,5300,0.0,0.0
2024-05-06 00:00:00-04:00,10.189914290940875,10.280652969282352,10.189914290940875,10.248894691467285,5500,0.0,0.0
2024-05-07 00:00:00-04:00,10.19898701450391,10.353242228551315,10.19898701450391,10.339632034301758,9600,0.0,0.0
2024-05-08 00:00:00-04:00,10.347799360567173,10.348706245422363,10.298800752594342,10.348706245422363,2900,0.0,0.0
2024-05-09 00:00:00-04:00,10.334188458654928,10.336003093741384,10.267041768367106,10.271578788757324,8900,0.0,0.0
2024-05-10 00:00:00-04:00,10.425833764034856,10.425833764034856,10.235283239076207,10.25343132019043,5200,0.0,0.0
2024-05-13 00:00:00-04:00,10.316947281521598,10.434907205952396,10.171766102329258,10.279745101928711,10800,0.0,0.0
2024-05-14 00:00:00-04:00,10.32602109184673,10.380463600158691,10.32602109184673,10.380463600158691,1200,0.0,0.0
2024-05-15 00:00:00-04:00,10.443981011945844,10.580088148051566,10.289725796173725,10.41948127746582,5600,0.0,0.0
2024-05-16 00:00:00-04:00,10.434906646630823,10.548329544963767,10.298799514770508,10.298799514770508,2900,0.0,0.0
2024-05-17 00:00:00-04:00,10.480277882683977,10.480277882683977,10.180841445922852,10.180841445922852,4400,0.0,0.0
2024-05-20 00:00:00-04:00,10.180840337818431,10.339632580114092,10.171766297607684,10.257967948913574,7000,0.0,0.0
2024-05-21 00:00:00-04:00,10.344169786686411,10.525647147961905,10.338725881215277,10.353243827819824,8900,0.0,0.0
2024-05-22 00:00:00-04:00,10.185376868002564,10.425832864584596,10.185376868002564,10.316946983337402,14700,0.0,0.0
2024-05-23 00:00:00-04:00,10.253431963692478,10.416760377230233,10.208062623407695,10.26704216003418,2700,0.0,0.0
2024-05-24 00:00:00-04:00,10.171765808341142,10.471202198107942,10.171765808341142,10.316946983337402,4800,0.0,0.0
2024-05-28 00:00:00-04:00,10.1989879421959,10.316947873393934,10.171766685872702,10.25343132019043,26000,0.0,0.0
2024-05-29 00:00:00-04:00,10.180840134611882,10.253430724152766,10.180840134611882,10.217135429382324,5500,0.0,0.0
2024-05-30 00:00:00-04:00,10.217134889515101,10.344167981825253,10.208060849964935,10.298799514770508,6200,0.0,0.0
2024-05-31 00:00:00-04:00,10.335094807623127,10.344167981825253,10.242541507977132,10.298799514770508,7700,0.0,0.0
2024-06-03 00:00:00-04:00,10.335095062885966,10.335095062885966,10.208061102090207,10.316946983337402,24300,0.0,0.0
2024-06-04 00:00:00-04:00,10.217135480645805,10.380463875258233,10.171766145618095,10.335095405578613,21000,0.0,0.0
2024-06-05 00:00:00-04:00,10.371391739652113,10.380464915288234,10.276116040013338,10.344169616699219,2100,0.0,0.0
2024-06-06 00:00:00-04:00,10.2352831150503,10.3804643008123,10.2352831150503,10.362317085266113,2600,0.0,0.0
2024-06-07 00:00:00-04:00,10.371390596658816,10.625457658782112,10.371390596658816,10.389537811279297,16700,0.0,0.0
2024-06-10 00:00:00-04:00,10.471203493455846,10.761565879367858,10.362317598738843,10.711660385131836,16700,0.0,0.0
2024-06-11 00:00:00-04:00,10.679901466843212,10.788787355030083,10.49116558118006,10.557404518127441,20100,0.0,0.0
2024-06-12 00:00:00-04:00,10.640883287286332,10.652678846913828,10.575551238224882,10.61638355255127,5900,0.0,0.0
2024-06-13 00:00:00-04:00,10.520200979223086,10.652678846913828,10.520200979223086,10.61638355255127,3600,0.0,0.0
2024-06-14 00:00:00-04:00,10.543793351715316,10.75249195098877,10.543793351715316,10.75249195098877,24100,0.0,0.0
2024-06-17 00:00:00-04:00,10.788786849784481,10.788786849784481,10.61638355255127,10.61638355255127,25600,0.0,0.0
2024-06-18 00:00:00-04:00,10.707121970913613,11.296920706859018,10.525645503341801,11.233404159545898,68500,0.0,0.0
2024-06-20 00:00:00-04:00,11.122274912580075,11.418621666114488,10.724058300130963,10.74258041381836,46500,0.25,0.0
2024-06-21 00:00:00-04:00,11.11764417307223,11.51123024962664,11.020404844425624,11.1685791015625,7300,0.0,0.0
2024-06-24 00:00:00-04:00,11.094491079939463,11.109309123278248,10.80740540038177,11.103752136230469,11400,0.0,0.0
2024-06-25 00:00:00-04:00,11.085231371159882,11.085231371159882,10.751840396182367,10.872231483459473,21300,0.0,0.0
2024-06-26 00:00:00-04:00,10.770362093506957,11.001883202439137,10.761101037185764,10.955578804016113,4500,0.0,0.0
2024-06-27 00:00:00-04:00,10.992622339485195,11.001883395969294,10.825926855503203,10.835187911987305,4300,0.0,0.0
2024-06-28 00:00:00-04:00,10.99262302854389,11.00188408560851,10.761101901026496,10.946318626403809,7000,0.0,0.0
2024-07-01 00:00:00-04:00,10.844449159320568,10.937057959425466,10.649971385646658,10.705536842346191,7500,0.0,0.0
2024-07-02 00:00:00-04:00,10.70553708466664,10.70553708466664,10.427711561246317,10.436972618103027,9000,0.0,0.0
2024-07-03 00:00:00-04:00,10.464754632726759,11.19636132486061,10.464754632726759,10.862970352172852,5000,0.0,0.0
2024-07-05 00:00:00-04:00,11.020404742798972,11.020404742798972,10.492536882160284,10.69627571105957,4800,0.0,0.0
2024-07-08 00:00:00-04:00,10.631449695622338,10.74258061344586,10.56662406287779,10.62218952178955,3500,0.0,0.0
2024-07-09 00:00:00-04:00,10.793514613258697,11.094491899485993,10.557362959491217,10.770362854003906,2000,0.0,0.0
2024-07-10 00:00:00-04:00,10.742579729699395,11.028739832392022,10.705536387866623,10.937057495117188,2300,0.0,0.0
2024-07-11 00:00:00-04:00,10.946319270563567,10.946319270563567,10.812037467956543,10.812037467956543,1600,0.0,0.0
2024-07-12 00:00:00-04:00,10.9648406623161,11.085231753748305,10.841671077147728,10.927797317504883,2300,0.0,0.0
2024-07-15 00:00:00-04:00,10.816667801362607,11.01114559173584,10.474016624644634,11.01114559173584,6600,0.0,0.0
2024-07-16 00:00:00-04:00,10.96484088897705,10.96484088897705,10.862971026253136,10.96484088897705,1100,0.0,0.0
2024-07-17 00:00:00-04:00,11.020404736746684,11.020404736746684,10.872231364240566,11.001883506774902,2300,0.0,0.0
2024-07-18 00:00:00-04:00,11.10375255910119,11.10375255910119,10.64997138175552,11.020404815673828,4000,0.0,0.0
2024-07-19 00:00:00-04:00,11.159318470810465,11.242666217636398,11.06485763219554,11.08523178100586,5400,0.0,0.0
2024-07-22 00:00:00-04:00,10.839819217599143,11.205623026307876,10.835188689025017,11.113014221191406,3200,0.0,0.0
2024-07-23 00:00:00-04:00,11.113014221191406,11.113014221191406,11.043558058945564,11.113014221191406,1400,0.0,0.0
2024-07-24 00:00:00-04:00,10.79351493657152,10.974102020263672,10.79351493657152,10.974102020263672,1500,0.0,0.0
2024-07-25 00:00:00-04:00,10.974101896699722,11.113014221191406,10.956506241391253,11.113014221191406,2700,0.0,0.0
2024-07-26 00:00:00-04:00,10.492536951544496,11.11301361574489,10.492536951544496,11.020404815673828,5500,0.0,0.0
2024-07-29 00:00:00-04:00,11.011145116000224,11.020405289859399,10.779623989043657,10.788884162902832,4200,0.0,0.0
2024-07-30 00:00:00-04:00,10.816666491929983,10.964839860337307,10.816666491929983,10.955578804016113,3400,0.0,0.0
2024-07-31 00:00:00-04:00,10.864823389433239,11.103752647089838,10.825927127858067,11.100975036621094,5300,0.0,0.0
2024-08-01 00:00:00-04:00,11.000957548154258,11.001884007127316,10.887049019984442,10.927797317504883,3100,0.0,0.0
2024-08-02 00:00:00-04:00,10.927797120274366,11.08523155367633,10.876862190884617,11.048188209533691,2900,0.0,0.0
2024-08-05 00:00:00-04:00,10.881492614746094,10.881492614746094,10.566623750967567,10.881492614746094,8800,0.0,0.0
2024-08-06 00:00:00-04:00,10.872231885430365,11.09449195484418,10.731467528074818,11.08523178100586,1700,0.0,0.0
2024-08-07 00:00:00-04:00,11.11301361574489,11.11301361574489,10.881492498750205,11.020404815673828,4600,0.0,0.0
2024-08-08 00:00:00-04:00,10.875009935736209,11.11301361574489,10.875009935736209,11.020404815673828,4900,0.0,0.0
2024-08-09 00:00:00-04:00,10.927797134777368,10.927797134777368,10.557362809676361,10.74258041381836,7700,0.0,0.0
2024-08-12 00:00:00-04:00,10.677753825037925,10.91853600220614,10.677753825037925,10.733319282531738,1900,0.0,0.0
2024-08-13 00:00:00-04:00,10.724059195337281,10.890754699707031,10.724059195337281,10.890754699707031,2400,0.0,0.0
2024-08-14 00:00:00-04:00,10.735170974871293,10.835187911987305,10.735170974871293,10.835187911987305,1100,0.0,0.0
2024-08-15 00:00:00-04:00,10.705537574000699,10.705537574000699,10.585146478909563,10.677754402160645,3000,0.0,0.0
2024-08-16 00:00:00-04:00,10.566624364349527,10.677754402160645,10.566624364349527,10.677754402160645,4000,0.0,0.0
2024-08-19 00:00:00-04:00,10.585145954291653,10.599963115295497,10.585145954291653,10.594406127929688,3800,0.0,0.0
2024-08-20 00:00:00-04:00,10.557363008865062,10.668493926720195,10.557363008865062,10.629597663879395,3100,0.0,0.0
2024-08-21 00:00:00-04:00,10.64070980191588,10.668492970480905,10.631448745727539,10.631448745727539,1200,0.0,0.0
2024-08-22 00:00:00-04:00,10.66849422454834,10.66849422454834,10.66849422454834,10.66849422454834,300,0.0,0.0
2024-08-23 00:00:00-04:00,10.603667706792608,10.66849422454834,10.585146475421707,10.66849422454834,5800,0.0,0.0
2024-08-26 00:00:00-04:00,10.664788471952393,10.69627571105957,10.664788471952393,10.69627571105957,700,0.0,0.0
2024-08-27 00:00:00-04:00,10.61755899554719,10.64163721388359,10.557363008114686,10.627745628356934,5500,0.0,0.0
2024-08-28 00:00:00-04:00,10.566623762278425,10.585145875783097,10.566623762278425,10.575884819030762,1600,0.0,0.0
2024-08-29 00:00:00-04:00,10.566623118775007,10.631448745727539,10.566623118775007,10.631448745727539,600,0.0,0.0
2024-08-30 00:00:00-04:00,10.622189447453914,10.622189447453914,10.61292839050293,10.61292839050293,700,0.0,0.0
2024-09-03 00:00:00-04:00,10.589776250442826,10.589776250442826,10.548102378845215,10.548102378845215,1100,0.0,0.0
2024-09-04 00:00:00-04:00,10.524025116375386,10.557363510131836,10.520320163482298,10.557363510131836,900,0.0,0.0
2024-09-05 00:00:00-04:00,10.61292839050293,10.622189447453914,10.61292839050293,10.61292839050293,800,0.0,0.0
2024-09-06 00:00:00-04:00,10.61292839050293,10.61292839050293,10.61292839050293,10.61292839050293,300,0.0,0.0
2024-09-09 00:00:00-04:00,10.52495004205078,10.603667259216309,10.288798390554192,10.603667259216309,5300,0.0,0.0
2024-09-10 00:00:00-04:00,10.37214620887534,10.61292839050293,10.37214620887534,10.61292839050293,1500,0.0,0.0
2024-09-11 00:00:00-04:00,10.622189951379859,10.64071118297749,10.53884220123291,10.53884220123291,1500,0.0,0.0
2024-09-12 00:00:00-04:00,10.585146605001553,10.585146605001553,10.53884220123291,10.53884220123291,2300,0.0,0.0
2024-09-13 00:00:00-04:00,10.53884220123291,10.631450125587152,10.53884220123291,10.53884220123291,1100,0.0,0.0
2024-09-16 00:00:00-04:00,10.640710929158463,10.862971002126597,10.603667583663773,10.807406425476074,5900,0.0,0.0
2024-09-17 00:00:00-04:00,10.853709421110038,11.048187180541616,10.853709421110038,11.038926124572754,12200,0.0,0.0
2024-09-18 00:00:00-04:00,11.066709257802032,11.103752601334758,10.872231483459473,10.872231483459473,8800,0.0,0.0
2024-09-19 00:00:00-04:00,11.080403808634134,11.089866368312062,10.730297222145019,10.976318359375,7700,0.25,0.0
2024-09-20 00:00:00-04:00,10.957393081244318,10.957393081244318,10.787070619107052,10.815458297729492,9000,0.0,0.0
2024-09-23 00:00:00-04:00,10.739759261609375,10.857091927774494,10.664060592651367,10.664060592651367,3700,0.0,0.0
2024-09-24 00:00:00-04:00,10.666898594910553,10.666898594910553,10.266642087470464,10.270426750183105,46000,0.0,0.0
2024-09-25 00:00:00-04:00,10.20986812515647,10.238254901663296,10.189050674438477,10.189050674438477,7900,0.0,0.0
2024-09-26 00:00:00-04:00,10.399113912518985,10.399113912518985,10.204190254211426,10.204190254211426,2600,0.0,0.0
2024-09-27 00:00:00-04:00,10.190943717956543,10.192836049368408,9.98277192186253,10.190943717956543,6700,0.0,0.0
2024-09-30 00:00:00-04:00,10.030083747406929,10.12470663414136,10.030083747406929,10.067933082580566,4100,0.0,0.0
2024-10-01 00:00:00-04:00,9.973309123273182,10.219330248903665,9.973309123273182,10.157824516296387,4900,0.0,0.0
2024-10-02 00:00:00-04:00,10.597823526137127,10.597823526137127,10.408576854713115,10.455888748168945,4700,0.0,0.0
2024-10-03 00:00:00-04:00,10.493738275805569,11.827928461927048,10.422770885513872,11.118252754211426,42700,0.0,0.0
2024-10-04 00:00:00-04:00,11.496745710182465,11.61502499074977,11.028359867423847,11.260187149047852,77800,0.0,0.0
2024-10-07 00:00:00-04:00,11.354811617783934,11.875240664078902,11.354811617783934,11.733304977416992,51000,0.0,0.0
2024-10-08 00:00:00-04:00,11.79007958937883,11.8941650390625,11.68599413969516,11.8941650390625,44700,0.0,0.0
2024-10-09 00:00:00-04:00,11.809003025078072,12.1780347080115,11.809003025078072,12.055024147033691,35200,0.0,0.0
2024-10-10 00:00:00-04:00,12.065432995910507,12.196959495544434,12.040830884381885,12.196959495544434,22900,0.0,0.0
2024-10-11 00:00:00-04:00,12.206421167701219,12.272658177224688,12.111798286437988,12.111798286437988,32600,0.0,0.0
2024-10-14 00:00:00-04:00,12.159111371393218,12.660615308256784,12.10233691514481,12.51867961883545,37800,0.0,0.0
2024-10-15 00:00:00-04:00,12.603839688136599,12.603839688136599,12.282119904702602,12.528141021728516,9000,0.0,0.0
2024-10-16 00:00:00-04:00,12.414593030171577,12.594378039806893,12.329431804807406,12.485560417175293,7900,0.0,0.0
2024-10-17 00:00:00-04:00,12.38620662689209,12.43351852044494,12.310507958167255,12.38620662689209,4900,0.0,0.0
2024-10-18 00:00:00-04:00,12.367281982144643,12.608571836345547,12.367281982144643,12.4902925491333,7100,0.0,0.0
2024-10-21 00:00:00-04:00,12.414593328063336,12.537603889607782,12.263195991516113,12.263195991516113,6000,0.0,0.0
2024-10-22 00:00:00-04:00,12.196959973729673,12.301045417785645,12.196959973729673,12.301045417785645,3900,0.0,0.0
2024-10-23 00:00:00-04:00,12.263196083365354,12.301045417785645,12.263196083365354,12.301045417785645,1100,0.0,0.0
2024-10-24 00:00:00-04:00,12.263195991516113,12.263195991516113,12.263195991516113,12.263195991516113,500,0.0,0.0
2024-10-25 00:00:00-04:00,12.272658642570255,12.301045417785645,12.272658642570255,12.301045417785645,2300,0.0,0.0
2024-10-28 00:00:00-04:00,12.291583264168018,12.301045823685158,12.282120704650879,12.282120704650879,1400,0.0,0.0
2024-10-29 00:00:00-04:00,12.263196295718176,12.28212051205636,12.178035066198017,12.249002456665039,11900,0.0,0.0
2024-10-30 00:00:00-04:00,12.187497231395017,12.301045232949713,12.187497231395017,12.225346565246582,4700,0.0,0.0
2024-10-31 00:00:00-04:00,12.21588442177477,12.30104565143785,12.092873856972473,12.163841247558594,7600,0.0,0.0
2024-11-01 00:00:00-04:00,12.301045417785645,12.43635658529834,12.159110639309382,12.301045417785645,7300,0.0,0.0
2024-11-04 00:00:00-05:00,12.178035169062863,12.279282569885254,12.178035169062863,12.279282569885254,800,0.0,0.0
2024-11-05 00:00:00-05:00,12.121260922138573,12.272658255039095,12.121260922138573,12.234808921813965,2900,0.0,0.0
2024-11-06 00:00:00-05:00,12.225346269646911,12.225346269646911,12.12126082967164,12.196959495544434,1800,0.0,0.0
2024-11-07 00:00:00-05:00,12.139239844323347,12.139239844323347,12.130722999572754,12.130722999572754,1100,0.0,0.0
2024-11-08 00:00:00-05:00,12.253734138870426,12.253734138870426,12.026638120956383,12.06448745727539,8100,0.0,0.0
2024-11-11 00:00:00-05:00,12.055024694801956,12.196960380410061,12.026637918640073,12.073949813842773,8900,0.0,0.0
2024-11-12 00:00:00-05:00,11.9698636424105,12.196960562290048,11.932014306163802,12.149648666381836,11000,0.0,0.0
2024-11-13 00:00:00-05:00,12.102336770473624,12.15911122604335,11.949047094034398,12.149648666381836,5300,0.0,0.0
2024-11-14 00:00:00-05:00,12.20642140677437,12.244270740500829,11.932013511657715,11.932013511657715,4000,0.0,0.0
2024-11-15 00:00:00-05:00,12.14018561126965,12.348357403330514,12.14018561126965,12.338894844055176,6900,0.0,0.0
2024-11-18 00:00:00-05:00,12.52814151756536,12.52814151756536,12.206421721398385,12.338894844055176,10600,0.0,0.0
2024-11-19 00:00:00-05:00,12.225346565246582,12.225346565246582,12.225346565246582,12.225346565246582,500,0.0,0.0
2024-11-20 00:00:00-05:00,12.185604917787803,12.249002078321762,12.140185356140137,12.140185356140137,3800,0.0,0.0
2024-11-21 00:00:00-05:00,12.239540606728127,12.301045436856713,12.140185539721257,12.2158842086792,5400,0.0,0.0
2024-11-22 00:00:00-05:00,12.249948788097464,12.301045344138975,12.075841670326646,12.178034782409668,600,0.0,0.0
2024-11-25 00:00:00-05:00,12.223454630170952,12.253733737274064,12.040831565856934,12.040831565856934,5700,0.0,0.0
2024-11-26 00:00:00-05:00,11.969863730825779,12.291583542498774,11.969863730825779,12.187498092651367,5900,0.0,0.0
2024-11-27 00:00:00-05:00,12.206421482883517,12.225346601064397,12.055024147033691,12.055024147033691,1200,0.0,0.0
2024-11-29 00:00:00-05:00,12.187496952408285,12.187496952408285,12.111798286437988,12.111798286437988,400,0.0,0.0
2024-12-02 00:00:00-05:00,12.111799127831258,12.206422015667837,12.073949792216759,12.159111022949219,5400,0.0,0.0
2024-12-03 00:00:00-05:00,12.301045250843107,12.301045250843107,12.056916460585848,12.140185356140137,41800,0.0,0.0
2024-12-04 00:00:00-05:00,12.206422033312457,12.282120704650879,12.12126170485624,12.282120704650879,900,0.0,0.0
2024-12-05 00:00:00-05:00,12.301045391268312,12.301045391268312,12.14586339119944,12.285905838012695,2600,0.0,0.0
2024-12-06 00:00:00-05:00,12.348357152902151,12.348357152902151,12.017174804176314,12.097604751586914,22600,0.0,0.0
2024-12-09 00:00:00-05:00,12.338894584749728,12.338894584749728,12.121261140386476,12.140185356140137,5100,0.0,0.0
2024-12-10 00:00:00-05:00,12.28212042033254,12.355926758538864,12.211153030395508,12.211153030395508,4600,0.0,0.0
2024-12-11 00:00:00-05:00,12.083412170410156,12.083412170410156,12.083412170410156,12.083412170410156,1400,0.0,0.0
2024-12-12 00:00:00-05:00,12.083412170410156,12.083412170410156,12.083412170410156,12.083412170410156,1300,0.0,0.0
2024-12-13 00:00:00-05:00,12.329431891779345,12.329431891779345,12.094765663146973,12.094765663146973,700,0.0,0.0
2024-12-16 00:00:00-05:00,12.167626976401202,12.291583257369522,12.111799138640043,12.116530418395996,2900,0.0,0.0
2024-12-17 00:00:00-05:00,12.265087949667945,12.265087949667945,12.111798286437988,12.111798286437988,1800,0.0,0.0
2024-12-18 00:00:00-05:00,12.329432396262531,12.528141630844784,12.078680889993988,12.291583061218262,18800,0.0,0.0
2024-12-19 00:00:00-05:00,12.223566638312832,12.223566638312832,11.864050081498165,11.883482933044434,7500,0.34,0.0
2024-12-20 00:00:00-05:00,11.825183623613771,12.515067006623369,11.825183623613771,12.000083923339844,1700,0.0,0.0
2024-12-23 00:00:00-05:00,11.913604672767965,12.136116428096846,11.659999984461518,11.927207946777344,9400,0.0,0.0
2024-12-24 00:00:00-05:00,11.985508918762207,11.985508918762207,11.985508918762207,11.985508918762207,900,0.0,0.0
2024-12-26 00:00:00-05:00,12.145833705862367,12.145833705862367,11.728016729851559,11.81546688079834,4200,0.0,0.0
2024-12-27 00:00:00-05:00,12.000084198398929,12.50535040402275,11.72801685333252,11.72801685333252,2600,0.0,0.0
2024-12-30 00:00:00-05:00,11.82518375947684,12.136116805536872,10.746634060965926,11.10615062713623,22100,0.0,0.0
2024-12-31 00:00:00-05:00,11.329633311309621,12.213849839564135,10.678616563256693,11.83975887298584,36600,0.0,0.0
2025-01-02 00:00:00-05:00,11.854333387307037,12.205105120360587,11.543400344226006,12.204133987426758,8100,0.0,0.0
2025-01-03 00:00:00-05:00,11.951500233660855,12.184700012207031,11.72607322507409,12.184700012207031,8200,0.0,0.0
2025-01-06 00:00:00-05:00,11.78631682552726,12.184700012207031,11.707611506440168,12.184700012207031,7400,0.0,0.0
2025-01-07 00:00:00-05:00,11.96121754063937,12.184700437890307,11.689150196177037,11.825183868408203,3500,0.0,0.0
2025-01-08 00:00:00-05:00,11.796033512560523,11.888341177495326,11.3684996658961,11.65999984741211,9900,0.0,0.0
2025-01-10 00:00:00-05:00,11.349067326955646,11.650283484350897,10.911816571618068,11.008983612060547,12800,0.0,0.0
2025-01-13 00:00:00-05:00,11.261617374795373,11.300484006328128,10.902100801453994,10.998295783996582,2800,0.0,0.0
2025-01-14 00:00:00-05:00,11.174166901937813,11.248013777729714,10.75634992994491,10.79521656036377,10400,0.0,0.0
2025-01-15 00:00:00-05:00,10.804933626776934,10.931250409372558,10.591166692641757,10.610600471496582,21700,0.0,0.0
2025-01-16 00:00:00-05:00,10.649466662854493,11.670687977179437,10.523149885474272,10.766066551208496,13300,0.0,0.0
2025-01-17 00:00:00-05:00,10.698050400577896,11.180968489904693,10.396833321166758,10.688333511352539,8400,0.0,0.0
2025-01-21 00:00:00-05:00,10.86323420974705,10.86323420974705,10.600883750948958,10.630033493041992,4300,0.0,0.0
2025-01-22 00:00:00-05:00,10.60088336163145,10.848658476956684,10.60088336163145,10.688333511352539,2400,0.0,0.0
2025-01-23 00:00:00-05:00,10.68833397415068,10.809792314766028,10.610600710289145,10.736917495727539,3800,0.0,0.0
2025-01-24 00:00:00-05:00,11.008983442560831,11.008983442560831,10.65918377033003,10.688333511352539,13600,0.0,0.0
2025-01-27 00:00:00-05:00,10.82436728009303,10.950684061223658,10.698050498962402,10.698050498962402,3700,0.0,0.0
2025-01-28 00:00:00-05:00,10.872949528637289,10.950683714036934,10.80493315889783,10.86323356628418,4400,0.0,0.0
2025-01-29 00:00:00-05:00,10.970117344558506,11.115866983396062,10.872950300897731,11.047850608825684,4600,0.0,0.0
2025-01-30 00:00:00-05:00,11.125583789775165,11.242183685302734,11.125583789775165,11.242183685302734,4000,0.0,0.0
2025-01-31 00:00:00-05:00,11.154732752248572,11.154732752248572,10.980804517412302,11.05756664276123,1500,0.0,0.0
2025-02-03 00:00:00-05:00,11.261617022235487,11.397649765014648,11.120724908181574,11.397649765014648,3000,0.0,0.0
2025-02-04 00:00:00-05:00,11.290766716003418,11.347123932050286,11.281049826801743,11.290766716003418,2200,0.0,0.0
2025-02-05 00:00:00-05:00,11.271333864253625,11.34420867995907,11.271333864253625,11.290766716003418,1800,0.0,0.0
2025-02-06 00:00:00-05:00,11.300483605205093,11.374330480492128,11.290766716003418,11.290766716003418,2400,0.0,0.0
2025-02-07 00:00:00-05:00,11.290766814326988,11.353925668034323,11.290766814326988,11.300483703613281,1400,0.0,0.0
2025-02-10 00:00:00-05:00,11.300483703613281,11.300483703613281,11.300483703613281,11.300483703613281,0,0.0,0.0
2025-02-11 00:00:00-05:00,11.317973363005754,11.562833227768216,11.300483703613281,11.300483703613281,5400,0.0,0.0
2025-02-12 00:00:00-05:00,11.368500023186535,11.698866844177246,11.368500023186535,11.698866844177246,20100,0.0,0.0
2025-02-13 00:00:00-05:00,11.951500777666682,11.951500777666682,11.728016951397281,11.737733840942383,4700,0.0,0.0
2025-02-14 00:00:00-05:00,11.708583562513828,11.883482933044434,11.679433821867653,11.883482933044434,2900,0.0,0.0
2025-02-18 00:00:00-05:00,11.89320019541686,12.11571195885921,11.684291706479907,11.718300819396973,3900,0.0,0.0
2025-02-19 00:00:00-05:00,11.796034100970893,12.291583414948239,11.786317211549836,11.922350883483887,10400,0.0,0.0
2025-02-20 00:00:00-05:00,11.949557432539981,12.143890587693214,11.922350883483887,11.922350883483887,5100,0.0,0.0
2025-02-21 00:00:00-05:00,12.029233417157196,12.10696667618135,11.679433751548501,11.873766899108887,4400,0.0,0.0
2025-02-24 00:00:00-05:00,12.097250090541966,12.291583242976275,12.049638630359933,12.197332382202148,4000,0.0,0.0
2025-02-25 00:00:00-05:00,12.097250252304942,12.126399993896484,11.97190552947309,12.126399993896484,1700,0.0,0.0
2025-02-26 00:00:00-05:00,11.970933157407156,11.99036693572998,11.718300525785331,11.99036693572998,10500,0.0,0.0
2025-02-27 00:00:00-05:00,11.83004235785056,11.98065043816091,11.83004235785056,11.932066917419434,8000,0.0,0.0
2025-02-28 00:00:00-05:00,11.844616987901945,11.9077758440483,11.805750355909419,11.854333877563477,3100,0.0,0.0
2025-03-03 00:00:00-05:00,11.776600668922896,11.902917455155634,11.75716781616211,11.75716781616211,5100,0.0,0.0
2025-03-04 00:00:00-05:00,11.864049881807963,11.864049881807963,11.630850107256569,11.65999984741211,6800,0.0,0.0
2025-03-05 00:00:00-05:00,11.640566610741352,11.786317171602468,11.436517493512227,11.514250755310059,4200,0.0,0.0
2025-03-06 00:00:00-05:00,11.41708376617051,11.572550290466557,10.931250414418573,11.319916725158691,7300,0.0,0.0
2025-03-07 00:00:00-05:00,11.30048374999728,11.762024873147826,11.290766860671104,11.407366752624512,4700,0.0,0.0
2025-03-10 00:00:00-04:00,11.387934160676465,11.387934160676465,10.785500908500124,11.028417587280273,18200,0.0,0.0
2025-03-11 00:00:00-04:00,11.125583873092861,11.368500555591192,10.979834234255303,11.047850608825684,7900,0.0,0.0
2025-03-12 00:00:00-04:00,11.047850608825684,11.047850608825684,11.047850608825684,11.047850608825684,0,0.0,0.0
2025-03-13 00:00:00-04:00,11.271334202354787,11.271334202354787,10.989550893628596,11.072142601013184,1900,0.0,0.0
2025-03-14 00:00:00-04:00,11.067283867429994,11.730931834711717,10.960399939102022,11.668745040893555,13900,0.0,0.0
2025-03-17 00:00:00-04:00,11.669717395701143,11.689150248018306,10.90210073277475,11.276191711425781,39000,0.0,0.0
2025-03-18 00:00:00-04:00,11.271334409674951,11.604615570868605,10.843800530648421,11.145017623901367,37300,0.0,0.0
2025-03-19 00:00:00-04:00,11.086716628697443,11.465666966062678,10.9603998495757,11.183883666992188,23500,0.0,0.0
2025-03-20 00:00:00-04:00,11.174167295803505,11.349067602180016,10.999266989426996,11.03813362121582,8700,0.0,0.0
2025-03-21 00:00:00-04:00,11.180968682474377,11.504533871353747,11.038133373692975,11.213033676147461,4300,0.0,0.0
2025-03-24 00:00:00-04:00,11.222750817202936,11.407367086536455,11.03813362121582,11.03813362121582,3000,0.0,0.0
2025-03-25 00:00:00-04:00,11.028417220762124,11.508420057979746,10.989550590515137,10.989550590515137,7500,0.0,0.0
2025-03-26 00:00:00-04:00,11.174166944553184,11.514250657005359,11.174166944553184,11.504533767700195,14800,0.0,0.0
2025-03-27 00:00:00-04:00,11.414167931912743,11.796033512560523,11.038132855288193,11.65999984741211,14300,0.0,0.0
2025-03-28 00:00:00-04:00,11.75,11.75,11.25,11.437000274658203,7800,0.34,0.0
2025-03-31 00:00:00-04:00,11.15999984741211,11.5,11.149999618530273,11.25,17800,0.0,0.0
2025-04-01 00:00:00-04:00,11.260000228881836,11.300000190734863,10.800000190734863,11.107799530029297,31527,0.0,0.0
