Date,Open,High,Low,Close,Volume,Dividends,Stock Splits
2022-09-14 00:00:00-04:00,7.298091734321269,7.333866660354549,6.707805028301389,6.752523899078369,795300,0.0,0.0
2022-09-15 00:00:00-04:00,6.7078057930068695,6.877736924272874,6.7078057930068695,6.797243118286133,157900,0.0,0.0
2022-09-16 00:00:00-04:00,6.707805156707764,6.855376836037673,6.698861211792852,6.707805156707764,71700,0.0,0.0
2022-09-19 00:00:00-04:00,6.707806198654291,6.864321847211224,6.707806198654291,6.716750144958496,40700,0.0,0.0
2022-09-20 00:00:00-04:00,6.707805374454891,6.761467766274036,6.707805374454891,6.7346367835998535,59000,0.0,0.0
2022-09-21 00:00:00-04:00,6.7435799543346695,6.8687921954511495,6.707805028301389,6.752523899078369,31500,0.0,0.0
2022-09-22 00:00:00-04:00,6.765939389723159,6.824073751144929,6.725692491318029,6.752523899078369,7000,0.0,0.0
2022-09-23 00:00:00-04:00,6.877736140194849,6.877736140194849,6.707805028301389,6.752523899078369,57700,0.0,0.0
2022-09-26 00:00:00-04:00,6.752524157811864,6.752524157811864,6.707805285321411,6.7256927490234375,86700,0.0,0.0
2022-09-27 00:00:00-04:00,6.734636564981732,6.797242473503047,6.707805156707764,6.707805156707764,42300,0.0,0.0
2022-09-28 00:00:00-04:00,6.707805156707764,6.721220647609364,6.707805156707764,6.707805156707764,25300,0.0,0.0
2022-09-29 00:00:00-04:00,6.707806198654291,6.734637611096074,6.698862252350086,6.716750144958496,33000,0.0,0.0
2022-09-30 00:00:00-04:00,6.725692620066821,6.725692620066821,6.698861211792852,6.707805156707764,22000,0.0,0.0
2022-10-03 00:00:00-04:00,6.680973878043227,6.71227725938193,6.65414289571951,6.663086414337158,12900,0.0,0.0
2022-10-04 00:00:00-04:00,6.688128905237861,6.770411319895699,6.573648801468302,6.618367671966553,50300,0.0,0.0
2022-10-05 00:00:00-04:00,6.752524794972677,6.815130710601807,6.591537179993054,6.815130710601807,4500,0.0,0.0
2022-10-06 00:00:00-04:00,6.672030060682001,7.950985151047816,6.345583329574582,6.618367671966553,51800,0.0,0.0
2022-10-07 00:00:00-04:00,6.627311573490782,6.752524247539569,6.421605524948667,6.7346367835998535,21300,0.0,0.0
2022-10-10 00:00:00-04:00,6.743580302334321,6.752524247539569,6.707805374454891,6.7346367835998535,27400,0.0,0.0
2022-10-11 00:00:00-04:00,6.7435799543346695,6.7882988251116485,6.73016446368988,6.752523899078369,8900,0.0,0.0
2022-10-12 00:00:00-04:00,6.779355779822072,6.877737052701751,6.761468314432204,6.815130710601807,15100,0.0,0.0
2022-10-13 00:00:00-04:00,6.8240745291053155,6.8240745291053155,6.466324801517454,6.797243118286133,33600,0.0,0.0
2022-10-14 00:00:00-04:00,6.730165325812976,6.779355748792259,6.707805887560279,6.7435808181762695,900,0.0,0.0
2022-10-17 00:00:00-04:00,6.73910875023691,6.797243118286133,6.689918327951017,6.797243118286133,7700,0.0,0.0
2022-10-18 00:00:00-04:00,6.788298816127097,7.154992020718265,6.788298816127097,6.886679649353027,57700,0.0,0.0
2022-10-19 00:00:00-04:00,6.940342847811897,7.208655233984201,6.859849046666049,7.065555095672607,36400,0.0,0.0
2022-10-20 00:00:00-04:00,7.047667679872751,7.199711337978426,7.038723734586165,7.177351474761963,59400,0.0,0.0
2022-10-21 00:00:00-04:00,7.181823432249003,7.199711322784424,7.154992449387439,7.199711322784424,3800,0.0,0.0
2022-10-24 00:00:00-04:00,7.199711065001443,7.199711065001443,7.129055520505304,7.163936138153076,29600,0.0,0.0
2022-10-25 00:00:00-04:00,7.190767377516714,7.199711322784424,7.16393639465515,7.199711322784424,1800,0.0,0.0
2022-10-26 00:00:00-04:00,7.199710843156577,7.208654787828463,6.976117344008494,7.074498176574707,10100,0.0,0.0
2022-10-27 00:00:00-04:00,7.165725355174188,7.602179840361991,7.097752732601443,7.2444305419921875,67700,0.0,0.0
2022-10-28 00:00:00-04:00,7.262317940108691,7.333867803326183,7.262317940108691,7.26678991317749,1100,0.0,0.0
2022-10-31 00:00:00-04:00,7.3428112956083185,7.551200280672389,7.154992703035961,7.2354865074157715,34400,0.0,0.0
2022-11-01 00:00:00-04:00,7.19971166646056,7.602179840361991,7.065555466336482,7.2444305419921875,37900,0.0,0.0
2022-11-02 00:00:00-04:00,7.3025641441345215,7.3025641441345215,7.3025641441345215,7.3025641441345215,300,0.0,0.0
2022-11-03 00:00:00-04:00,7.244430956712154,7.620068167975253,7.244430956712154,7.512742519378662,77000,0.0,0.0
2022-11-04 00:00:00-04:00,7.557460707271689,7.566404652661526,7.517213805959002,7.539573669433594,4500,0.0,0.0
2022-11-07 00:00:00-05:00,7.450136018213984,7.450136018213984,7.333867285460223,7.423305034637451,8000,0.0,0.0
2022-11-08 00:00:00-05:00,7.3428112051848835,7.378586134141847,7.065555292533019,7.2265424728393555,17900,0.0,0.0
2022-11-09 00:00:00-05:00,6.940342921128583,7.154992491157326,6.93139897580866,7.146048545837402,18500,0.0,0.0
2022-11-10 00:00:00-05:00,7.029780388258351,7.423305034637451,7.029780388258351,7.423305034637451,13700,0.0,0.0
2022-11-11 00:00:00-05:00,7.333866311537904,7.333866311537904,7.132632255554199,7.132632255554199,15900,0.0,0.0
2022-11-14 00:00:00-05:00,7.146048634982321,7.690722629401705,7.132633143305867,7.154992580413818,30800,0.0,0.0
2022-11-15 00:00:00-05:00,7.289147442887864,7.289147442887864,7.132632255554199,7.132632255554199,17100,0.0,0.0
2022-11-16 00:00:00-05:00,7.3875303068309846,7.620067778674079,7.14604888923817,7.190767765045166,18900,0.0,0.0
2022-11-17 00:00:00-05:00,7.226542616986346,7.584291913691966,7.0566114878157755,7.503798961639404,16100,0.0,0.0
2022-11-18 00:00:00-05:00,7.369641995907761,7.602179454516597,7.324923122645822,7.459079742431641,10600,0.0,0.0
2022-11-21 00:00:00-05:00,7.459079742431641,7.512741707992717,7.459079742431641,7.459079742431641,3900,0.0,0.0
2022-11-22 00:00:00-05:00,7.4939599025461785,7.69161716798502,7.0968580326286945,7.262317180633545,36400,0.0,0.0
2022-11-23 00:00:00-05:00,7.289147507616001,7.566403813355125,7.105801338640775,7.1102728843688965,13300,0.0,0.0
2022-11-25 00:00:00-05:00,7.199711003314626,7.5753481584747995,7.154992131901933,7.485910415649414,4200,0.0,0.0
2022-11-28 00:00:00-05:00,7.5395741153120985,7.5395741153120985,7.3383395968479705,7.468024253845215,10900,0.0,0.0
2022-11-29 00:00:00-05:00,7.346188887145926,7.634982265875463,7.156667586850549,7.264965534210205,9300,0.075,0.0
2022-11-30 00:00:00-05:00,7.400337528361716,8.474289457117465,7.400337528361716,7.7613301277160645,20600,0.0,0.0
2022-12-01 00:00:00-05:00,8.117808722704597,8.501362952764952,7.526684474418714,8.266717910766602,3200,0.0,0.0
2022-12-02 00:00:00-05:00,7.869625980059497,9.476040167459749,7.869625980059497,8.185493469238281,28400,0.0,0.0
2022-12-05 00:00:00-05:00,8.185495875907398,9.006752794175965,8.113297522257783,8.51038932800293,163000,0.0,0.0
2022-12-06 00:00:00-05:00,8.483313205505008,8.510388230135046,8.014023967322357,8.302817344665527,60100,0.0,0.0
2022-12-07 00:00:00-05:00,8.40660397539076,8.40660397539076,8.131348057374035,8.329893112182617,18600,0.0,0.0
2022-12-08 00:00:00-05:00,8.329890854486314,8.438189223157606,8.113295838487902,8.275742530822754,70600,0.0,0.0
2022-12-09 00:00:00-05:00,8.158421127742738,8.456239530516836,7.761330210934677,8.16744613647461,46200,0.0,0.0
2022-12-12 00:00:00-05:00,8.149396507256625,8.275744053505532,7.829016428061815,8.158421516418457,34600,0.0,0.0
2022-12-13 00:00:00-05:00,8.050123796770148,8.257693838515278,7.310090276569629,7.40936279296875,103100,0.0,0.0
2022-12-14 00:00:00-05:00,7.544734435575434,7.869627870179611,7.264966045413193,7.725231170654297,122800,0.0,0.0
2022-12-15 00:00:00-05:00,7.7252314089877006,8.122322344933085,7.535710519845705,8.032073974609375,85600,0.0,0.0
2022-12-16 00:00:00-05:00,8.01402438621325,8.474289500915976,7.707180976411433,8.230619430541992,649300,0.0,0.0
2022-12-19 00:00:00-05:00,8.113297331281546,8.2667190443437,7.571809691655334,8.158421516418457,113900,0.0,0.0
2022-12-20 00:00:00-05:00,8.077198858362037,8.44721565948168,7.8786529428811365,8.329893112182617,120900,0.0,0.0
2022-12-21 00:00:00-05:00,8.230619213439757,8.311842568088625,8.108784181466456,8.131346702575684,17200,0.0,0.0
2022-12-22 00:00:00-05:00,8.212570449927524,8.22159459813055,8.023049566908513,8.122322082519531,5200,0.0,0.0
2022-12-23 00:00:00-05:00,8.0862223948465,8.212569929070034,8.0862223948465,8.176470756530762,9100,0.0,0.0
2022-12-27 00:00:00-05:00,8.122322082519531,8.122322082519531,7.995974540282785,8.122322082519531,5200,0.0,0.0
2022-12-28 00:00:00-05:00,8.086221732479876,8.122320902062157,8.023048400878906,8.023048400878906,7800,0.0,0.0
2022-12-29 00:00:00-05:00,8.113297073644288,8.122322082519531,8.113297073644288,8.122322082519531,4200,0.0,0.0
2022-12-30 00:00:00-05:00,8.113297027905661,8.492338791806839,8.023049521678654,8.438190460205078,30800,0.0,0.0
2023-01-03 00:00:00-05:00,8.329890836488635,8.483312520990712,8.060952326773577,8.465263366699219,16500,0.0,0.0
2023-01-04 00:00:00-05:00,8.483312606811523,8.483312606811523,8.356965943476636,8.483312606811523,49800,0.0,0.0
2023-01-05 00:00:00-05:00,8.447213916175176,8.483313087842381,8.032073011666252,8.474288940429688,44400,0.0,0.0
2023-01-06 00:00:00-05:00,8.474289194731847,8.474289194731847,8.032976097802534,8.384040832519531,13400,0.0,0.0
2023-01-09 00:00:00-05:00,8.474288940429688,8.474288940429688,8.221593878087113,8.474288940429688,25100,0.0,0.0
2023-01-10 00:00:00-05:00,8.140372100270017,8.343429635929676,8.032073715111538,8.122322082519531,45800,0.0,0.0
2023-01-11 00:00:00-05:00,8.167445474133974,8.44721383675646,8.014023780822754,8.014023780822754,29200,0.0,0.0
2023-01-12 00:00:00-05:00,8.02304832697556,8.149394989013672,8.02304832697556,8.149394989013672,1300,0.0,0.0
2023-01-13 00:00:00-05:00,8.122322082519531,8.122322082519531,8.027562071346134,8.122322082519531,4900,0.0,0.0
2023-01-17 00:00:00-05:00,8.072685394377913,8.122322082519531,8.023049566908513,8.122322082519531,8200,0.0,0.0
2023-01-18 00:00:00-05:00,8.122320902062157,8.122320902062157,8.023048400878906,8.023048400878906,4100,0.0,0.0
2023-01-19 00:00:00-05:00,8.03207385180806,8.03207385180806,7.905727168093257,7.941826343536377,8300,0.0,0.0
2023-01-20 00:00:00-05:00,7.932800726854968,8.041098244888735,7.869627389836644,7.995974063873291,4400,0.0,0.0
2023-01-23 00:00:00-05:00,8.023049578593312,8.023049578593312,7.6801069868845815,7.725231170654297,9800,0.0,0.0
2023-01-24 00:00:00-05:00,7.770353924945942,7.770353924945942,7.698155580468352,7.716205596923828,2100,0.0,0.0
2023-01-25 00:00:00-05:00,7.716205724179471,7.95987492564189,7.526684851632179,7.67108154296875,10500,0.0,0.0
2023-01-26 00:00:00-05:00,7.7793792358397855,7.944533622278724,7.508635003179114,7.698155879974365,4300,0.0,0.0
2023-01-27 00:00:00-05:00,7.662056134056979,7.959874509538195,7.355212750670968,7.55375862121582,34200,0.0,0.0
2023-01-30 00:00:00-05:00,7.52668506610796,7.553759231337013,7.350701701110822,7.499610900878906,9500,0.0,0.0
2023-01-31 00:00:00-05:00,7.553759142333097,7.553759142333097,7.490585803985596,7.490585803985596,1700,0.0,0.0
2023-02-01 00:00:00-05:00,7.535710694230977,7.535710694230977,7.283015595745822,7.328139781951904,3100,0.0,0.0
2023-02-02 00:00:00-05:00,7.40936236107012,7.535709896944996,7.382288196479852,7.481560707092285,14700,0.0,0.0
2023-02-03 00:00:00-05:00,7.490586423966153,7.490586423966153,7.283015514016425,7.3100905418396,20700,0.0,0.0
2023-02-06 00:00:00-05:00,7.273990422567074,7.445461273193359,7.264965414462495,7.445461273193359,18700,0.0,0.0
2023-02-07 00:00:00-05:00,7.400337093342607,7.472535436834953,7.264965414462495,7.445461273193359,14000,0.0,0.0
2023-02-08 00:00:00-05:00,7.364238739013672,7.463512117838922,7.2378920542138845,7.364238739013672,11500,0.0,0.0
2023-02-09 00:00:00-05:00,7.418387972338166,7.458999652859919,7.255941250251151,7.436437129974365,3400,0.0,0.0
2023-02-10 00:00:00-05:00,7.436436518101459,7.436436518101459,7.210816471843486,7.219841480255127,4700,0.0,0.0
2023-02-13 00:00:00-05:00,7.310090696850839,7.472536563873291,7.310090696850839,7.472536563873291,800,0.0,0.0
2023-02-14 00:00:00-05:00,7.400338052566749,7.400338052566749,7.283015514016425,7.3100905418396,6300,0.0,0.0
2023-02-15 00:00:00-05:00,7.3100905418396,7.3100905418396,7.3100905418396,7.3100905418396,1000,0.0,0.0
2023-02-16 00:00:00-05:00,7.283014771927851,7.283014771927851,7.147643089294434,7.147643089294434,2600,0.0,0.0
2023-02-17 00:00:00-05:00,7.192766535071076,7.192766535071076,7.138617778246519,7.174716949462891,11400,0.0,0.0
2023-02-21 00:00:00-05:00,7.174717913185899,7.174717913185899,7.039346218109131,7.039346218109131,5700,0.0,0.0
2023-02-22 00:00:00-05:00,7.283014463112005,7.292039471084132,7.174716949462891,7.174716949462891,3700,0.0,0.0
2023-02-23 00:00:00-05:00,7.075444443785901,7.228866136623513,6.840799400543419,7.174716949462891,423000,0.0,0.0
2023-02-24 00:00:00-05:00,7.255940352607901,7.31008954016211,7.219841181129141,7.23789119720459,32100,0.0,0.0
2023-02-27 00:00:00-05:00,7.278885916699704,7.278885916699704,7.1786762828115975,7.224225997924805,50000,0.075,0.0
2023-02-28 00:00:00-05:00,7.315326034946565,7.315326034946565,7.2333363720512125,7.287996292114258,15300,0.0,0.0
2023-03-01 00:00:00-05:00,7.2834405137421525,7.2834405137421525,7.1877855539159645,7.242445468902588,19600,0.0,0.0
2023-03-02 00:00:00-05:00,7.3153252601623535,7.324435463073859,7.1968956631014755,7.3153252601623535,13700,0.0,0.0
2023-03-03 00:00:00-05:00,7.242445468902588,7.278885412227003,7.151345610591549,7.242445468902588,30000,0.0,0.0
2023-03-06 00:00:00-05:00,7.251555993613744,7.251555993613744,7.137681057073827,7.196896076202393,21200,0.0,0.0
2023-03-07 00:00:00-05:00,7.114905785895893,7.196895876942064,7.072999806934266,7.151345729827881,43800,0.0,0.0
2023-03-08 00:00:00-05:00,7.142235961044082,7.151345729827881,7.128570656270789,7.151345729827881,5100,0.0,0.0
2023-03-09 00:00:00-05:00,7.151346558218575,7.151346558218575,7.087576866149902,7.087576866149902,20900,0.0,0.0
2023-03-10 00:00:00-05:00,7.151346194065607,7.151346194065607,6.741396581019196,6.7869462966918945,38400,0.0,0.0
2023-03-13 00:00:00-04:00,6.668516945680791,6.672160679812055,6.203906960866035,6.240346908569336,37000,0.0,0.0
2023-03-14 00:00:00-04:00,6.74139653834053,6.74139653834053,6.272231906931232,6.2858967781066895,29100,0.0,0.0
2023-03-15 00:00:00-04:00,6.386106485413086,6.495426317423979,6.094586498985641,6.194796562194824,75000,0.0,0.0
2023-03-16 00:00:00-04:00,6.194796327236612,6.422546185820336,6.194796327236612,6.376996040344238,24900,0.0,0.0
2023-03-17 00:00:00-04:00,6.4407661571310975,6.449875925587288,6.1765763559258495,6.376996040344238,123200,0.0,0.0
2023-03-20 00:00:00-04:00,6.203905949560399,6.39521586101631,5.967046328099691,6.085475921630859,69600,0.0,0.0
2023-03-21 00:00:00-04:00,6.158356384615088,6.376996040344238,5.993465275014062,6.376996040344238,51900,0.0,0.0
2023-03-22 00:00:00-04:00,6.376996413740895,6.376996413740895,5.830396808014214,5.875946521759033,32500,0.0,0.0
2023-03-23 00:00:00-04:00,5.9488274896034445,5.985267438303135,5.575317363833946,5.766627311706543,10300,0.0,0.0
2023-03-24 00:00:00-04:00,5.875946523434429,6.14742467665614,5.830396809676622,6.067256450653076,9100,0.0,0.0
2023-03-27 00:00:00-04:00,6.149247106627943,6.149247106627943,5.939717187840979,6.01259708404541,16500,0.0,0.0
2023-03-28 00:00:00-04:00,6.012596353973311,6.039926528930664,5.957936438457001,6.039926528930664,9000,0.0,0.0
2023-03-29 00:00:00-04:00,5.9670472436979765,6.05359201006559,5.821287019881058,6.008041858673096,28800,0.0,0.0
2023-03-30 00:00:00-04:00,6.094587184474619,6.094587184474619,5.930607418014648,6.01259708404541,7600,0.0,0.0
2023-03-31 00:00:00-04:00,6.049036119955384,6.276785978448869,5.957936263437667,5.976156234741211,47700,0.0,0.0
2023-04-03 00:00:00-04:00,5.985267188096237,6.01259693127929,5.967047214508057,5.967047214508057,10600,0.0,0.0
2023-04-04 00:00:00-04:00,5.976156957194708,6.267676967691438,5.962492085664709,6.14013671875,4200,0.0,0.0
2023-04-05 00:00:00-04:00,6.185686663539087,6.249456785884281,6.003486934550562,6.131026744842529,22100,0.0,0.0
2023-04-06 00:00:00-04:00,6.222126247318367,6.222126247318367,6.012596353973311,6.039926528930664,6800,0.0,0.0
2023-04-10 00:00:00-04:00,6.085476472616944,6.149246593675525,5.9943766099606925,6.030816555023193,30500,0.0,0.0
2023-04-11 00:00:00-04:00,6.120094878212772,6.14013671875,5.921497036676278,6.14013671875,22000,0.0,0.0
2023-04-12 00:00:00-04:00,6.085476799427259,6.176577101374311,5.976156958368919,5.985267162322998,3400,0.0,0.0
2023-04-13 00:00:00-04:00,6.030816148651841,6.030816148651841,5.976156234741211,5.976156234741211,4000,0.0,0.0
2023-04-14 00:00:00-04:00,6.049036800785015,6.0535919027231815,5.9214969873053835,6.021707057952881,55100,0.0,0.0
2023-04-17 00:00:00-04:00,5.921496391296387,6.0217064518575665,5.885056448255664,5.921496391296387,22800,0.0,0.0
2023-04-18 00:00:00-04:00,5.967046992513198,5.967046992513198,5.885056897217483,5.939716815948486,3100,0.0,0.0
2023-04-19 00:00:00-04:00,6.011685997759646,6.011685997759646,5.9032770897502065,5.967047214508057,2200,0.0,0.0
2023-04-20 00:00:00-04:00,5.921496456365311,6.276786122115681,5.8741244430121435,6.26767635345459,17000,0.0,0.0
2023-04-21 00:00:00-04:00,6.133758951594645,6.222126007080078,6.121915948636787,6.222126007080078,2300,0.0,0.0
2023-04-24 00:00:00-04:00,6.0945870296253215,6.3405568902649785,5.894166885756898,5.967047214508057,19900,0.0,0.0
2023-04-25 00:00:00-04:00,5.9670469673794315,5.9670469673794315,5.921496818096247,5.957936763763428,2100,0.0,0.0
2023-04-26 00:00:00-04:00,5.894165992736816,5.894165992736816,5.857726051081439,5.894165992736816,3300,0.0,0.0
2023-04-27 00:00:00-04:00,5.839505987228321,6.003486156463623,5.839505987228321,6.003486156463623,1700,0.0,0.0
2023-04-28 00:00:00-04:00,5.957936865077335,6.112806853995604,5.885056972503662,5.885056972503662,3800,0.0,0.0
2023-05-01 00:00:00-04:00,5.912386516252695,5.912386516252695,5.83950662612915,5.83950662612915,4200,0.0,0.0
2023-05-02 00:00:00-04:00,6.340557203916683,6.340557203916683,4.739020012776673,5.0560479164123535,26200,0.0,0.0
2023-05-03 00:00:00-04:00,5.092487986465279,5.331169962031025,4.901178032578136,4.946727752685547,129000,0.0,0.0
2023-05-04 00:00:00-04:00,4.882957793240236,5.05149266074817,4.591437775865234,4.800967693328857,19200,0.0,0.0
2023-05-05 00:00:00-04:00,4.892067057651233,5.34756679339675,4.573217329509052,5.010497093200684,16200,0.0,0.0
2023-05-08 00:00:00-04:00,5.05604715977858,5.3284358027932806,4.800967120699975,4.873847007751465,33500,0.0,0.0
2023-05-09 00:00:00-04:00,4.78274759170591,4.901177636327585,4.78274759170591,4.8920674324035645,6300,0.0,0.0
2023-05-10 00:00:00-04:00,5.019607470847732,5.019607470847732,4.773637187975734,4.882957458496094,31900,0.0,0.0
2023-05-11 00:00:00-04:00,4.855628125759332,5.010498137701125,4.782748222351074,4.782748222351074,11300,0.0,0.0
2023-05-12 00:00:00-04:00,4.828298146204365,5.058780851331603,4.773637786887166,4.791858196258545,28800,0.0,0.0
2023-05-15 00:00:00-04:00,4.892066359749198,4.946726268113071,4.773636341094971,4.773636341094971,16300,0.0,0.0
2023-05-16 00:00:00-04:00,4.810077242520914,4.8282972139759845,4.737196922302246,4.737196922302246,12000,0.0,0.0
2023-05-17 00:00:00-04:00,4.773637214932231,4.901177458859794,4.673427581787109,4.673427581787109,35500,0.0,0.0
2023-05-18 00:00:00-04:00,4.71897693410425,4.855626936731639,4.582327365875244,4.582327365875244,25600,0.0,0.0
2023-05-19 00:00:00-04:00,4.782747444185559,4.823742491782325,4.655207633972168,4.655207633972168,2700,0.0,0.0
2023-05-22 00:00:00-04:00,4.773636961989165,4.773636961989165,4.554997300095796,4.6643171310424805,9000,0.0,0.0
2023-05-23 00:00:00-04:00,4.673426925615819,4.819186687469482,4.673426925615819,4.819186687469482,22500,0.0,0.0
2023-05-24 00:00:00-04:00,4.819187682563599,4.828297886759759,4.591437790440939,4.6096577644348145,23300,0.0,0.0
2023-05-25 00:00:00-04:00,4.600547642417417,4.600547642417417,4.473007399826376,4.518557548522949,66000,0.0,0.0
2023-05-26 00:00:00-04:00,4.52766752243042,4.554997699764316,4.518557752918076,4.52766752243042,19500,0.0,0.0
2023-05-30 00:00:00-04:00,4.495294335836479,4.624788284301758,4.43979692935136,4.624788284301758,17700,0.075,0.0
2023-05-31 00:00:00-04:00,4.67103658683055,4.67103658683055,4.486044781191736,4.53229284286499,54400,0.0,0.0
2023-06-01 00:00:00-04:00,4.541541576385498,4.587789631804333,4.467545040558677,4.541541576385498,34400,0.0,0.0
2023-06-02 00:00:00-04:00,4.550791514613928,4.717283725738525,4.532292380044527,4.717283725738525,10800,0.0,0.0
2023-06-05 00:00:00-04:00,4.763531684875488,4.87915138382366,4.532292286979146,4.763531684875488,23400,0.0,0.0
2023-06-06 00:00:00-04:00,4.8560274196205775,4.948523091783472,4.8560274196205775,4.906899929046631,14500,0.0,0.0
2023-06-07 00:00:00-04:00,4.948523136175103,5.017895221710205,4.948523136175103,5.017895221710205,16100,0.0,0.0
2023-06-08 00:00:00-04:00,5.068768025047656,5.105766296386719,5.031769753708593,5.105766296386719,5700,0.0,0.0
2023-06-09 00:00:00-04:00,5.124264391568047,5.309255710700645,5.1057652596547864,5.189011573791504,13400,0.0,0.0
2023-06-12 00:00:00-04:00,5.189012535036781,5.411002159118652,5.133515129016313,5.411002159118652,11500,0.0,0.0
2023-06-13 00:00:00-04:00,5.438750664120458,5.817983129937156,5.438750664120458,5.632991790771484,19800,0.0,0.0
2023-06-14 00:00:00-04:00,5.59599409459576,5.632992366208444,5.327756404876709,5.327756404876709,25100,0.0,0.0
2023-06-15 00:00:00-04:00,5.360129403733046,5.549745642620584,5.272258184067892,5.318506240844727,17800,0.0,0.0
2023-06-16 00:00:00-04:00,5.549746072972428,5.99372577645239,5.2630092454620225,5.882730960845947,143300,0.0,0.0
2023-06-20 00:00:00-04:00,5.82723326140633,5.938228071457799,5.457250120180597,5.494248390197754,21100,0.0,0.0
2023-06-21 00:00:00-04:00,5.54974589469691,5.72548790095548,5.411002159118652,5.411002159118652,9800,0.0,0.0
2023-06-22 00:00:00-04:00,5.5127475232617735,5.591368957284041,5.383253578247404,5.457250118255615,15300,0.0,0.0
2023-06-23 00:00:00-04:00,5.540496248095981,5.549746036529541,5.226010939276155,5.549746036529541,29000,0.0,0.0
2023-06-26 00:00:00-04:00,5.494248629090748,5.568245172342472,5.355504889966672,5.549746036529541,7600,0.0,0.0
2023-06-27 00:00:00-04:00,5.494248629090748,5.549746036529541,5.392503161592534,5.549746036529541,4100,0.0,0.0
2023-06-28 00:00:00-04:00,5.494248248053141,5.494248248053141,5.383253440873278,5.429501056671143,2100,0.0,0.0
2023-06-29 00:00:00-04:00,5.392502796026781,5.540495872497559,5.355504526909087,5.540495872497559,1800,0.0,0.0
2023-06-30 00:00:00-04:00,5.461875251681666,5.549746036529541,5.4017529500260935,5.549746036529541,9500,0.0,0.0
2023-07-03 00:00:00-04:00,5.494247697994005,5.623741626739502,5.420251167282293,5.623741626739502,10600,0.0,0.0
2023-07-05 00:00:00-04:00,5.448000332149224,5.5682449302320665,5.411002062132067,5.494248390197754,20200,0.0,0.0
2023-07-06 00:00:00-04:00,5.540495955062325,5.540495955062325,5.235260009765625,5.235260009765625,7100,0.0,0.0
2023-07-07 00:00:00-04:00,5.235259917944359,5.364754300568976,5.235259917944359,5.355504512786865,10400,0.0,0.0
2023-07-10 00:00:00-04:00,5.457249467817936,5.457249467817936,5.2260100873261095,5.244509220123291,3800,0.0,0.0
2023-07-11 00:00:00-04:00,5.355504509844531,5.420251701121267,5.309256453067697,5.318506240844727,5800,0.0,0.0
2023-07-12 00:00:00-04:00,5.318506381383688,5.429501191316087,5.318506381383688,5.383253574371338,12900,0.0,0.0
2023-07-13 00:00:00-04:00,5.429501191316087,5.429501191316087,5.346255304393872,5.383253574371338,1600,0.0,0.0
2023-07-14 00:00:00-04:00,5.4295011932841115,5.438750981308915,5.33700551830692,5.420251846313477,8300,0.0,0.0
2023-07-17 00:00:00-04:00,5.429501056671143,5.429501056671143,5.429501056671143,5.429501056671143,600,0.0,0.0
2023-07-18 00:00:00-04:00,5.494248393996556,5.614492992162537,5.429501200894681,5.568244934082031,8300,0.0,0.0
2023-07-19 00:00:00-04:00,5.549745161678542,5.8087334632873535,5.540495374703101,5.8087334632873535,2100,0.0,0.0
2023-07-20 00:00:00-04:00,5.9354527895951525,6.067721843719482,5.743986769761702,6.067721843719482,5700,0.0,0.0
2023-07-21 00:00:00-04:00,5.82723341559546,6.16946764283679,5.817983627319336,5.817983627319336,7400,0.0,0.0
2023-07-24 00:00:00-04:00,5.882730591909199,6.067721939651497,5.882730591909199,5.984475612640381,2500,0.0,0.0
2023-07-25 00:00:00-04:00,5.842957202421097,6.026098768778308,5.827233180462016,5.873480796813965,1000,0.0,0.0
2023-07-26 00:00:00-04:00,5.86423135562305,6.026098671832039,5.86423135562305,5.956727027893066,5300,0.0,0.0
2023-07-27 00:00:00-04:00,6.039973458017234,6.123219343974186,5.984475612640381,5.984475612640381,15800,0.0,0.0
2023-07-28 00:00:00-04:00,6.039973599090924,6.095471004709849,5.97985129940688,6.049222946166992,4600,0.0,0.0
2023-07-31 00:00:00-04:00,6.095470428466797,6.095470428466797,6.012224107381121,6.095470428466797,5700,0.0,0.0
2023-08-01 00:00:00-04:00,6.0122246742248535,6.062172295163761,5.97522640382165,6.0122246742248535,21900,0.0,0.0
2023-08-02 00:00:00-04:00,6.067722457848923,6.23421468503581,6.039973973844876,6.058473110198975,5700,0.0,0.0
2023-08-03 00:00:00-04:00,6.13246870537584,6.2897115605476515,6.123218918104965,6.169466972351074,5100,0.0,0.0
2023-08-04 00:00:00-04:00,6.243463676109796,6.47470307152127,6.160217352624339,6.456203937530518,12300,0.0,0.0
2023-08-07 00:00:00-04:00,6.474703404491681,6.4793282984907465,6.317460536956787,6.317460536956787,6000,0.0,0.0
2023-08-08 00:00:00-04:00,6.345208961010503,6.474702895423822,6.169466972351074,6.169466972351074,9400,0.0,0.0
2023-08-09 00:00:00-04:00,6.539449994600249,6.539449994600249,6.252713208898111,6.2897114753723145,3900,0.0,0.0
2023-08-10 00:00:00-04:00,6.289712293421597,6.557949980774024,6.289712293421597,6.372958183288574,3200,0.0,0.0
2023-08-11 00:00:00-04:00,6.372957947903618,6.428455352783203,6.372957947903618,6.428455352783203,600,0.0,0.0
2023-08-14 00:00:00-04:00,6.428455254699072,6.502452234463655,6.338734694092474,6.474703311920166,4200,0.0,0.0
2023-08-15 00:00:00-04:00,6.391456748035813,6.47470307152127,6.326709999595253,6.456203937530518,5100,0.0,0.0
2023-08-16 00:00:00-04:00,6.456203937530518,6.456203937530518,6.456203937530518,6.456203937530518,1100,0.0,0.0
2023-08-17 00:00:00-04:00,6.456205003809313,6.456205003809313,6.261963844299316,6.261963844299316,4800,0.0,0.0
2023-08-18 00:00:00-04:00,6.354458568758265,6.687443426294192,6.335959434509277,6.335959434509277,14000,0.0,0.0
2023-08-21 00:00:00-04:00,6.437705037361193,6.493202441349149,6.317460441526873,6.400706768035889,5000,0.0,0.0
2023-08-22 00:00:00-04:00,6.368332511892126,6.368332511892126,6.243463039398193,6.243463039398193,6800,0.0,0.0
2023-08-23 00:00:00-04:00,6.261963370070558,6.409956455230713,6.261963370070558,6.409956455230713,1100,0.0,0.0
2023-08-24 00:00:00-04:00,6.419206243580315,6.419206243580315,6.391457319585694,6.409956455230713,1200,0.0,0.0
2023-08-25 00:00:00-04:00,6.363708352930268,6.363708352930268,6.271212681735905,6.298961162567139,2500,0.0,0.0
2023-08-28 00:00:00-04:00,6.226814778248158,6.308211326599121,6.226814778248158,6.308211326599121,9400,0.0,0.0
2023-08-29 00:00:00-04:00,6.354458332061768,6.354458332061768,6.354458332061768,6.354458332061768,900,0.0,0.0
2023-08-30 00:00:00-04:00,6.432077634873167,6.4994096755981445,6.364746040070509,6.4994096755981445,2200,0.075,0.0
2023-08-31 00:00:00-04:00,6.4339479372215465,6.686442965046581,6.396541299463934,6.546167850494385,5900,0.0,0.0
2023-09-01 00:00:00-04:00,6.536816120147705,6.592926524011613,6.536816120147705,6.536816120147705,4400,0.0,0.0
2023-09-05 00:00:00-04:00,6.527464531615578,6.5835744882519975,6.443299373699801,6.546167850494385,1600,0.0,0.0
2023-09-06 00:00:00-04:00,6.396541102635077,6.611629486083984,6.396541102635077,6.611629486083984,900,0.0,0.0
2023-09-07 00:00:00-04:00,6.508760972958345,6.639684200286865,6.449845275403257,6.639684200286865,3300,0.0,0.0
2023-09-08 00:00:00-04:00,6.695794733257818,6.695794733257818,6.555520057678223,6.555520057678223,2000,0.0,0.0
2023-09-11 00:00:00-04:00,6.546167860777775,6.555519743193018,6.518112659454346,6.518112659454346,6200,0.0,0.0
2023-09-12 00:00:00-04:00,6.513437499944159,6.583574837984947,6.4994096755981445,6.4994096755981445,4600,0.0,0.0
2023-09-13 00:00:00-04:00,6.546167469920101,6.630332622942771,6.433947563171387,6.433947563171387,3700,0.0,0.0
2023-09-14 00:00:00-04:00,6.377837901218007,6.5181125681023,6.377837901218007,6.443299293518066,2000,0.0,0.0
2023-09-15 00:00:00-04:00,6.466678127705515,6.72384907660498,6.106639155984075,6.17210054397583,142000,0.0,0.0
2023-09-18 00:00:00-04:00,6.172101238640516,6.592926596727424,6.172101238640516,6.293673038482666,3300,0.0,0.0
2023-09-19 00:00:00-04:00,6.137499886670875,6.321727770918337,6.137499886670875,6.265617370605469,4400,0.0,0.0
2023-09-20 00:00:00-04:00,6.452651598878393,6.5882507794336185,6.3217283597718374,6.4994096755981445,31000,0.0,0.0
2023-09-21 00:00:00-04:00,6.41524507365727,6.574223518371582,6.41524507365727,6.574223518371582,13000,0.0,0.0
2023-09-22 00:00:00-04:00,6.508761212736772,6.5742230517737426,6.499409330336221,6.546167850494385,2600,0.0,0.0
2023-09-25 00:00:00-04:00,6.293672845141052,6.508761235976452,6.293672845141052,6.331079483032227,2400,0.0,0.0
2023-09-26 00:00:00-04:00,6.405892786669201,6.5508438435695115,6.405892786669201,6.490057945251465,10100,0.0,0.0
2023-09-27 00:00:00-04:00,6.536815928326692,6.541491869498521,6.4152445793151855,6.4152445793151855,3800,0.0,0.0
2023-09-28 00:00:00-04:00,6.480706034596922,6.49940935354251,6.293672845141052,6.331079483032227,1500,0.0,0.0
2023-09-29 00:00:00-04:00,6.405892372131348,6.405892372131348,6.405892372131348,6.405892372131348,200,0.0,0.0
2023-10-02 00:00:00-04:00,6.377837751042105,6.4620024600064365,6.377837751042105,6.452651023864746,1600,0.0,0.0
2023-10-03 00:00:00-04:00,6.284320795888954,6.312375996523754,6.15339756674522,6.260941982269287,6400,0.0,0.0
2023-10-04 00:00:00-04:00,6.190804846482063,6.303024768829346,6.153398205699636,6.303024768829346,9800,0.0,0.0
2023-10-05 00:00:00-04:00,6.265617812406457,6.405892931235145,6.134694576263428,6.134694576263428,13500,0.0,0.0
2023-10-06 00:00:00-04:00,6.134694827546499,6.260942573440242,6.041178226470947,6.041178226470947,7100,0.0,0.0
2023-10-09 00:00:00-04:00,6.115991364671803,6.1814532068589125,6.022474765777588,6.022474765777588,11800,0.0,0.0
2023-10-10 00:00:00-04:00,6.050529663617339,6.167425526442361,6.013123023187117,6.041178226470947,42600,0.0,0.0
2023-10-11 00:00:00-04:00,6.078584703200809,6.078584703200809,5.86349630355835,5.86349630355835,12200,0.0,0.0
2023-10-12 00:00:00-04:00,5.9383095283424145,5.95701284788356,5.89622694789426,5.9196062088012695,17700,0.0,0.0
2023-10-13 00:00:00-04:00,5.854144725456281,5.938309439166369,5.84479284286499,5.84479284286499,10500,0.0,0.0
2023-10-16 00:00:00-04:00,6.293672923000384,6.387189518885217,5.95701273189268,6.059881210327148,10500,0.0,0.0
2023-10-17 00:00:00-04:00,6.153397457555302,6.265617366258628,6.106639385223389,6.106639385223389,19400,0.0,0.0
2023-10-18 00:00:00-04:00,6.041177759709944,6.041177759709944,6.01312255859375,6.01312255859375,900,0.0,0.0
2023-10-19 00:00:00-04:00,6.03182612604814,6.03182612604814,5.9196062088012695,5.9196062088012695,4300,0.0,0.0
2023-10-20 00:00:00-04:00,5.938309448149512,6.190804481506348,5.863496170995235,6.190804481506348,7200,0.0,0.0
2023-10-23 00:00:00-04:00,6.031826101799542,6.031826101799542,5.760627746582031,5.760627746582031,10400,0.0,0.0
2023-10-24 00:00:00-04:00,6.031826662201022,6.031826662201022,5.7045183181762695,5.7045183181762695,2300,0.0,0.0
2023-10-25 00:00:00-04:00,5.896226768509967,5.947661230125029,5.723220956537253,5.769979476928711,6100,0.0,0.0
2023-10-26 00:00:00-04:00,5.84479271119003,5.84479271119003,5.704517596937011,5.798034191131592,2800,0.0,0.0
2023-10-27 00:00:00-04:00,5.7933584017378195,5.82608909656363,5.774655083848462,5.788682460784912,12300,0.0,0.0
2023-10-30 00:00:00-04:00,5.8447928784257,6.106639795584988,5.8447928784257,5.9757161140441895,6000,0.0,0.0
2023-10-31 00:00:00-04:00,5.98039118351872,6.031825192818544,5.882198659639244,5.891550540924072,10600,0.0,0.0
2023-11-01 00:00:00-04:00,5.891551169697454,5.900902606058067,5.882199287414551,5.882199287414551,400,0.0,0.0
2023-11-02 00:00:00-04:00,6.078584671020508,6.078584671020508,6.078584671020508,6.078584671020508,700,0.0,0.0
2023-11-03 00:00:00-04:00,6.078583816146607,6.078583816146607,5.9383087158203125,5.9383087158203125,8400,0.0,0.0
2023-11-06 00:00:00-05:00,6.143110103661797,6.153397084074697,5.9383087158203125,5.9383087158203125,4500,0.0,0.0
2023-11-07 00:00:00-05:00,6.041178031795705,6.125343193012668,5.938309550966341,6.078584671020508,13500,0.0,0.0
2023-11-08 00:00:00-05:00,6.078584529504115,6.078584529504115,5.910254656911415,6.059881210327148,5000,0.0,0.0
2023-11-09 00:00:00-05:00,5.900902478447285,5.938309114925375,5.648407459259033,5.648407459259033,9900,0.0,0.0
2023-11-10 00:00:00-05:00,5.690489601910647,5.690489601910647,5.592297077178955,5.592297077178955,9700,0.0,0.0
2023-11-13 00:00:00-05:00,5.648407027608172,5.648407027608172,5.587621136495958,5.592297077178955,9900,0.0,0.0
2023-11-14 00:00:00-05:00,5.5548917395048,5.695166871264879,5.545539855957031,5.545539855957031,11900,0.0,0.0
2023-11-15 00:00:00-05:00,5.685814290224698,5.704517609103505,5.5642424945513085,5.611001014709473,38900,0.0,0.0
2023-11-16 00:00:00-05:00,5.704517741766131,5.7606276997074275,5.648407783824835,5.657759666442871,5300,0.0,0.0
2023-11-17 00:00:00-05:00,5.700370050122985,5.804529762511977,5.6672285081663425,5.7287774085998535,13900,0.075,0.0
2023-11-20 00:00:00-05:00,5.8992208614419015,5.908689680974904,5.700370684532198,5.776123046875,32300,0.0,0.0
2023-11-21 00:00:00-05:00,5.71930816254349,5.823467875368521,5.690901255467348,5.709839344024658,8500,0.0,0.0
2023-11-22 00:00:00-05:00,5.766653585555916,5.776122404035108,5.7287774085998535,5.7287774085998535,18100,0.0,0.0
2023-11-24 00:00:00-05:00,5.728777834813402,5.776122833771063,5.728777834813402,5.766654014587402,5400,0.0,0.0
2023-11-27 00:00:00-05:00,5.785591408834979,5.889750664929891,5.738245964050293,5.738245964050293,16400,0.0,0.0
2023-11-28 00:00:00-05:00,5.7950604684134115,5.796007305105428,5.719308114816317,5.747715473175049,16100,0.0,0.0
2023-11-29 00:00:00-05:00,5.785591767562803,5.918158389052066,5.776122497410886,5.832936763763428,8200,0.0,0.0
2023-11-30 00:00:00-05:00,5.82346782711015,6.126477241516113,5.795060468749769,6.126477241516113,280500,0.0,0.0
2023-12-01 00:00:00-05:00,5.9655039245865105,6.1548848152160645,5.853769063659176,6.1548848152160645,93300,0.0,0.0
2023-12-04 00:00:00-05:00,6.088600693895836,6.41054862861393,6.069662606648866,6.249574661254883,11400,0.0,0.0
2023-12-05 00:00:00-05:00,6.240106059151275,6.344265316851245,6.164353707544159,6.277982234954834,9900,0.0,0.0
2023-12-06 00:00:00-05:00,6.173822480131237,6.486301153962233,6.173822480131237,6.315858364105225,12400,0.0,0.0
2023-12-07 00:00:00-05:00,6.491982963672789,7.073382694621192,6.457894584533246,6.628337383270264,36900,0.0,0.0
2023-12-08 00:00:00-05:00,6.524177245212478,6.794045556733024,6.36320327555592,6.590460777282715,25500,0.0,0.0
2023-12-11 00:00:00-05:00,6.618867555350217,6.7040891732967465,6.486300945281982,6.486300945281982,32800,0.0,0.0
2023-12-12 00:00:00-05:00,6.58099181648655,6.628337263260554,6.277982401995782,6.524177551269531,16700,0.0,0.0
2023-12-13 00:00:00-05:00,6.628337093189594,6.7703729783475834,6.448425032192092,6.476832389831543,133800,0.0,0.0
2023-12-14 00:00:00-05:00,6.571522877080693,6.723027581537311,6.438956260681152,6.438956260681152,126900,0.0,0.0
2023-12-15 00:00:00-05:00,6.50523926322925,6.94081573471228,6.50523926322925,6.912408828735352,121300,0.0,0.0
2023-12-18 00:00:00-05:00,6.86506307842051,7.244772106224021,6.7230272002871985,6.959753513336182,37900,0.0,0.0
2023-12-19 00:00:00-05:00,7.026037785450928,7.196480586297032,6.978692337233848,7.149135589599609,53400,0.0,0.0
2023-12-20 00:00:00-05:00,7.149135009345355,7.565772933153056,7.026037215187815,7.442675590515137,45800,0.0,0.0
2023-12-21 00:00:00-05:00,7.508959342494735,7.5515701559392525,6.827187681941431,7.471083164215088,49800,0.0,0.0
2023-12-22 00:00:00-05:00,7.471083115333646,7.5089592933654785,7.3006403141903995,7.5089592933654785,35300,0.0,0.0
2023-12-26 00:00:00-05:00,7.44267623185583,7.556304766322109,7.347985786467264,7.490021228790283,9600,0.0,0.0
2023-12-27 00:00:00-05:00,7.556304550651428,7.556304550651428,7.366923665279572,7.4805521965026855,41200,0.0,0.0
2023-12-28 00:00:00-05:00,7.395330572325527,7.4805521965026855,7.347985576742386,7.4805521965026855,7200,0.0,0.0
2023-12-29 00:00:00-05:00,7.537366603829071,7.565773511409122,7.3385164446900895,7.546835422515869,35500,0.0,0.0
2024-01-02 00:00:00-05:00,7.575242519378662,7.6225879657326345,7.435100756723898,7.575242519378662,28800,0.0,0.0
2024-01-03 00:00:00-05:00,7.565773249500012,7.650994872329306,7.480552078190357,7.575242519378662,29900,0.0,0.0
2024-01-04 00:00:00-05:00,7.745686202623888,7.8498454680556025,7.575242947336237,7.6320576667785645,57500,0.0,0.0
2024-01-05 00:00:00-05:00,7.4994898837826,7.6888707590217065,7.4805517962586885,7.603649139404297,67700,0.0,0.0
2024-01-08 00:00:00-05:00,7.60364942763245,7.6860300889082485,7.527897074665297,7.594181060791016,41800,0.0,0.0
2024-01-09 00:00:00-05:00,7.575242781615576,7.58471205182203,7.480552337149312,7.546835422515869,37600,0.0,0.0
2024-01-10 00:00:00-05:00,7.529791434373297,7.5847120274431,7.480552313105174,7.5657734870910645,15800,0.0,0.0
2024-01-11 00:00:00-05:00,7.508959055685018,7.594181130838601,7.366923618321312,7.518428325653076,57400,0.0,0.0
2024-01-12 00:00:00-05:00,7.508958740570997,7.565773003436194,7.347985221546086,7.385861396789551,34200,0.0,0.0
2024-01-16 00:00:00-05:00,7.310108335208516,7.564825898163809,7.30063951749369,7.39532995223999,28200,0.0,0.0
2024-01-17 00:00:00-05:00,7.395330214840604,7.49664896104089,7.215418156674336,7.385861396789551,23000,0.0,0.0
2024-01-18 00:00:00-05:00,7.329046772786972,7.390595671196532,7.243825603198037,7.291170597076416,17900,0.0,0.0
2024-01-19 00:00:00-05:00,7.158604408331231,7.319578390445713,7.111259411633808,7.149135589599609,33200,0.0,0.0
2024-01-22 00:00:00-05:00,7.111259673656305,7.1396665824175125,7.044976134014032,7.120728492736816,31000,0.0,0.0
2024-01-23 00:00:00-05:00,7.130197358048716,7.139666176591009,7.063913822174072,7.063913822174072,15400,0.0,0.0
2024-01-24 00:00:00-05:00,7.101790097061559,7.101790097061559,6.921878027086975,6.988161563873291,48100,0.0,0.0
2024-01-25 00:00:00-05:00,7.016568351099495,7.101789975289253,6.905780781476385,7.082851886749268,18500,0.0,0.0
2024-01-26 00:00:00-05:00,6.884001708089727,7.120728039800542,6.884001708089727,7.101789951324463,30600,0.0,0.0
2024-01-29 00:00:00-05:00,7.101790366634246,7.385862161907484,7.101790366634246,7.338516712188721,56500,0.0,0.0
2024-01-30 00:00:00-05:00,7.263710960218209,7.395330746377315,7.101790141382529,7.149135589599609,39800,0.0,0.0
2024-01-31 00:00:00-05:00,7.10178914916603,7.111258418094323,6.718292336442443,6.751434326171875,71600,0.0,0.0
2024-02-01 00:00:00-05:00,6.685152053833008,6.846126043691258,6.391611434717244,6.685152053833008,48900,0.0,0.0
2024-02-02 00:00:00-05:00,6.732497171443672,6.746700625281919,6.543115830348526,6.571523189544678,29600,0.0,0.0
2024-02-05 00:00:00-05:00,6.448425314399142,6.628337383270264,6.448425314399142,6.628337383270264,46200,0.0,0.0
2024-02-06 00:00:00-05:00,6.476832229697215,6.817717803824716,6.476832229697215,6.60939884185791,45300,0.0,0.0
2024-02-07 00:00:00-05:00,6.524177765667626,6.68515174816561,6.524177765667626,6.552585124969482,22700,0.0,0.0
2024-02-08 00:00:00-05:00,6.533646434674882,6.723027307527063,6.4200179109635735,6.448424816131592,132600,0.0,0.0
2024-02-09 00:00:00-05:00,6.429486921165985,6.5857262588223895,6.420018102999952,6.495770454406738,32800,0.0,0.0
2024-02-12 00:00:00-05:00,6.448425055502423,6.57152285318564,6.448425055502423,6.457894325256348,29200,0.0,0.0
2024-02-13 00:00:00-05:00,6.401080393886129,6.491036203624269,6.344265675449807,6.372673034667969,18900,0.0,0.0
2024-02-14 00:00:00-05:00,6.30638970853183,6.382142066955566,6.197495806177626,6.382142066955566,24600,0.0,0.0
2024-02-15 00:00:00-05:00,6.306388958007869,6.495770283048593,6.145414989755119,6.4294867515563965,44800,0.0,0.0
2024-02-16 00:00:00-05:00,6.495770431197901,6.57152278233403,6.254309473311767,6.514708518981934,20100,0.0,0.0
2024-02-20 00:00:00-05:00,6.486301374458185,6.685151528477573,6.486301374458185,6.524177551269531,62400,0.0,0.0
2024-02-21 00:00:00-05:00,6.457894467925514,6.623602628603351,6.363203574372871,6.4342217445373535,34900,0.0,0.0
2024-02-22 00:00:00-05:00,6.382141613804487,6.575310294677332,6.34426543728194,6.363203525543213,26100,0.0,0.0
2024-02-23 00:00:00-05:00,6.259044686153263,6.429487491949752,6.165301075237244,6.420018672943115,35800,0.0,0.0
2024-02-26 00:00:00-05:00,6.410548879525992,6.628337117150287,6.296920351596699,6.457894325256348,39400,0.0,0.0
2024-02-27 00:00:00-05:00,6.391611148182654,6.524177771497234,6.315858792002893,6.353734970092773,104600,0.0,0.0
2024-02-28 00:00:00-05:00,6.377674592892575,6.430343370213526,6.3106422677545915,6.387250900268555,57500,0.075,0.0
2024-02-29 00:00:00-05:00,6.415978983725608,6.693685508128379,6.36809881615958,6.588348865509033,33500,0.0,0.0
2024-03-01 00:00:00-05:00,6.5979247335530795,6.674533367156982,6.516527946193063,6.674533367156982,13100,0.0,0.0
2024-03-04 00:00:00-05:00,6.655381197578551,6.751142446046077,6.54429886168884,6.607501029968262,34000,0.0,0.0
2024-03-05 00:00:00-05:00,6.617077437997262,7.1629146824029375,6.617077437997262,6.904360294342041,84100,0.0,0.0
2024-03-06 00:00:00-05:00,6.933088246920047,7.1341861533229745,6.588349370192321,6.7032623291015625,48500,0.0,0.0
2024-03-07 00:00:00-05:00,6.779870429104076,6.894783378873152,6.47343589638654,6.559620380401611,51500,0.0,0.0
2024-03-08 00:00:00-05:00,6.511740370418717,7.000120647057205,6.511740370418717,6.99054479598999,33600,0.0,0.0
2024-03-11 00:00:00-04:00,7.057577578757901,7.086306047060364,6.890953832474153,6.9235124588012695,21500,0.0,0.0
2024-03-12 00:00:00-04:00,6.751142969457082,6.904360248286386,6.70326234151117,6.712838649749756,34600,0.0,0.0
2024-03-13 00:00:00-04:00,6.808598989310045,6.885207623552179,6.789446830749512,6.789446830749512,16700,0.0,0.0
2024-03-14 00:00:00-04:00,6.837326533147125,6.866054997342961,6.789446368318661,6.8277506828308105,12100,0.0,0.0
2024-03-15 00:00:00-04:00,6.751142501831055,7.043213033524675,6.703261877201652,6.751142501831055,40900,0.0,0.0
2024-03-18 00:00:00-04:00,6.823920520368064,6.913935619766879,6.75114250062758,6.779870510101318,26000,0.0,0.0
2024-03-19 00:00:00-04:00,6.799022501060152,6.799022501060152,6.310642242431641,6.310642242431641,39200,0.0,0.0
2024-03-20 00:00:00-04:00,6.415978964878531,6.569196687860771,6.320218173404301,6.559620380401611,52600,0.0,0.0
2024-03-21 00:00:00-04:00,6.348946674340394,6.674533367156982,6.348946674340394,6.674533367156982,40700,0.0,0.0
2024-03-22 00:00:00-04:00,6.674533409909496,6.779870510101318,6.645805400435758,6.779870510101318,38300,0.0,0.0
2024-03-25 00:00:00-04:00,6.779870510101318,6.779870510101318,6.66495755895941,6.779870510101318,29000,0.0,0.0
2024-03-26 00:00:00-04:00,6.693685556646306,6.808598964209343,6.688897859491433,6.741566181182861,30700,0.0,0.0
2024-03-27 00:00:00-04:00,6.68506770878074,6.731990797140628,6.645805849646941,6.7032623291015625,20300,0.0,0.0
2024-03-28 00:00:00-04:00,6.636229527523081,6.703262315058126,6.636229527523081,6.645805835723877,14100,0.0,0.0
2024-04-01 00:00:00-04:00,6.578772564103309,6.6362290392097405,6.5021639306280665,6.607501029968262,25500,0.0,0.0
2024-04-02 00:00:00-04:00,6.617077812097683,6.62665412094155,6.4734368324279785,6.4734368324279785,15400,0.0,0.0
2024-04-03 00:00:00-04:00,6.540468152253063,6.540468152253063,6.348946571350098,6.348946571350098,18700,0.0,0.0
2024-04-04 00:00:00-04:00,6.339370754747908,6.444707860710817,6.339370754747908,6.406403541564941,21200,0.0,0.0
2024-04-05 00:00:00-04:00,6.430343420829457,6.602712845342667,6.291490159149058,6.511740207672119,30000,0.0,0.0
2024-04-08 00:00:00-04:00,6.511740194455848,6.610373603913215,6.4734358779751,6.502163887023926,22700,0.0,0.0
2024-04-09 00:00:00-04:00,6.511740667159625,6.550044986420981,6.425555720509821,6.4830121994018555,19100,0.0,0.0
2024-04-10 00:00:00-04:00,6.387251339422234,6.4686481312206014,6.234034063859896,6.281914234161377,23100,0.0,0.0
2024-04-11 00:00:00-04:00,6.348946957413175,6.361395883760029,5.994631782885965,6.052088260650635,54400,0.0,0.0
2024-04-12 00:00:00-04:00,6.106671663384148,6.128696897670194,6.0329361013957445,6.052088260650635,30500,0.0,0.0
2024-04-15 00:00:00-04:00,6.066452265935928,6.071240419905524,5.994631782885965,6.052088260650635,17800,0.0,0.0
2024-04-16 00:00:00-04:00,5.994631767272949,6.052088244887973,5.994631767272949,5.994631767272949,29800,0.0,0.0
2024-04-17 00:00:00-04:00,6.013783890037419,6.013783890037419,5.898870478880195,5.9371747970581055,28400,0.0,0.0
2024-04-18 00:00:00-04:00,5.898870519778236,6.013783931732178,5.898870519778236,6.013783931732178,31400,0.0,0.0
2024-04-19 00:00:00-04:00,5.985055546447023,6.3633110387175345,5.9611152329365344,6.29149055480957,19600,0.0,0.0
2024-04-22 00:00:00-04:00,6.29149009653324,6.511740142864269,6.257973477410529,6.377674579620361,36700,0.0,0.0
2024-04-23 00:00:00-04:00,6.301066401241338,6.459071831012322,6.253186230881844,6.272338390350342,12800,0.0,0.0
2024-04-24 00:00:00-04:00,6.320218587625671,6.454283704476098,6.291490576612331,6.415979385375977,21100,0.0,0.0
2024-04-25 00:00:00-04:00,6.46386001256288,6.46386001256288,6.320218587625671,6.415979385375977,17700,0.0,0.0
2024-04-26 00:00:00-04:00,6.358522906725793,6.454283704476098,6.30106642807561,6.415979385375977,24300,0.0,0.0
2024-04-29 00:00:00-04:00,6.415979365502006,6.511740619579186,6.243609930085383,6.3393707275390625,15900,0.0,0.0
2024-04-30 00:00:00-04:00,6.339370263993216,6.50216383607247,6.224457315451437,6.348946571350098,36700,0.0,0.0
2024-05-01 00:00:00-04:00,6.353735179604694,6.406403503965283,6.2158394488394615,6.3010663986206055,16200,0.0,0.0
2024-05-02 00:00:00-04:00,6.267550758520211,6.511741154556371,6.267550758520211,6.4734368324279785,17300,0.0,0.0
2024-05-03 00:00:00-04:00,6.368099151639533,6.463859948439868,6.176577101415364,6.214881420135498,23100,0.0,0.0
2024-05-06 00:00:00-04:00,5.994631808259143,6.253186187606274,5.985055500279417,6.147849082946777,21800,0.0,0.0
2024-05-07 00:00:00-04:00,6.272337819223488,6.296277673911646,6.032935619354248,6.032935619354248,18500,0.0,0.0
2024-05-08 00:00:00-04:00,5.994631842481992,6.32500670706916,5.989843688464794,6.281914234161377,19000,0.0,0.0
2024-05-09 00:00:00-04:00,6.272338307201229,6.412149115130216,5.889294666285579,6.042511940002441,37300,0.0,0.0
2024-05-10 00:00:00-04:00,5.994631844960995,6.368099182610388,5.975479228884283,6.253186225891113,28300,0.0,0.0
2024-05-13 00:00:00-04:00,6.234034048794945,6.291490526991975,6.131569562217919,6.224457740783691,37000,0.0,0.0
2024-05-14 00:00:00-04:00,6.301065940952795,6.511740136340167,6.301065940952795,6.358522415161133,24300,0.0,0.0
2024-05-15 00:00:00-04:00,6.39682717537478,6.39682717537478,6.219669586778064,6.224457740783691,26900,0.0,0.0
2024-05-16 00:00:00-04:00,6.222542229855106,6.36809872250759,6.176576685189663,6.358522415161133,20000,0.0,0.0
2024-05-17 00:00:00-04:00,6.358522887029798,6.463859992540596,6.329794876105445,6.3393707275390625,22100,0.0,0.0
2024-05-20 00:00:00-04:00,6.347031514800104,6.40640352899618,6.33937074231066,6.396827220916748,17300,0.0,0.0
2024-05-21 00:00:00-04:00,6.415979385375977,6.46386001256288,6.31543043358228,6.415979385375977,30400,0.0,0.0
2024-05-22 00:00:00-04:00,6.37767501077499,6.37767501077499,6.147849098174287,6.205305576324463,22800,0.0,0.0
2024-05-23 00:00:00-04:00,6.377675036462734,6.377675036462734,6.0999684959732665,6.3010663986206055,21300,0.0,0.0
2024-05-24 00:00:00-04:00,6.214881432772437,6.225415280260116,6.104756630384005,6.224457740783691,17800,0.0,0.0
2024-05-28 00:00:00-04:00,6.262762082304342,6.463859985035321,6.162213130938853,6.272338390350342,99900,0.0,0.0
2024-05-29 00:00:00-04:00,6.214881450361188,6.26276207730597,6.167001280039908,6.253186225891113,23600,0.0,0.0
2024-05-30 00:00:00-04:00,6.253186225891113,6.291490544797538,6.071240482773845,6.253186225891113,42400,0.0,0.0
2024-05-31 00:00:00-04:00,6.287091402125543,6.287091402125543,6.064282743345314,6.190217971801758,40800,0.075,0.0
2024-06-03 00:00:00-04:00,6.248342198027254,6.287091571198821,6.219280399113061,6.267716884613037,22400,0.0,0.0
2024-06-04 00:00:00-04:00,6.258029422330291,6.267716534116989,6.054594993591309,6.054594993591309,15800,0.0,0.0
2024-06-05 00:00:00-04:00,6.074938671481275,6.161156326867077,5.9092849398334675,6.0642828941345215,110800,0.0,0.0
2024-06-06 00:00:00-04:00,6.035220713285146,6.277404529288677,6.035220713285146,6.117563247680664,32200,0.0,0.0
2024-06-07 00:00:00-04:00,6.170843610752662,6.228967672008302,6.141781811089331,6.199905872344971,32300,0.0,0.0
2024-06-10 00:00:00-04:00,6.228967181064165,6.228967181064165,6.151468438831476,6.170843124389648,37200,0.0,0.0
2024-06-11 00:00:00-04:00,6.180530856338029,6.228967340508832,6.0642827400133585,6.103032112121582,32600,0.0,0.0
2024-06-12 00:00:00-04:00,6.064282714010245,6.180530829836454,5.957721710205078,5.957721710205078,61700,0.0,0.0
2024-06-13 00:00:00-04:00,6.07396950552344,6.141781133808291,5.860847971087936,5.977096080780029,38000,0.0,0.0
2024-06-14 00:00:00-04:00,6.044907401772209,6.044907401772209,5.909284603662034,5.938346862792969,43100,0.0,0.0
2024-06-17 00:00:00-04:00,5.967408822226121,6.025532880139225,5.860848280349905,5.957721710205078,42900,0.0,0.0
2024-06-18 00:00:00-04:00,5.991626957432098,6.0061578556090485,5.84147326510278,5.8608479499816895,45900,0.0,0.0
2024-06-20 00:00:00-04:00,5.948034117325241,5.957721691244402,5.841473575788157,5.870535373687744,42900,0.0,0.0
2024-06-21 00:00:00-04:00,5.899597479936769,5.918972165341778,5.860848109126752,5.909284591674805,59300,0.0,0.0
2024-06-24 00:00:00-04:00,5.851160516907193,5.948033943625073,5.744599516553057,5.793036460876465,53000,0.0,0.0
2024-06-25 00:00:00-04:00,5.880222939846362,5.909284737707594,5.715537878869554,5.812411308288574,106000,0.0,0.0
2024-06-26 00:00:00-04:00,5.744599525750881,5.8560043131015185,5.686475469627089,5.851160526275635,151400,0.0,0.0
2024-06-27 00:00:00-04:00,5.847285558107842,6.076875793698946,5.676788507101946,5.812411308288574,144600,0.0,0.0
2024-06-28 00:00:00-04:00,5.899597641149724,6.07396981455971,5.813379988487637,5.928659439086914,2729400,0.0,0.0
2024-07-01 00:00:00-04:00,5.957722052815315,6.199905872344971,5.885066629799033,6.199905872344971,169100,0.0,0.0
2024-07-02 00:00:00-04:00,6.112719549497022,6.267717046178729,6.00615853956386,6.199905872344971,87800,0.0,0.0
2024-07-03 00:00:00-04:00,6.238654914500364,6.238654914500364,6.103032112121582,6.103032112121582,32200,0.0,0.0
2024-07-05 00:00:00-04:00,6.064283049187407,6.141781797354956,6.015846100618201,6.112719535827637,44100,0.0,0.0
2024-07-08 00:00:00-04:00,6.122407124004117,6.238655246515397,6.122407124004117,6.199905872344971,119600,0.0,0.0
2024-07-09 00:00:00-04:00,6.141781946208684,6.238655383765969,6.0255333592109555,6.044908046722412,67100,0.0,0.0
2024-07-10 00:00:00-04:00,6.0642828941345215,6.17084343917585,6.040064420469141,6.0642828941345215,52000,0.0,0.0
2024-07-11 00:00:00-04:00,6.180531020326079,6.267716878918408,6.122406960621538,6.209592819213867,103000,0.0,0.0
2024-07-12 00:00:00-04:00,6.258029782496403,6.500213596178373,6.199905722644207,6.296779155731201,171900,0.0,0.0
2024-07-15 00:00:00-04:00,6.403339909895124,6.781146514959929,6.403339909895124,6.752084255218506,140800,0.0,0.0
2024-07-16 00:00:00-04:00,6.781146399776983,7.0136426260434455,6.500213228740537,6.99426794052124,116200,0.0,0.0
2024-07-17 00:00:00-04:00,6.984580877279449,7.265514050268863,6.984580877279449,7.226764678955078,93000,0.0,0.0
2024-07-18 00:00:00-04:00,7.226765131579857,7.275202079720249,6.970050415065308,7.0233306884765625,67500,0.0,0.0
2024-07-19 00:00:00-04:00,7.042704879382719,7.066923351747393,6.86348892297044,6.9070820808410645,75400,0.0,0.0
2024-07-22 00:00:00-04:00,6.878019384357513,7.081453800201416,6.878019384357513,7.081453800201416,95700,0.0,0.0
2024-07-23 00:00:00-04:00,7.033017968645305,7.246139515303215,7.033017968645305,7.217077255249023,89900,0.0,0.0
2024-07-24 00:00:00-04:00,7.236451790819053,7.265514050268863,7.100828991220805,7.226764678955078,78200,0.0,0.0
2024-07-25 00:00:00-04:00,7.24613983808451,7.328482372988911,7.158953515967149,7.168641090393066,67300,0.0,0.0
2024-07-26 00:00:00-04:00,7.25582613676159,7.26551371010094,7.0620792892638,7.158952713012695,47000,0.0,0.0
2024-07-29 00:00:00-04:00,7.255826740533111,7.255826740533111,6.829583640569452,6.858645439147949,65400,0.0,0.0
2024-07-30 00:00:00-04:00,6.8586455997704165,6.8586455997704165,6.558337723162274,6.790834426879883,121400,0.0,0.0
2024-07-31 00:00:00-04:00,6.790833837738405,7.062079429626465,6.781146264206509,7.062079429626465,55200,0.0,0.0
2024-08-01 00:00:00-04:00,7.071767444493712,7.071767444493712,6.645523882996794,6.800521373748779,60600,0.0,0.0
2024-08-02 00:00:00-04:00,6.655211116626745,6.776303023968261,6.490526048733649,6.500213623046875,55600,0.0,0.0
2024-08-05 00:00:00-04:00,6.500213069777606,6.500213069777606,5.938346741445176,6.151468276977539,103500,0.0,0.0
2024-08-06 00:00:00-04:00,6.15146844744758,6.228967189788818,6.015845648350412,6.228967189788818,84000,0.0,0.0
2024-08-07 00:00:00-04:00,6.325841064926859,6.325841064926859,6.054595005434653,6.083657264709473,50800,0.0,0.0
2024-08-08 00:00:00-04:00,6.141781487604342,6.190217971801758,6.141781487604342,6.190217971801758,18800,0.0,0.0
2024-08-09 00:00:00-04:00,6.190217792107651,6.190217792107651,6.01584562258664,6.054594993591309,28000,0.0,0.0
2024-08-12 00:00:00-04:00,6.054595154984625,6.098188314009147,6.044907581010753,6.073969841003418,40900,0.0,0.0
2024-08-13 00:00:00-04:00,6.122407101586551,6.122407101586551,5.9577220310007535,5.996471405029297,33200,0.0,0.0
2024-08-14 00:00:00-04:00,6.015845610705579,6.064282555330224,5.909284609688722,6.0255327224731445,44100,0.0,0.0
2024-08-15 00:00:00-04:00,6.132093591929142,6.199905220562995,6.064282425224218,6.151468276977539,41300,0.0,0.0
2024-08-16 00:00:00-04:00,6.141781327016861,6.214436282377771,6.064282584784171,6.170843124389648,17100,0.0,0.0
2024-08-19 00:00:00-04:00,6.190217827128262,6.345215773952766,6.10303197283898,6.287091255187988,19500,0.0,0.0
2024-08-20 00:00:00-04:00,6.28709156436948,6.306466712863183,6.0836575864042155,6.122406959533691,17900,0.0,0.0
2024-08-21 00:00:00-04:00,6.151468603517841,6.19990554967449,6.07881364621182,6.161156177520752,10200,0.0,0.0
2024-08-22 00:00:00-04:00,6.161156484396843,6.170843596953299,6.098188636028466,6.112719535827637,19400,0.0,0.0
2024-08-23 00:00:00-04:00,6.132093931446219,6.345215940707487,6.073969873082861,6.277404308319092,54700,0.0,0.0
2024-08-26 00:00:00-04:00,6.33552841499671,6.587399798420969,6.2095927232845805,6.5680251121521,164100,0.0,0.0
2024-08-27 00:00:00-04:00,6.519588108422014,6.548650368535292,6.161156184622318,6.219280242919922,55000,0.0,0.0
2024-08-28 00:00:00-04:00,6.228967347825318,6.248342033902187,6.132093917440972,6.161156177520752,35400,0.0,0.0
2024-08-29 00:00:00-04:00,6.161156177520752,6.2241240227528145,6.112719231364103,6.161156177520752,69300,0.0,0.0
2024-08-30 00:00:00-04:00,6.224875731747059,6.224875731747059,6.058225438013148,6.16605806350708,47200,0.075,0.0
2024-09-03 00:00:00-04:00,6.077831070600763,6.156255092381447,5.999407516261335,6.019013404846191,106300,0.0,0.0
2024-09-04 00:00:00-04:00,6.048422110559586,6.185663322464966,5.999407158301336,6.028816223144531,77600,0.0,0.0
2024-09-05 00:00:00-04:00,6.048422110559586,6.087633885389694,6.028816223144531,6.028816223144531,43500,0.0,0.0
2024-09-06 00:00:00-04:00,6.058224820546499,6.166057435049911,5.9798012708862816,6.028816223144531,78300,0.0,0.0
2024-09-09 00:00:00-04:00,6.028816512103119,6.215072685193927,5.989604735393606,6.136649131774902,36000,0.0,0.0
2024-09-10 00:00:00-04:00,6.156255064803103,6.185663663828018,6.028816555851794,6.058225154876709,46400,0.0,0.0
2024-09-11 00:00:00-04:00,6.028816637943757,6.053324115759064,5.881772238493175,5.940589904785156,93100,0.0,0.0
2024-09-12 00:00:00-04:00,5.979801288750974,6.224875115891925,5.960195401277347,6.1954665184021,67000,0.0,0.0
2024-09-13 00:00:00-04:00,6.273890495300293,6.273890495300293,6.185663761943608,6.273890495300293,31000,0.0,0.0
2024-09-16 00:00:00-04:00,6.283693205983669,6.303299094791681,6.20526965075162,6.273890495300293,30400,0.0,0.0
2024-09-17 00:00:00-04:00,6.244481535311065,6.469949494185215,6.195467046172239,6.283693313598633,55900,0.0,0.0
2024-09-18 00:00:00-04:00,6.200368167877234,6.469949494185215,6.200368167877234,6.283693313598633,38700,0.0,0.0
2024-09-19 00:00:00-04:00,6.411131633946004,6.42093481194371,6.322904901731665,6.391525745391846,51900,0.0,0.0
2024-09-20 00:00:00-04:00,6.332707870478561,6.61699347884087,6.2738902067595905,6.538569927215576,252100,0.0,0.0
2024-09-23 00:00:00-04:00,6.577781566765676,6.577781566765676,6.342510449322334,6.36211633682251,51600,0.0,0.0
2024-09-24 00:00:00-04:00,6.362116571429105,6.420934703539815,6.322904794982796,6.381722927093506,38800,0.0,0.0
2024-09-25 00:00:00-04:00,6.352313795963896,6.3817228617179795,6.254284355852357,6.293496131896973,20500,0.0,0.0
2024-09-26 00:00:00-04:00,6.342510808999812,6.357215576039759,6.18566370010376,6.18566370010376,50800,0.0,0.0
2024-09-27 00:00:00-04:00,6.205269508404027,6.3032989501953125,6.126845954970998,6.3032989501953125,28100,0.0,0.0
2024-09-30 00:00:00-04:00,6.264087424454849,6.332708270178728,6.2542847136035915,6.283693313598633,29500,0.0,0.0
2024-10-01 00:00:00-04:00,6.283693143163792,6.31310220980243,6.18566370010376,6.18566370010376,40500,0.0,0.0
2024-10-02 00:00:00-04:00,6.224875276537387,6.224875276537387,6.126845836639404,6.126845836639404,27200,0.0,0.0
2024-10-03 00:00:00-04:00,6.126845998336934,6.16605777533099,6.048422444348822,6.058225154876709,28600,0.0,0.0
2024-10-04 00:00:00-04:00,6.175861157028455,6.332708270178728,6.156255267884672,6.283693313598633,19200,0.0,0.0
2024-10-07 00:00:00-04:00,6.293496411954052,6.3032991226808,6.219973978017759,6.234678745269775,15400,0.0,0.0
2024-10-08 00:00:00-04:00,6.244480909124773,6.244480909124773,6.146451473236084,6.146451473236084,28000,0.0,0.0
2024-10-09 00:00:00-04:00,6.166057612598597,6.2640870524965795,6.126845836639404,6.126845836639404,20000,0.0,0.0
2024-10-10 00:00:00-04:00,6.146451977615932,6.146451977615932,6.038619355568983,6.107240200042725,25100,0.0,0.0
2024-10-11 00:00:00-04:00,6.136649464584213,6.342511069753033,6.136649464584213,6.332708358764648,15000,0.0,0.0
2024-10-14 00:00:00-04:00,6.264087317175656,6.40623012789406,6.264087317175656,6.273890495300293,25400,0.0,0.0
2024-10-15 00:00:00-04:00,6.234678717684268,6.548372938612464,6.234678717684268,6.273890495300293,51300,0.0,0.0
2024-10-16 00:00:00-04:00,6.352314249632688,6.518964543444736,6.352314249632688,6.499358654022217,41700,0.0,0.0
2024-10-17 00:00:00-04:00,6.5189639985192,6.5189639985192,6.3523137186375855,6.411131381988525,23400,0.0,0.0
2024-10-18 00:00:00-04:00,6.3621167612157175,6.43073760576439,6.255264830816492,6.273890495300293,25800,0.0,0.0
2024-10-21 00:00:00-04:00,6.2836927783128065,6.313101843243862,6.1954665184021,6.1954665184021,16800,0.0,0.0
2024-10-22 00:00:00-04:00,6.234678546615603,6.234678546615603,6.087634150869522,6.17586088180542,24300,0.0,0.0
2024-10-23 00:00:00-04:00,6.20526948229547,6.352313878084337,6.18076200509045,6.34251070022583,18800,0.0,0.0
2024-10-24 00:00:00-04:00,6.3621167612157175,6.371919939340354,6.273890495300293,6.273890495300293,17900,0.0,0.0
2024-10-25 00:00:00-04:00,6.381723062038554,6.479752505227212,6.322904928684102,6.352313995361328,19800,0.0,0.0
2024-10-28 00:00:00-04:00,6.4307373874746485,6.489555051902134,6.376821311943098,6.420934677124023,32100,0.0,0.0
2024-10-29 00:00:00-04:00,6.420934731811365,6.548372772102357,6.420934731811365,6.509160995483398,26600,0.0,0.0
2024-10-30 00:00:00-04:00,6.538569754011596,6.862067129617241,6.411131252275667,6.813052177429199,57100,0.0,0.0
2024-10-31 00:00:00-04:00,6.852264236372291,7.107141250414113,6.798348160682481,7.023816108703613,46200,0.0,0.0
2024-11-01 00:00:00-04:00,7.028717961264073,7.156156473065256,6.881673560527421,6.901279449462891,43000,0.0,0.0
2024-11-04 00:00:00-05:00,6.911082418280334,6.911082418280334,6.636599514057947,6.675811290740967,39000,0.0,0.0
2024-11-05 00:00:00-05:00,6.597387937242485,7.018914783075707,6.597387937242485,6.901279449462891,35500,0.0,0.0
2024-11-06 00:00:00-05:00,7.058126576926202,7.572781746949027,7.048323866156906,7.401230335235596,174300,0.0,0.0
2024-11-07 00:00:00-05:00,7.401230154985838,7.411032865516399,7.067929583004217,7.136550426483154,68100,0.0,0.0
2024-11-08 00:00:00-05:00,7.1365506731767425,7.283594608306885,6.999308981474748,7.283594608306885,42600,0.0,0.0
2024-11-11 00:00:00-05:00,7.401230335235596,7.440442113195309,7.283594533915188,7.401230335235596,52000,0.0,0.0
2024-11-12 00:00:00-05:00,7.4208355837796915,7.429658069454783,7.126746807021133,7.263988018035889,49100,0.0,0.0
2024-11-13 00:00:00-05:00,7.352215025405041,7.352215025405041,7.195367921110932,7.205170631408691,25600,0.0,0.0
2024-11-14 00:00:00-05:00,7.303199867863052,7.3326089328184265,7.093416918465892,7.146352767944336,30100,0.0,0.0
2024-11-15 00:00:00-05:00,7.165959098541347,7.165959098541347,6.911082545413138,7.018914699554443,38700,0.0,0.0
2024-11-18 00:00:00-05:00,7.0483234880102765,7.126747039722235,7.018914422397672,7.077732086181641,23200,0.0,0.0
2024-11-19 00:00:00-05:00,6.999308203228494,7.07773175122907,6.842461107227341,7.048323154449463,36200,0.0,0.0
2024-11-20 00:00:00-05:00,7.009111426998522,7.116944039936068,6.979702362582383,7.072830677032471,21700,0.0,0.0
2024-11-21 00:00:00-05:00,7.13655050672559,7.342412104594577,7.033619474070467,7.185564994812012,58400,0.0,0.0
2024-11-22 00:00:00-05:00,7.214973552558824,7.509061862651505,7.214973552558824,7.430638313293457,38200,0.0,0.0
2024-11-25 00:00:00-05:00,7.499259246043012,7.719825598218141,7.469850180947087,7.479653358459473,62800,0.0,0.0
2024-11-26 00:00:00-05:00,7.44044167590698,7.558077002872479,7.313003171307071,7.322805881500244,24900,0.0,0.0
2024-11-27 00:00:00-05:00,7.3424120310191805,7.5482740942665645,7.3424120310191805,7.469850540161133,36400,0.0,0.0
2024-11-29 00:00:00-05:00,7.51440232996296,7.534203107334772,7.4252985957459225,7.5243024826049805,23400,0.075,0.0
2024-12-02 00:00:00-05:00,7.489651200921908,7.554003845064527,7.355995600297751,7.365896224975586,69900,0.0,0.0
2024-12-03 00:00:00-05:00,7.3955970611807365,7.4748006413371275,7.355995507146423,7.464900016784668,52400,0.0,0.0
2024-12-04 00:00:00-05:00,7.474800870902982,7.474800870902982,7.360946045491801,7.425298690795898,83300,0.0,0.0
2024-12-05 00:00:00-05:00,7.425298637695942,7.781713104489924,7.37579645794286,7.682709217071533,87300,0.0,0.0
2024-12-06 00:00:00-05:00,7.702509895000544,7.722310672228297,7.5045016506352376,7.534203052520752,54300,0.0,0.0
2024-12-09 00:00:00-05:00,7.56390408008169,7.742111549522567,7.479750657754114,7.682709217071533,38000,0.0,0.0
2024-12-10 00:00:00-05:00,7.6926095022860155,7.900517905490052,7.623306543855409,7.742111682891846,40900,0.0,0.0
2024-12-11 00:00:00-05:00,7.821314598840449,7.821314598840449,7.6926093101501465,7.6926093101501465,57700,0.0,0.0
2024-12-12 00:00:00-05:00,7.742111660396745,7.801513993698475,7.583704966171015,7.66290807723999,22500,0.0,0.0
2024-12-13 00:00:00-05:00,7.682709442462557,7.682709442462557,7.58865539258995,7.6431074142456055,13600,0.0,0.0
2024-12-16 00:00:00-05:00,7.742111798016673,7.811414285390022,7.643107435332823,7.722311019897461,35900,0.0,0.0
2024-12-17 00:00:00-05:00,7.672808762083242,7.801514054619255,7.5342033166301885,7.653007984161377,45700,0.0,0.0
2024-12-18 00:00:00-05:00,7.653007926231693,7.8015139955654496,7.405497968038026,7.415398120880127,53200,0.0,0.0
2024-12-19 00:00:00-05:00,7.415398011144933,7.5837048557600175,7.326294748533479,7.43519926071167,478400,0.0,0.0
2024-12-20 00:00:00-05:00,7.395597452394432,7.70251022052714,7.237191227877773,7.6431074142456055,250900,0.0,0.0
2024-12-23 00:00:00-05:00,7.534203107334772,7.593605439450206,7.484700927861357,7.5243024826049805,40000,0.0,0.0
2024-12-24 00:00:00-05:00,7.5045015914561475,7.554003770179051,7.457969788942256,7.544103145599365,12100,0.0,0.0
2024-12-26 00:00:00-05:00,7.573804567645623,7.643107051538991,7.50450161166449,7.6233062744140625,21200,0.0,0.0
2024-12-27 00:00:00-05:00,7.6035056523619176,7.643107207419445,7.494601611997604,7.514402389526367,34100,0.0,0.0
2024-12-30 00:00:00-05:00,7.435199315652426,7.474800870902982,7.380746823117079,7.425298690795898,44400,0.0,0.0
2024-12-31 00:00:00-05:00,7.445099583665069,7.474800986606627,7.385697249869737,7.405498027801514,72700,0.0,0.0
2025-01-02 00:00:00-05:00,7.455000093277704,7.524302578922288,7.355995733063537,7.425298690795898,52600,0.0,0.0
2025-01-03 00:00:00-05:00,7.484701156616211,7.484701156616211,7.311444467339559,7.484701156616211,33200,0.0,0.0
2025-01-06 00:00:00-05:00,7.484701023671732,7.489651336099996,7.375796510688815,7.425298690795898,35000,0.0,0.0
2025-01-07 00:00:00-05:00,7.331244942614522,7.331244942614522,7.197589342722598,7.207489967346191,39400,0.0,0.0
2025-01-08 00:00:00-05:00,7.197589493492308,7.197589493492308,6.983740812438347,7.098585605621338,35400,0.0,0.0
2025-01-10 00:00:00-05:00,7.128286554328952,7.128286554328952,6.8213742650932545,6.930278778076172,43700,0.0,0.0
2025-01-13 00:00:00-05:00,6.910477773143041,7.0094816580128745,6.870876219195107,6.969880104064941,20400,0.0,0.0
2025-01-14 00:00:00-05:00,7.029282550265335,7.143137373798655,6.851075554577084,6.950079441070557,29700,0.0,0.0
2025-01-15 00:00:00-05:00,7.118386456121534,7.167888164520264,7.049083497857977,7.167888164520264,15700,0.0,0.0
2025-01-16 00:00:00-05:00,7.088684999078396,7.177788734436035,6.969880333326728,7.177788734436035,82000,0.0,0.0
2025-01-17 00:00:00-05:00,7.207489967346191,7.256991674200864,7.133236698932534,7.207489967346191,20200,0.0,0.0
2025-01-21 00:00:00-05:00,7.276792622562425,7.464900246046454,7.237191067311869,7.425298690795898,34000,0.0,0.0
2025-01-22 00:00:00-05:00,7.306494235992432,7.336195167243966,7.18273925423953,7.306494235992432,48300,0.0,0.0
2025-01-23 00:00:00-05:00,7.326294840524407,7.351045930705838,7.088685035705566,7.088685035705566,32000,0.0,0.0
2025-01-24 00:00:00-05:00,7.06888406955684,7.113435936278329,7.039183139801025,7.039183139801025,26700,0.0,0.0
2025-01-27 00:00:00-05:00,7.058983971960082,7.143137393736362,6.950079460469406,7.029282569885254,35300,0.0,0.0
2025-01-28 00:00:00-05:00,7.078784655012762,7.266892273413376,7.009481699153242,7.128286361694336,44200,0.0,0.0
2025-01-29 00:00:00-05:00,7.14808733195423,7.14808733195423,6.870876445200338,6.930278778076172,33500,0.0,0.0
2025-01-30 00:00:00-05:00,7.029282455846911,7.108485563977821,6.801573283926665,7.049083232879639,43400,0.0,0.0
2025-01-31 00:00:00-05:00,7.049083522383213,7.128286633766968,6.959980258120378,6.999581813812256,37600,0.0,0.0
2025-02-03 00:00:00-05:00,6.950079460469406,7.177788636083853,6.945129148108973,7.029282569885254,37900,0.0,0.0
2025-02-04 00:00:00-05:00,6.969880424958327,7.326294898986816,6.969880424958327,7.326294898986816,33200,0.0,0.0
2025-02-05 00:00:00-05:00,7.3361948583346885,7.3361948583346885,7.247091596244217,7.276792526245117,27500,0.0,0.0
2025-02-06 00:00:00-05:00,7.237191030834402,7.28669321069198,7.167888073451347,7.266892433166504,36300,0.0,0.0
2025-02-07 00:00:00-05:00,7.247091770172119,7.296593478724235,7.187689436656911,7.247091770172119,29800,0.0,0.0
2025-02-10 00:00:00-05:00,7.28669321069198,7.304513580003467,7.197589475783449,7.266892433166504,56500,0.0,0.0
2025-02-11 00:00:00-05:00,7.237191013834251,7.484700968365195,7.237191013834251,7.43519926071167,19200,0.0,0.0
2025-02-12 00:00:00-05:00,7.316394214341293,7.420348415414955,7.266892506074841,7.33619499206543,19900,0.0,0.0
2025-02-13 00:00:00-05:00,7.365896394695524,7.365896394695524,7.247091728350704,7.33619499206543,25900,0.0,0.0
2025-02-14 00:00:00-05:00,7.355995961403353,7.474801102930666,7.326295030087368,7.385697364807129,43600,0.0,0.0
2025-02-18 00:00:00-05:00,7.316394251527493,7.742111682891846,7.316394251527493,7.742111682891846,88800,0.0,0.0
2025-02-19 00:00:00-05:00,7.742111821089295,7.811414308669176,7.405498119971737,7.554004192352295,178500,0.0,0.0
2025-02-20 00:00:00-05:00,7.524302479328882,7.524302479328882,7.276792526245117,7.276792526245117,11400,0.0,0.0
2025-02-21 00:00:00-05:00,7.336194993344312,7.336194993344312,7.078784882885662,7.088685035705566,46500,0.0,0.0
2025-02-24 00:00:00-05:00,7.1282867177715055,7.425298861048563,7.1282867177715055,7.395597457885742,47200,0.0,0.0
2025-02-25 00:00:00-05:00,7.3460955802947865,7.524302578922288,7.331245115097772,7.425298690795898,42700,0.0,0.0
2025-02-26 00:00:00-05:00,7.425298727867934,7.484701061040344,7.3064940615231135,7.33619499206543,42700,0.0,0.0
2025-02-27 00:00:00-05:00,7.286693081675615,7.4847008534245045,7.286693081675615,7.454999923706055,36500,0.0,0.0
2025-02-28 00:00:00-05:00,7.46999979019165,7.619999885559082,7.46999979019165,7.619999885559082,60800,0.075,0.0
2025-03-03 00:00:00-05:00,7.610000133514404,7.679999828338623,7.420000076293945,7.440000057220459,81900,0.0,0.0
2025-03-04 00:00:00-05:00,7.400000095367432,7.400000095367432,7.184999942779541,7.260000228881836,25300,0.0,0.0
2025-03-05 00:00:00-05:00,7.239999771118164,7.360000133514404,7.085000038146973,7.170000076293945,39600,0.0,0.0
2025-03-06 00:00:00-05:00,7.079999923706055,7.139999866485596,7.059999942779541,7.110000133514404,17100,0.0,0.0
2025-03-07 00:00:00-05:00,7.0,7.159999847412109,6.929999828338623,6.940000057220459,88300,0.0,0.0
2025-03-10 00:00:00-04:00,6.869999885559082,6.949999809265137,6.769999980926514,6.809999942779541,39800,0.0,0.0
2025-03-11 00:00:00-04:00,6.789999961853027,6.920000076293945,6.75,6.840000152587891,36600,0.0,0.0
2025-03-12 00:00:00-04:00,6.869999885559082,6.940000057220459,6.75,6.800000190734863,110900,0.0,0.0
2025-03-13 00:00:00-04:00,6.869999885559082,7.099999904632568,6.690000057220459,6.690000057220459,81400,0.0,0.0
2025-03-14 00:00:00-04:00,6.760000228881836,7.046999931335449,6.760000228881836,6.900000095367432,59500,0.0,0.0
2025-03-17 00:00:00-04:00,6.909999847412109,7.150000095367432,6.78000020980835,6.800000190734863,20700,0.0,0.0
2025-03-18 00:00:00-04:00,6.789999961853027,6.889999866485596,6.730000019073486,6.840000152587891,75700,0.0,0.0
2025-03-19 00:00:00-04:00,6.860000133514404,6.949999809265137,6.860000133514404,6.880000114440918,24500,0.0,0.0
2025-03-20 00:00:00-04:00,6.869999885559082,6.900000095367432,6.849999904632568,6.849999904632568,24000,0.0,0.0
2025-03-21 00:00:00-04:00,6.789999961853027,6.829999923706055,6.75,6.820000171661377,85600,0.0,0.0
2025-03-24 00:00:00-04:00,6.909999847412109,7.059999942779541,6.84499979019165,7.050000190734863,29400,0.0,0.0
2025-03-25 00:00:00-04:00,7.010000228881836,7.03000020980835,6.920000076293945,6.96999979019165,27500,0.0,0.0
2025-03-26 00:00:00-04:00,7.0,7.014999866485596,6.929999828338623,6.929999828338623,22600,0.0,0.0
2025-03-27 00:00:00-04:00,6.980000019073486,7.059999942779541,6.980000019073486,7.059999942779541,14000,0.0,0.0
2025-03-28 00:00:00-04:00,7.09499979019165,7.09499979019165,6.900000095367432,6.900000095367432,12000,0.0,0.0
2025-03-31 00:00:00-04:00,6.829999923706055,6.980000019073486,6.769999980926514,6.78000020980835,74800,0.0,0.0
2025-04-01 00:00:00-04:00,6.75,7.0,6.744999885559082,6.75,42430,0.0,0.0
