Date,Open,High,Low,Close,Volume,Dividends,Stock Splits
2023-06-16 00:00:00-04:00,11.974515718699669,11.974515718699669,8.71507740020752,8.71507740020752,818,0.0,0.0
2023-06-20 00:00:00-04:00,8.72379246910522,8.72379246910522,7.86099979798217,8.71507740020752,1432,0.0,0.0
2023-06-21 00:00:00-04:00,8.044016900130362,8.044016900130362,7.407815968520177,7.586474895477295,6854,0.0,0.0
2023-06-22 00:00:00-04:00,7.704129163746771,17.255856684027208,7.704129163746771,9.586586952209473,510375,0.0,0.0
2023-06-23 00:00:00-04:00,8.993960801127017,10.022339820861816,8.148597385032806,10.022339820861816,501577,0.0,0.0
2023-06-26 00:00:00-04:00,9.368709082874215,11.329600574312112,8.819658853091111,9.229267120361328,83988,0.0,0.0
2023-06-27 00:00:00-04:00,8.575636487034323,9.673737001745128,8.540777057468881,8.776083946228027,273448,0.0,0.0
2023-06-28 00:00:00-04:00,8.540776340484959,9.586585497426848,8.540776340484959,9.534295082092285,94116,0.0,0.0
2023-06-29 00:00:00-04:00,9.281556401460813,9.516864099853915,8.72379202067854,9.29898738861084,89615,0.0,0.0
2023-06-30 00:00:00-04:00,9.298989757208442,9.509022960345495,9.046252707790408,9.246699333190918,69564,0.0,0.0
2023-07-03 00:00:00-04:00,9.412284936833759,9.499434786435582,9.063681287172816,9.2815580368042,60152,0.0,0.0
2023-07-05 00:00:00-04:00,9.455860223388218,9.795747950535295,9.264128684997559,9.264128684997559,69155,0.0,0.0
2023-07-06 00:00:00-04:00,9.368709993518614,9.58658675260606,9.09854281225018,9.46457576751709,89717,0.0,0.0
2023-07-07 00:00:00-04:00,9.577871423128807,10.51909899692319,9.577871423128807,10.231502532958984,152427,0.0,0.0
2023-07-10 00:00:00-04:00,10.71954636768878,10.763121717951707,10.423233985900879,10.423233985900879,79589,0.0,0.0
2023-07-11 00:00:00-04:00,10.763120761344108,10.763120761344108,10.06591521910371,10.187925338745117,89410,0.0,0.0
2023-07-12 00:00:00-04:00,10.414518330732713,10.641111008119315,10.187926503596868,10.501669883728027,85114,0.0,0.0
2023-07-13 00:00:00-04:00,10.588821180227663,10.771837666253653,10.4319499064911,10.61496639251709,66290,0.0,0.0
2023-07-14 00:00:00-04:00,10.649825067605377,10.649825067605377,10.29250722026619,10.45809268951416,62198,0.0,0.0
2023-07-17 00:00:00-04:00,10.64982667556966,10.806697949306223,10.45809426852972,10.61496639251709,130842,0.0,0.0
2023-07-18 00:00:00-04:00,10.972283465524589,11.983232447984877,10.632395731419654,11.625914573669434,150893,0.0,0.0
2023-07-19 00:00:00-04:00,11.625913474558342,12.941889786290458,11.625913474558342,12.645577430725098,125317,0.0,0.0
2023-07-20 00:00:00-04:00,12.819880153603785,12.880885640890599,11.591054488004405,11.896081924438477,108847,0.0,0.0
2023-07-21 00:00:00-04:00,11.896081965173709,12.096527716694638,10.74569107189602,10.771836280822754,76009,0.0,0.0
2023-07-24 00:00:00-04:00,10.77183694133348,11.381891853698134,10.702116379920374,10.841557502746582,47672,0.0,0.0
2023-07-25 00:00:00-04:00,10.789267129706426,11.181445289400596,10.728261638198445,11.137870788574219,46546,0.0,0.0
2023-07-26 00:00:00-04:00,10.841556874708578,11.913512144839496,10.754406177990731,11.765355110168457,53503,0.0,0.0
2023-07-27 00:00:00-04:00,11.765354431797695,11.89608131958767,11.386248922933653,11.843790054321289,32634,0.0,0.0
2023-07-28 00:00:00-04:00,11.774070286184324,12.209824623960017,11.498674082068533,12.16624927520752,47263,0.0,0.0
2023-07-31 00:00:00-04:00,11.939656373758947,12.671723068478247,11.643344858391389,12.401555061340332,64960,0.0,0.0
2023-08-01 00:00:00-04:00,11.987590645905508,12.19239393992689,11.146585543643766,11.35574722290039,37033,0.0,0.0
2023-08-02 00:00:00-04:00,11.434182114797093,11.791500837291213,10.99842861206126,11.076864242553711,43887,0.0,0.0
2023-08-03 00:00:00-04:00,10.902563195077272,11.129155023849272,10.748306450105567,10.963568687438965,28542,0.0,0.0
2023-08-04 00:00:00-04:00,10.780552658390556,10.994943380691465,10.7195463180542,10.7195463180542,19232,0.0,0.0
2023-08-07 00:00:00-04:00,10.850271482681597,11.808929956035955,10.850271482681597,11.713064193725586,62914,0.0,0.0
2023-08-08 00:00:00-04:00,11.643345704517918,12.933176945898232,11.547479081953483,12.636863708496094,42659,0.0,0.0
2023-08-09 00:00:00-04:00,12.401556308247633,12.636864060736402,11.530049262921734,12.07909870147705,50741,0.0,0.0
2023-08-10 00:00:00-04:00,12.377152264695892,12.414627059480503,11.15529880309584,11.225018501281738,61278,0.0,0.0
2023-08-11 00:00:00-04:00,11.329600873685774,11.591054666587432,11.251166096216407,11.425467491149902,15140,0.0,0.0
2023-08-14 00:00:00-04:00,11.495187938138244,11.495187938138244,10.946137699148055,11.02457332611084,23017,0.0,0.0
2023-08-15 00:00:00-04:00,10.937424454483162,11.068149660820712,10.484239941392865,10.62368106842041,24143,0.0,0.0
2023-08-16 00:00:00-04:00,10.492954970921147,10.93306602638589,9.904686868316512,10.013626098632812,42761,0.0,0.0
2023-08-17 00:00:00-04:00,10.057200557147617,10.458093794064343,9.691167601701911,9.717312812805176,51150,0.0,0.0
2023-08-18 00:00:00-04:00,9.630160812547066,10.0746301917111,9.604015604963926,9.978763580322266,51150,0.0,0.0
2023-08-21 00:00:00-04:00,10.05720023959598,10.143480283763267,9.556083709272606,9.595300674438477,39283,0.0,0.0
2023-08-22 00:00:00-04:00,9.595300343207978,10.00490947367026,9.543009924457564,9.900328636169434,30076,0.0,0.0
2023-08-23 00:00:00-04:00,9.935188405611713,11.164014033452263,9.906428676774503,10.484238624572754,24654,0.0,0.0
2023-08-24 00:00:00-04:00,10.5626740113965,10.893846639052251,10.179210968847734,10.658539772033691,19539,0.0,0.0
2023-08-25 00:00:00-04:00,10.649825532031,10.649825532031,10.084216649985233,10.34479808807373,28337,0.0,0.0
2023-08-28 00:00:00-04:00,10.431949549113229,10.588820817475694,10.122563697369815,10.349156379699707,23324,0.0,0.0
2023-08-29 00:00:00-04:00,10.431949712623165,10.458094074175918,10.022341394367658,10.04848575592041,30383,0.0,0.0
2023-08-30 00:00:00-04:00,10.170496547805124,10.336082872184846,9.89161346702015,10.240216255187988,25882,0.0,0.0
2023-08-31 00:00:00-04:00,10.492134323891708,10.509811850706603,9.51098199993925,9.581695556640625,23427,0.16129,0.0
2023-09-01 00:00:00-04:00,9.838032478725856,10.226957913975214,9.60821427528835,10.014817237854004,43784,0.0,0.0
2023-09-05 00:00:00-04:00,10.014816478300236,10.51776748881943,9.696605488252498,9.855710983276367,15140,0.0,0.0
2023-09-06 00:00:00-04:00,9.815932962513308,9.86454938891147,9.290000951558657,9.431428909301758,23017,0.0,0.0
2023-09-07 00:00:00-04:00,9.334198454407746,9.714283800660647,8.556348511343733,8.79500675201416,73247,0.0,0.0
2023-09-08 00:00:00-04:00,8.883398275291375,9.325357959454948,8.591704021383059,8.78616714477539,116827,0.0,0.0
2023-09-11 00:00:00-04:00,8.954111801057685,9.060182124976194,8.830363089819425,8.90991497039795,44807,0.0,0.0
2023-09-12 00:00:00-04:00,8.887818041355649,9.581694758703758,8.848041669023592,9.36071491241455,50332,0.0,0.0
2023-09-13 00:00:00-04:00,9.263482978671549,9.502142054378082,8.671257041849419,8.856879234313965,34066,0.0,0.0
2023-09-14 00:00:00-04:00,8.839202796797542,9.855710989075199,8.781747172311379,9.590535163879395,67518,0.0,0.0
2023-09-15 00:00:00-04:00,9.590535384112947,10.500972404858818,9.519820966743131,10.350706100463867,277438,0.0,0.0
2023-09-18 00:00:00-04:00,10.25347548692506,10.558428570865802,9.519821453806252,10.42142105102539,32327,0.0,0.0
2023-09-19 00:00:00-04:00,10.801505056683213,10.916414574857244,10.235795797158394,10.660077095031738,54935,0.0,0.0
2023-09-20 00:00:00-04:00,10.518651041237261,10.889897183340064,10.439098296500946,10.580525398254395,14015,0.0,0.0
2023-09-21 00:00:00-04:00,10.377224156528875,10.916414993241355,10.16508349946167,10.748470306396484,18926,0.0,0.0
2023-09-22 00:00:00-04:00,10.562846612176424,11.314179847966717,10.562846612176424,10.978289604187012,20869,0.0,0.0
2023-09-25 00:00:00-04:00,10.642399730793928,11.225786524185109,10.370152560544708,11.049002647399902,25370,0.0,0.0
2023-09-26 00:00:00-04:00,11.20810846131938,11.300919999321307,10.567266889401315,10.87221908569336,30485,0.0,0.0
2023-09-27 00:00:00-04:00,11.296500016920703,11.360142207378376,10.766147567413134,10.987128257751465,171046,0.0,0.0
2023-09-28 00:00:00-04:00,10.978288579131526,10.98712863491441,10.695434389609915,10.85453987121582,40613,0.0,0.0
2023-09-29 00:00:00-04:00,10.960611989294469,10.960611989294469,10.518652245707019,10.545169830322266,74577,0.0,0.0
2023-10-02 00:00:00-04:00,10.341865337482972,10.730790693404693,10.147403090702259,10.235795021057129,73758,0.0,0.0
2023-10-03 00:00:00-04:00,9.952943057323964,10.16508459971341,9.466786469897114,9.793837547302246,88592,0.0,0.0
2023-10-04 00:00:00-04:00,9.723122653873519,9.731960985302157,9.061950096095305,9.236966133117676,71099,0.0,0.0
2023-10-05 00:00:00-04:00,9.276742783086448,10.014816348940686,9.094656247938183,9.87338924407959,51150,0.0,0.0
2023-10-06 00:00:00-04:00,9.661247760930184,10.120885812438203,9.661247760930184,10.059011459350586,7468,0.0,0.0
2023-10-09 00:00:00-04:00,9.98829857555992,10.204858825732572,9.98829857555992,10.03249454498291,12276,0.0,0.0
2023-10-10 00:00:00-04:00,10.103209145539276,10.916414997983491,10.103209145539276,10.668916702270508,32838,0.0,0.0
2023-10-11 00:00:00-04:00,10.668917234557146,10.863380375682315,10.668917234557146,10.739631652832031,19130,0.0,0.0
2023-10-12 00:00:00-04:00,10.7749877268025,10.7749877268025,10.403740720146736,10.439098358154297,14629,0.0,0.0
2023-10-13 00:00:00-04:00,10.439098171490313,10.748469952871181,10.165083165124399,10.598203659057617,9105,0.0,0.0
2023-10-16 00:00:00-04:00,10.470035811551924,10.907576820063975,10.377225127759035,10.545169830322266,37851,0.0,0.0
2023-10-17 00:00:00-04:00,10.828023235887464,12.03457410571913,10.828023235887464,11.11971664428711,78157,0.0,0.0
2023-10-18 00:00:00-04:00,11.128554903699047,11.402570763054321,10.707809295410048,10.916414260864258,21585,0.0,0.0
2023-10-19 00:00:00-04:00,10.995966770237576,11.464444875653706,10.951770803911558,11.216946601867676,11355,0.0,0.0
2023-10-20 00:00:00-04:00,11.243466028586353,11.323017912579033,10.845701434460585,11.093199729919434,13299,0.0,0.0
2023-10-23 00:00:00-04:00,10.783827883534505,11.040165392223702,10.571687210710722,10.704275131225586,24961,0.0,0.0
2023-10-24 00:00:00-04:00,10.810345221387815,11.155073806873865,10.730792470891034,11.066681861877441,5831,0.0,0.0
2023-10-25 00:00:00-04:00,11.097618471152927,11.172751620530896,10.605274500515726,10.748470306396484,26905,0.0,0.0
2023-10-26 00:00:00-04:00,10.862496796395963,11.018950543756079,10.651240041485977,10.889898300170898,15140,0.0,0.0
2023-10-27 00:00:00-04:00,10.704274620206395,11.561677327630804,10.704274620206395,10.774988174438477,16061,0.0,0.0
2023-10-30 00:00:00-04:00,10.854541221343815,11.178940522661732,10.801506054211803,11.128556251525879,11458,0.0,0.0
2023-10-31 00:00:00-04:00,10.96945031294152,11.110877419656964,10.589364963643764,11.057842254638672,20869,0.0,0.0
2023-11-01 00:00:00-04:00,10.87221939987525,10.960611343383789,10.783827456366714,10.960611343383789,11048,0.0,0.0
2023-11-02 00:00:00-04:00,10.89873689910825,11.487427238347637,10.89873689910825,11.446767807006836,20562,0.0,0.0
2023-11-03 00:00:00-04:00,11.225787565195525,11.711944133798385,11.225787565195525,11.314180374145508,15959,0.0,0.0
2023-11-06 00:00:00-05:00,11.20810871502999,11.20810871502999,10.88989772039168,11.102038383483887,6138,0.0,0.0
2023-11-07 00:00:00-05:00,11.703103821232908,11.703103821232908,9.871621865529216,10.677757263183594,14424,0.0,0.0
2023-11-08 00:00:00-05:00,11.376052226554362,11.376052226554362,10.386061705793251,10.761728286743164,5524,0.0,0.0
2023-11-09 00:00:00-05:00,11.756140668194442,12.772648027925317,11.225787277527033,12.551668167114258,227617,0.0,0.0
2023-11-10 00:00:00-05:00,13.258804236602103,14.142724519042243,12.374883091801552,12.993627548217773,248487,0.0,0.0
2023-11-13 00:00:00-05:00,13.700764239791612,14.496292597245374,13.302999629884518,14.363704681396484,299944,0.0,0.0
2023-11-14 00:00:00-05:00,15.02664403510052,15.822173242974323,12.984788436953735,13.258804321289062,164908,0.0,0.0
2023-11-15 00:00:00-05:00,13.258803776516222,13.462105236079918,12.162742008930326,12.392561912536621,114167,0.0,0.0
2023-11-16 00:00:00-05:00,13.709602737553146,13.957100167894943,11.676586406453334,11.906405448913574,228743,0.0,0.0
2023-11-17 00:00:00-05:00,12.030154654120974,12.65773831184063,11.94176271111263,12.445597648620605,81840,0.0,0.0
2023-11-20 00:00:00-05:00,12.613541339514306,12.949431558655203,12.092028054784164,12.304168701171875,65881,0.0,0.0
2023-11-21 00:00:00-05:00,12.374882853765254,12.45443646240259,12.118547089233271,12.2334566116333,25268,0.0,0.0
2023-11-22 00:00:00-05:00,12.233456454763619,13.992457769052256,12.233456454763619,13.674246788024902,83477,0.0,0.0
2023-11-24 00:00:00-05:00,13.638889186822917,14.558166219077913,13.497462083762208,13.921743392944336,41431,0.0,0.0
2023-11-27 00:00:00-05:00,13.930583162299598,14.231114887752776,13.143893193008115,13.895225524902344,50127,0.0,0.0
2023-11-28 00:00:00-05:00,14.018975588386152,14.133885980689056,13.630051025503999,13.842191696166992,33759,0.0,0.0
2023-11-29 00:00:00-05:00,13.851029186078167,14.142723434700292,13.329516768216196,13.400229454040527,49309,0.0,0.0
2023-11-30 00:00:00-05:00,13.593276428839156,13.755100991605474,13.251645919234585,13.449432373046875,35396,0.249,0.0
2023-12-01 00:00:00-05:00,13.440441021936207,14.690087031676285,13.062850406317688,14.636144638061523,83170,0.0,0.0
2023-12-04 00:00:00-05:00,13.997837855120439,14.47432129059157,13.997837855120439,14.20461368560791,29360,0.0,0.0
2023-12-05 00:00:00-05:00,14.15067261170207,14.833932776346199,13.94479580005986,14.555234909057617,64551,0.0,0.0
2023-12-06 00:00:00-05:00,14.411388380117451,14.73503835768403,13.77308043197076,13.916924476623535,47774,0.0,0.0
2023-12-07 00:00:00-05:00,15.076669284656582,15.076669284656582,13.26962656118879,13.485393524169922,63221,0.0,0.0
2023-12-08 00:00:00-05:00,13.728129996099472,13.925915569427492,13.494383409439086,13.638227462768555,39283,0.0,0.0
2023-12-11 00:00:00-05:00,13.638226966046533,13.638226966046533,12.13685295990643,12.316658020019531,180764,0.0,0.0
2023-12-12 00:00:00-05:00,12.226756903857124,12.253726786960305,11.3187395562252,11.48056411743164,94423,0.0,0.0
2023-12-13 00:00:00-05:00,11.480564526124303,11.714311999952594,10.617500168966021,11.084993362426758,126238,0.0,0.0
2023-12-14 00:00:00-05:00,11.147924812996152,11.48056419093921,10.401732898890856,10.500626564025879,118873,0.0,0.0
2023-12-15 00:00:00-05:00,10.518606182408382,11.309749362943178,10.491636299161838,11.246817588806152,93707,0.0,0.0
2023-12-18 00:00:00-05:00,11.417631988391054,11.777242990314642,11.296263571262372,11.615418434143066,46751,0.0,0.0
2023-12-19 00:00:00-05:00,11.68733970069981,12.0919019723351,11.372680838281822,11.894116401672363,58209,0.0,0.0
2023-12-20 00:00:00-05:00,11.741281654448107,12.127863433964658,11.696331263822916,11.759263038635254,21994,0.0,0.0
2023-12-21 00:00:00-05:00,11.921086311340332,12.397570574698058,11.55248595593172,11.921086311340332,32838,0.0,0.0
2023-12-22 00:00:00-05:00,11.777243038322926,12.469492531434298,11.664863996758923,12.370599746704102,58209,0.0,0.0
2023-12-26 00:00:00-05:00,12.541416158609723,12.541416158609723,12.2582231677882,12.307668685913086,58004,0.0,0.0
2023-12-27 00:00:00-05:00,12.300476358237804,12.568386792189797,12.300476358237804,12.505455017089844,40409,0.0,0.0
2023-12-28 00:00:00-05:00,12.424542052630539,12.844387778767317,11.480564534224698,12.073922157287598,116622,0.0,0.0
2023-12-29 00:00:00-05:00,11.723301861586048,12.208775546250868,11.723301861586048,11.966038703918457,41431,0.0,0.0
2024-01-02 00:00:00-05:00,11.731393081216613,12.046950976021527,11.5075357712268,11.714311599731445,66290,0.0,0.0
2024-01-03 00:00:00-05:00,11.597438534187994,12.10089273526338,11.597438534187994,11.795223236083984,69053,0.0,0.0
2024-01-04 00:00:00-05:00,11.723301861586048,12.523434415941027,11.597438313709983,11.966038703918457,117850,0.0,0.0
2024-01-05 00:00:00-05:00,11.993009057729557,12.181804373145301,11.16590489404843,11.633398056030273,89410,0.0,0.0
2024-01-08 00:00:00-05:00,11.687339049649893,11.687339049649893,11.14792388698177,11.377175331115723,61278,0.0,0.0
2024-01-09 00:00:00-05:00,11.480564809296173,11.579457602659783,11.201866937089639,11.390663146972656,32941,0.0,0.0
2024-01-10 00:00:00-05:00,11.687338980238163,11.732291120624692,11.21984584203559,11.237826347351074,52480,0.0,0.0
2024-01-11 00:00:00-05:00,11.318739616391325,11.417632404320937,11.031051506050634,11.246817588806152,30588,0.0,0.0
2024-01-12 00:00:00-05:00,11.309749327181084,12.253726813349461,11.147924765626145,11.966038703918457,73145,0.0,0.0
2024-01-16 00:00:00-05:00,11.867146076078726,12.37959140500007,11.462583789646526,11.507535934448242,63631,0.0,0.0
2024-01-17 00:00:00-05:00,11.498545551522184,11.822194675347816,11.377176252989676,11.723301887512207,22813,0.0,0.0
2024-01-18 00:00:00-05:00,11.822194272663193,11.98401882906398,11.537203248335137,11.867145538330078,19437,0.0,0.0
2024-01-19 00:00:00-05:00,11.948058004788622,11.948058004788622,11.570466490139442,11.687339782714844,24961,0.0,0.0
2024-01-22 00:00:00-05:00,11.696330886063913,11.840174938132064,11.417632158083993,11.660369873046875,20869,0.0,0.0
2024-01-23 00:00:00-05:00,11.75027240558947,11.877934001799954,11.30075886577862,11.660369873046875,34987,0.0,0.0
2024-01-24 00:00:00-05:00,11.678349640351207,11.768253051053227,11.561477223763726,11.696331024169922,12071,0.0,0.0
2024-01-25 00:00:00-05:00,11.777243095499403,11.777243095499403,11.417632090364062,11.642389297485352,21278,0.0,0.0
2024-01-26 00:00:00-05:00,11.687340745435169,11.687340745435169,11.419431175770754,11.669361114501953,14731,0.0,0.0
2024-01-29 00:00:00-05:00,11.687339755711776,11.73229189908095,11.467079428080298,11.660369873046875,26700,0.0,0.0
2024-01-30 00:00:00-05:00,11.498545672830016,11.606428715243375,11.372681246249858,11.52551555633545,13708,0.0,0.0
2024-01-31 00:00:00-05:00,11.43561320773523,11.651379279536423,11.30974878875335,11.345709800720215,36317,0.0,0.0
2024-02-01 00:00:00-05:00,11.507534515362153,11.507534515362153,11.282778204559598,11.40864086151123,16266,0.0,0.0
2024-02-02 00:00:00-05:00,11.273788455566438,11.374478410204564,11.02206049912869,11.049031257629395,30178,0.0,0.0
2024-02-05 00:00:00-05:00,11.004080047445976,11.004080047445976,9.574628085700269,9.628569602966309,94525,0.0,0.0
2024-02-06 00:00:00-05:00,9.637559633588024,10.29384895562103,9.46854288338554,10.060101509094238,117952,0.0,0.0
2024-02-07 00:00:00-05:00,10.087073691195831,10.194956729090157,9.799384713046432,9.934239387512207,21483,0.0,0.0
2024-02-08 00:00:00-05:00,10.338802433962648,10.338802433962648,9.718474042337467,10.132025718688965,28746,0.0,0.0
2024-02-09 00:00:00-05:00,10.176976159119794,10.518605776981671,10.060101991700762,10.392743110656738,30895,0.0,0.0
2024-02-12 00:00:00-05:00,10.518605370901044,11.102073651769247,10.518605370901044,10.77932357788086,46649,0.0,0.0
2024-02-13 00:00:00-05:00,11.14792407402996,11.29176811982165,10.707401683792915,11.058021545410156,45319,0.0,0.0
2024-02-14 00:00:00-05:00,11.21984606146719,11.21984606146719,10.806294431123051,11.049031257629395,13913,0.0,0.0
2024-02-15 00:00:00-05:00,11.201867069844589,11.282780233380766,10.401733582413126,11.192876815795898,37749,0.0,0.0
2024-02-16 00:00:00-05:00,11.21984692553182,11.237827432583675,10.84225540034498,11.022061347961426,23734,0.0,0.0
2024-02-20 00:00:00-05:00,11.076002240279903,11.120954382455297,10.833265408861191,10.860236167907715,6854,0.0,0.0
2024-02-21 00:00:00-05:00,10.860236237323296,11.081396462918383,10.810789845421954,10.878216743469238,15345,0.0,0.0
2024-02-22 00:00:00-05:00,10.842255421158308,11.120955035192862,10.797304153442383,10.797304153442383,50741,0.0,0.0
2024-02-23 00:00:00-05:00,10.833264913709794,11.129943249661402,10.833264913709794,10.9771089553833,17903,0.0,0.0
2024-02-26 00:00:00-05:00,11.093983980406598,11.669361114501953,11.013071694266339,11.669361114501953,45728,0.0,0.0
2024-02-27 00:00:00-05:00,11.660369945829373,11.660369945829373,11.201866149902344,11.201866149902344,13094,0.0,0.0
2024-02-28 00:00:00-05:00,11.426622931813897,11.498545838221895,10.815285682678223,10.815285682678223,33861,0.0,0.0
2024-02-29 00:00:00-05:00,11.018965237677548,11.322652580291836,10.899692614788355,11.009790420532227,28746,0.236559,0.0
2024-03-01 00:00:00-05:00,10.963916886367462,11.239162309678022,10.963916886367462,11.03731632232666,9412,0.0,0.0
2024-03-04 00:00:00-05:00,11.349261753588051,11.424494367749245,10.743721961975098,10.743721961975098,26393,0.0,0.0
2024-03-05 00:00:00-05:00,10.918043506138337,11.2437495255951,10.743721079493957,10.76207160949707,14833,0.0,0.0
2024-03-06 00:00:00-05:00,10.752895042565065,11.165762690091416,10.752895042565065,10.890518188476562,23836,0.0,0.0
2024-03-07 00:00:00-05:00,11.156588528374975,11.193287797411573,10.780420125645733,11.119889259338379,23529,0.0,0.0
2024-03-08 00:00:00-05:00,11.028141613869058,11.881400554858061,11.028141613869058,11.835526466369629,25063,0.0,0.0
2024-03-11 00:00:00-04:00,11.835525765802908,11.835525765802908,11.330909927195137,11.606154441833496,16266,0.0,0.0
2024-03-12 00:00:00-04:00,11.523581794307844,11.523581794307844,11.147414267894332,11.23916244506836,16163,0.0,0.0
2024-03-13 00:00:00-04:00,11.193288013861178,11.541931076450716,11.165763561551477,11.431833267211914,16266,0.0,0.0
2024-03-14 00:00:00-04:00,11.551105670518394,11.551105670518394,11.028141086746887,11.119889259338379,16982,0.0,0.0
2024-03-15 00:00:00-04:00,11.01896567973916,11.441008180459713,10.789595241904157,10.872169494628906,59743,0.0,0.0
2024-03-18 00:00:00-04:00,11.000616981138794,11.294211142670443,10.862994717920834,11.018965721130371,24347,0.0,0.0
2024-03-19 00:00:00-04:00,11.018965322498525,11.532755981695717,11.018965322498525,11.046490669250488,26189,0.0,0.0
2024-03-20 00:00:00-04:00,11.04649079801236,11.376784221636498,10.743720931252772,11.229987144470215,57697,0.0,0.0
2024-03-21 00:00:00-04:00,11.321735828797667,11.358435099745959,11.15658910953036,11.275861740112305,12276,0.0,0.0
2024-03-22 00:00:00-04:00,11.376783894720983,11.697902491794782,11.376783894720983,11.441007614135742,42454,0.0,0.0
2024-03-25 00:00:00-04:00,11.395133843195357,11.652028727941317,11.028141150701128,11.211637496948242,27314,0.0,0.0
2024-03-26 00:00:00-04:00,11.193287324362036,11.431832563018544,11.047406841002626,11.129063606262207,6956,0.0,0.0
2024-03-27 00:00:00-04:00,11.174939278469074,11.376785278320312,11.037317005843231,11.376785278320312,10332,0.0,0.0
2024-03-28 00:00:00-04:00,11.45018254275335,11.606154434280247,11.257511382631888,11.51440715789795,16573,0.0,0.0
2024-04-01 00:00:00-04:00,11.661203767125583,11.661203767125583,11.376784425031051,11.523581504821777,31201,0.0,0.0
2024-04-02 00:00:00-04:00,11.46853314993968,11.688729675290704,11.403391942658322,11.642854690551758,24347,0.0,0.0
2024-04-03 00:00:00-04:00,11.454770865195458,11.61991758704649,11.40431026195627,11.551106452941895,22404,0.0,0.0
2024-04-04 00:00:00-04:00,11.390546538008966,11.4777073032681,11.156588694418662,11.358434677124023,11355,0.0,0.0
2024-04-05 00:00:00-04:00,11.239161909907155,11.358434534554135,11.147413737101788,11.156588554382324,10025,0.0,0.0
2024-04-08 00:00:00-04:00,11.147413750030763,11.220812288360186,11.064839499306034,11.174938201904297,13401,0.0,0.0
2024-04-09 00:00:00-04:00,11.229987457639185,11.257511910375433,11.046491106064195,11.074014663696289,7263,0.0,0.0
2024-04-10 00:00:00-04:00,11.055665353243946,11.176772043930983,10.762071205871473,10.862994194030762,23938,0.0,0.0
2024-04-11 00:00:00-04:00,10.872169870651511,11.165764041234501,10.578574804964342,10.716197967529297,15652,0.0,0.0
2024-04-12 00:00:00-04:00,10.707023413730848,10.876756652680537,10.321680160234036,10.468477249145508,19744,0.0,0.0
2024-04-15 00:00:00-04:00,10.573987380110987,10.578573893527,10.110658224475417,10.266629219055176,7059,0.0,0.0
2024-04-16 00:00:00-04:00,10.349203539982726,10.651973399534208,10.239105734729135,10.284979820251465,14629,0.0,0.0
2024-04-17 00:00:00-04:00,10.25745544775879,10.798769661081865,10.25745544775879,10.3950777053833,16470,0.0,0.0
2024-04-18 00:00:00-04:00,10.395077678945889,10.64279774203999,10.335441367460271,10.358378410339355,12378,0.0,0.0
2024-04-19 00:00:00-04:00,10.30332965588675,10.81712031888537,10.271217795393344,10.48682689666748,39079,0.0,0.0
2024-04-22 00:00:00-04:00,10.62903704381719,10.807945988918666,10.440952385914036,10.5693998336792,12481,0.0,0.0
2024-04-23 00:00:00-04:00,10.560224880106198,10.752896049274893,10.330854440619653,10.3675537109375,19130,0.0,0.0
2024-04-24 00:00:00-04:00,10.257455159570526,10.991441408050326,10.257455159570526,10.642797470092773,33452,0.0,0.0
2024-04-25 00:00:00-04:00,10.771246605136245,10.780420527633355,10.340029282772583,10.404253005981445,13504,0.0,0.0
2024-04-26 00:00:00-04:00,10.459301555843314,10.670322353495115,10.385903017529644,10.578574180603027,13913,0.0,0.0
2024-04-29 00:00:00-04:00,10.541875283043817,10.771245703883565,10.431777481040736,10.514349937438965,14015,0.0,0.0
2024-04-30 00:00:00-04:00,10.725371974686622,10.725371974686622,10.193232536315918,10.193232536315918,7877,0.0,0.0
2024-05-01 00:00:00-04:00,10.184058051586069,10.761154116560986,9.784952564647055,10.743721961975098,31406,0.0,0.0
2024-05-02 00:00:00-04:00,10.780421003823124,10.780421003823124,10.248281559444175,10.376729011535645,19744,0.0,0.0
2024-05-03 00:00:00-04:00,10.574904537432444,10.574904537432444,10.173047529382504,10.29415512084961,16368,0.0,0.0
2024-05-06 00:00:00-04:00,10.294154152998871,10.551049914940652,10.138182269561687,10.27580451965332,21688,0.0,0.0
2024-05-07 00:00:00-04:00,10.445539980924595,10.973092903037797,10.445539980924595,10.771246910095215,20665,0.0,0.0
2024-05-08 00:00:00-04:00,10.560225226516241,11.670379980256143,10.147358421897076,11.459359169006348,32122,0.0,0.0
2024-05-09 00:00:00-04:00,11.029059182945545,11.431833683062367,10.138183482343802,10.697847366333008,83784,0.0,0.0
2024-05-10 00:00:00-04:00,10.330853419689975,10.698763568268273,10.156531007803173,10.27580451965332,26905,0.0,0.0
2024-05-13 00:00:00-04:00,10.32167921279942,10.42260220216226,9.872112274169922,9.872112274169922,31918,0.0,0.0
2024-05-14 00:00:00-04:00,10.092308913830816,10.395077885861378,9.991385028049834,10.055608749389648,24450,0.0,0.0
2024-05-15 00:00:00-04:00,10.083134057617805,10.248280768997699,9.826238278144954,10.00055980682373,74781,0.0,0.0
2024-05-16 00:00:00-04:00,10.12900830578318,10.31250465468966,10.12900830578318,10.147357940673828,11867,0.0,0.0
2024-05-17 00:00:00-04:00,10.138182961411102,10.459301566872007,9.954686615433442,10.00055980682373,23222,0.0,0.0
2024-05-20 00:00:00-04:00,10.129007782365838,10.486826539347298,9.974870857249435,10.083133697509766,23324,0.0,0.0
2024-05-21 00:00:00-04:00,10.312505049456322,10.312505049456322,10.092309422339374,10.101483345031738,10332,0.0,0.0
2024-05-22 00:00:00-04:00,10.092309422339374,10.2436930208781,10.073959786746295,10.101483345031738,8184,0.0,0.0
2024-05-23 00:00:00-04:00,10.055609006119322,10.496001144511553,10.000560100708311,10.349204063415527,12787,0.0,0.0
2024-05-24 00:00:00-04:00,10.326267044121982,10.468476716772923,10.129008465928743,10.385903358459473,12174,0.0,0.0
2024-05-28 00:00:00-04:00,10.514349753145485,10.76207069841449,10.271217111316933,10.27580451965332,26700,0.0,0.0
2024-05-29 00:00:00-04:00,10.27580577716728,10.29415541275839,10.009736061096191,10.009736061096191,20460,0.0,0.0
2024-05-30 00:00:00-04:00,10.018910458820912,10.129008267751411,10.000559928895024,10.09230899810791,32941,0.0,0.0
2024-05-31 00:00:00-04:00,10.081056089576888,10.385831899655743,10.081056089576888,10.212343215942383,24450,0.232649,0.0
2024-06-03 00:00:00-04:00,10.118567475052108,10.418654441833496,10.118567475052108,10.418654441833496,21585,0.0,0.0
2024-06-04 00:00:00-04:00,10.277987272758557,10.509617804133187,10.043544341103308,10.174833297729492,18926,0.0,0.0
2024-06-05 00:00:00-04:00,10.371765853273905,10.418654441833496,10.263922099586843,10.418654441833496,15038,0.0,0.0
2024-06-06 00:00:00-04:00,10.287365207524648,10.409275523720853,10.287365207524648,10.353009223937988,3785,0.0,0.0
2024-06-07 00:00:00-04:00,10.306120640785602,10.41865324035133,10.306120640785602,10.353009223937988,3478,0.0,0.0
2024-06-10 00:00:00-04:00,10.512431859471505,10.512431859471505,10.409276962280273,10.409276962280273,12174,0.0,0.0
2024-06-11 00:00:00-04:00,10.324876098547518,10.367076742123439,10.127944946289062,10.127944946289062,15038,0.0,0.0
2024-06-12 00:00:00-04:00,10.324875164478774,10.521808128719671,10.324875164478774,10.390520095825195,11355,0.0,0.0
2024-06-13 00:00:00-04:00,10.109188837305167,10.411152262374822,10.109188837305167,10.231100082397461,4297,0.0,0.0
2024-06-14 00:00:00-04:00,10.127944711398444,10.353009925787482,10.090432927434358,10.174833297729492,5422,0.0,0.0
2024-06-17 00:00:00-04:00,10.174833496850948,10.315499258596926,10.034166820205707,10.165454864501953,18107,0.0,0.0
2024-06-18 00:00:00-04:00,10.0904328740012,10.118566940550094,9.98727798461914,9.98727798461914,12787,0.0,0.0
2024-06-20 00:00:00-04:00,9.874745890478607,10.296744102022584,9.874745890478607,10.081056594848633,13299,0.0,0.0
2024-06-21 00:00:00-04:00,10.081056309646645,10.26860974350561,9.940389633178711,9.940389633178711,18619,0.0,0.0
2024-06-24 00:00:00-04:00,9.940388911851036,10.212342697816048,9.882247067955067,9.893500328063965,9105,0.0,0.0
2024-06-25 00:00:00-04:00,9.940389645708388,10.296743823697462,9.940389645708388,10.165454864501953,27519,0.0,0.0
2024-06-26 00:00:00-04:00,10.231100320019666,10.231100320019666,9.94976878227098,10.07167911529541,9309,0.0,0.0
2024-06-27 00:00:00-04:00,9.959145044522522,10.071677643173725,9.893500113743476,10.052921295166016,18516,0.0,0.0
2024-06-28 00:00:00-04:00,10.052921823720988,10.315498815945217,9.715324010017412,10.184210777282715,283064,0.0,0.0
2024-07-01 00:00:00-04:00,10.306121051827525,10.474919957908371,9.996655475780086,10.109188079833984,29258,0.0,0.0
2024-07-02 00:00:00-04:00,10.11856746673584,10.315499538524271,9.931012197752333,10.11856746673584,16880,0.0,0.0
2024-07-03 00:00:00-04:00,10.052921834552055,10.306121110001762,10.052921834552055,10.296743392944336,7877,0.0,0.0
2024-07-05 00:00:00-04:00,10.28736638431937,10.315499537429016,10.015412570926125,10.081056594848633,33043,0.0,0.0
2024-07-08 00:00:00-04:00,10.099810416238512,10.268609323211987,10.081055897029572,10.259232521057129,16675,0.0,0.0
2024-07-09 00:00:00-04:00,10.268609268910339,10.353009636849983,9.968523239665833,10.109188079833984,14731,0.0,0.0
2024-07-10 00:00:00-04:00,10.081055832014004,10.090432634108387,9.846612907173943,9.996655464172363,20153,0.0,0.0
2024-07-11 00:00:00-04:00,9.949768319789674,10.353010171819461,9.949768319789674,10.240477561950684,31918,0.0,0.0
2024-07-12 00:00:00-04:00,10.32487495338197,10.57807421225801,10.08105524074785,10.549941062927246,21381,0.0,0.0
2024-07-15 00:00:00-04:00,10.45616508321867,10.653097150847245,10.362387908157444,10.615586280822754,22813,0.0,0.0
2024-07-16 00:00:00-04:00,10.484298237570238,10.756252045295346,10.221721232453625,10.653097152709961,42352,0.0,0.0
2024-07-17 00:00:00-04:00,10.578074989338369,10.840651983947273,10.559319555073392,10.784385681152344,23222,0.0,0.0
2024-07-18 00:00:00-04:00,10.690608255479129,10.97193978683668,10.418654441833496,10.418654441833496,24961,0.0,0.0
2024-07-19 00:00:00-04:00,10.446786869560473,10.53118632310717,10.052921838109992,10.334254264831543,26905,0.0,0.0
2024-07-22 00:00:00-04:00,10.268609116688268,10.587452405013657,10.156076514302555,10.5311861038208,20562,0.0,0.0
2024-07-23 00:00:00-04:00,10.343632709135054,10.75625228881836,10.324876358795613,10.75625228881836,20562,0.0,0.0
2024-07-24 00:00:00-04:00,10.653097156396315,10.92505096421553,10.56869769879725,10.728118896484375,14015,0.0,0.0
2024-07-25 00:00:00-04:00,10.568697685767834,10.887540995648273,10.418654205776695,10.465542793273926,38056,0.0,0.0
2024-07-26 00:00:00-04:00,10.643718977841992,10.906295056776452,10.596830392317981,10.859406471252441,18209,0.0,0.0
2024-07-29 00:00:00-04:00,10.878162132866354,10.878162132866354,10.65309691764619,10.69998550415039,16573,0.0,0.0
2024-07-30 00:00:00-04:00,10.653096462109348,10.878161667705504,10.653096462109348,10.868783950805664,11662,0.0,0.0
2024-07-31 00:00:00-04:00,10.87816215150864,10.97193932467775,10.699985522487328,10.96256160736084,15959,0.0,0.0
2024-08-01 00:00:00-04:00,10.850029456581742,10.850029456581742,10.362388135561986,10.418654441833496,13197,0.0,0.0
2024-08-02 00:00:00-04:00,10.36238812259471,10.549942476598376,9.949768543786645,9.968523979187012,29155,0.0,0.0
2024-08-05 00:00:00-04:00,9.565279988088907,9.752835251105726,9.312082533029459,9.377726554870605,55549,0.0,0.0
2024-08-06 00:00:00-04:00,9.58403636004508,9.959145972050111,9.444308370373179,9.752835273742676,16163,0.0,0.0
2024-08-07 00:00:00-04:00,9.70594596862793,9.987277470646363,9.65905738495819,9.70594596862793,14527,0.0,0.0
2024-08-08 00:00:00-04:00,9.705946971820733,10.531187044602968,9.705946971820733,10.081056594848633,22506,0.0,0.0
2024-08-09 00:00:00-04:00,10.249855517811769,10.502116124134218,10.221721449791017,10.231100082397461,11253,0.0,0.0
2024-08-12 00:00:00-04:00,10.34363264567665,10.34363264567665,9.893501282975318,9.931012153625488,8491,0.0,0.0
2024-08-13 00:00:00-04:00,10.081055668305975,10.306120872497559,10.081055668305975,10.306120872497559,8389,0.0,0.0
2024-08-14 00:00:00-04:00,10.362387357805963,10.4092759428463,10.099810366680854,10.146698951721191,11458,0.0,0.0
2024-08-15 00:00:00-04:00,10.35300945670414,10.35300945670414,10.109187903930719,10.306120872497559,6956,0.0,0.0
2024-08-16 00:00:00-04:00,10.306120872497559,10.315498589338874,10.193588270401767,10.306120872497559,14424,0.0,0.0
2024-08-19 00:00:00-04:00,10.296743155656243,10.315498589338874,10.22172050602651,10.306120872497559,6956,0.0,0.0
2024-08-20 00:00:00-04:00,10.268609762708126,10.31549926488463,10.18421122050836,10.277987480163574,8184,0.0,0.0
2024-08-21 00:00:00-04:00,10.315498589338874,10.315498589338874,10.263921146711636,10.306120872497559,6240,0.0,0.0
2024-08-22 00:00:00-04:00,10.268609326872834,10.315498827059185,10.24985480765721,10.296743392944336,14015,0.0,0.0
2024-08-23 00:00:00-04:00,10.315498830710053,10.493674539964967,10.174833074798892,10.334254264831543,36112,0.0,0.0
2024-08-26 00:00:00-04:00,10.418653474593352,10.878161599817837,10.306120872497559,10.306120872497559,42659,0.0,0.0
2024-08-27 00:00:00-04:00,10.315498378494034,10.532123633100698,10.315498378494034,10.503052711486816,9923,0.0,0.0
2024-08-28 00:00:00-04:00,10.55931972283789,10.568697440119369,10.390520811771255,10.399898529052734,5320,0.0,0.0
2024-08-29 00:00:00-04:00,10.643718303994547,11.140737279083089,10.643718303994547,11.037582397460938,12481,0.0,0.0
2024-08-30 00:00:00-04:00,11.042363659581556,11.042363659581556,10.82247172534806,10.832032203674316,10025,0.219941,0.0
2024-09-03 00:00:00-04:00,10.679064617039938,10.679064617039938,10.3635678975767,10.58345890045166,19028,0.0,0.0
2024-09-04 00:00:00-04:00,10.516536708428157,10.59302053714381,10.430492401123047,10.430492401123047,10128,0.0,0.0
2024-09-05 00:00:00-04:00,10.363567900379879,10.473514334576697,10.268919164334187,10.325326919555664,6343,0.0,0.0
2024-09-06 00:00:00-04:00,10.40181147271345,10.40181147271345,9.962028503417969,9.962028503417969,34168,0.0,0.0
2024-09-09 00:00:00-04:00,9.962027743376611,10.01939061333485,9.608290045300809,9.723015785217285,25882,0.0,0.0
2024-09-10 00:00:00-04:00,9.962028173069385,9.962028173069385,9.273673703879691,9.5891695022583,34168,0.0,0.0
2024-09-11 00:00:00-04:00,9.512685192108302,9.512685192108302,9.10158369436672,9.120704650878906,23938,0.0,0.0
2024-09-12 00:00:00-04:00,9.440981031470285,9.799499912436755,9.346332293135756,9.751696586608887,13606,0.0,0.0
2024-09-13 00:00:00-04:00,9.875984191781527,9.875984191781527,9.445762634277344,9.445762634277344,21790,0.0,0.0
2024-09-16 00:00:00-04:00,9.436201602204163,9.455321626465249,9.005979137183912,9.397958755493164,43273,0.0,0.0
2024-09-17 00:00:00-04:00,9.47444373053661,9.723016177039383,9.235430830015853,9.41707992553711,19028,0.0,0.0
2024-09-18 00:00:00-04:00,9.42664087491349,10.014611219588799,9.42664087491349,9.971588134765625,35703,0.0,0.0
2024-09-19 00:00:00-04:00,10.143677612521767,10.315766219821423,9.789938987009561,10.220161437988281,29462,0.0,0.0
2024-09-20 00:00:00-04:00,10.229721698933954,10.229721698933954,9.675213925518088,9.942907333374023,132785,0.0,0.0
2024-09-23 00:00:00-04:00,9.598729786327976,10.042336923538743,9.598729786327976,9.914225578308105,11867,0.0,0.0
2024-09-24 00:00:00-04:00,10.048072814919976,10.45917434704812,9.95246802436219,9.962028503417969,14936,0.0,0.0
2024-09-25 00:00:00-04:00,9.95246748780933,10.201040862588263,9.751696505732186,9.828181266784668,17391,0.0,0.0
2024-09-26 00:00:00-04:00,9.962028372936606,10.143678405346837,9.608290652506009,9.694334030151367,16675,0.0,0.0
2024-09-27 00:00:00-04:00,9.723015913586929,10.153238376683387,9.694333545499534,10.076753616333008,19642,0.0,0.0
2024-09-30 00:00:00-04:00,10.165666497959803,10.287084579467773,9.90657752088374,10.287084579467773,15856,0.0,0.0
2024-10-01 00:00:00-04:00,10.41137069434769,10.440053063350193,10.105436306833392,10.191479682922363,16470,0.0,0.0
2024-10-02 00:00:00-04:00,10.143678035097043,10.29664475967293,10.143678035097043,10.258403778076172,8900,0.0,0.0
2024-10-03 00:00:00-04:00,10.248841910664053,10.248841910664053,10.10543567105172,10.134116172790527,6956,0.0,0.0
2024-10-04 00:00:00-04:00,10.205820503692141,10.267964548971268,9.990709729482395,10.028951644897461,11048,0.0,0.0
2024-10-07 00:00:00-04:00,9.990709336207466,10.181918905756008,9.961071852927441,10.162798881530762,9207,0.0,0.0
2024-10-08 00:00:00-04:00,10.03851233977369,10.306204795837402,9.990709016188168,10.306204795837402,11355,0.0,0.0
2024-10-09 00:00:00-04:00,10.315766868188058,10.516536922656458,10.143678250072288,10.449613571166992,24757,0.0,0.0
2024-10-10 00:00:00-04:00,10.325326904761583,10.46873314765332,10.191479274785408,10.411370277404785,13504,0.0,0.0
2024-10-11 00:00:00-04:00,10.420930878231902,10.451525342120222,10.143677934835695,10.334887504577637,22097,0.0,0.0
2024-10-14 00:00:00-04:00,10.325327217683398,10.497415833644357,10.21346868457915,10.354007720947266,11662,0.0,0.0
2024-10-15 00:00:00-04:00,10.268919579394039,10.373129730769858,10.04807251969433,10.105436325073242,14936,0.0,0.0
2024-10-16 00:00:00-04:00,10.210601284245374,10.478293749154485,10.038512671477628,10.334887504577637,12583,0.0,0.0
2024-10-17 00:00:00-04:00,10.483074894447226,10.483074894447226,10.162798865944605,10.248842239379883,7161,0.0,0.0
2024-10-18 00:00:00-04:00,10.36356779325224,10.468733054438145,10.287083966935219,10.315766334533691,8491,0.0,0.0
2024-10-21 00:00:00-04:00,10.287084142290135,10.326282103945783,10.06719313788041,10.076753616333008,11253,0.0,0.0
2024-10-22 00:00:00-04:00,10.076753610836002,10.103523883218275,9.933346434125282,9.99070930480957,24245,0.0,0.0
2024-10-23 00:00:00-04:00,9.895104509256106,9.942906901439487,9.818620681762695,9.818620681762695,8286,0.0,0.0
2024-10-24 00:00:00-04:00,9.78993988039271,9.875984191894531,9.751697031440015,9.875984191894531,6956,0.0,0.0
2024-10-25 00:00:00-04:00,9.866424431540459,9.866424431540459,9.742137273782049,9.770818710327148,3785,0.0,0.0
2024-10-28 00:00:00-04:00,9.847302330450479,9.847302330450479,9.751696611282465,9.83774185180664,4706,0.0,0.0
2024-10-29 00:00:00-04:00,9.895104301478113,9.981149538331021,9.684773780287765,9.885543823242188,17391,0.0,0.0
2024-10-30 00:00:00-04:00,10.000269772059546,10.148457187828031,9.799499724889342,9.818620681762695,9719,0.0,0.0
2024-10-31 00:00:00-04:00,9.938127090173564,9.938127090173564,9.770818710327148,9.770818710327148,6138,0.0,0.0
2024-11-01 00:00:00-04:00,9.895104723669675,9.895104723669675,9.785159219265525,9.83774185180664,8286,0.0,0.0
2024-11-04 00:00:00-05:00,9.714411784981333,10.02895153585018,9.714411784981333,9.93334674835205,11151,0.0,0.0
2024-11-05 00:00:00-05:00,9.770818515613088,10.277524817208459,9.770818515613088,10.18191909790039,10844,0.0,0.0
2024-11-06 00:00:00-05:00,10.99456159198218,11.10928733527846,10.17235856623294,10.860713958740234,54730,0.0,0.0
2024-11-07 00:00:00-05:00,10.707746607103255,10.774669959272488,10.271788770115116,10.459174156188965,32224,0.0,0.0
2024-11-08 00:00:00-05:00,10.58345922683163,10.58345922683163,10.038512874761334,10.267964363098145,15345,0.0,0.0
2024-11-11 00:00:00-05:00,10.717306868065766,10.717306868065766,10.13411673543388,10.44005298614502,23734,0.0,0.0
2024-11-12 00:00:00-05:00,10.535657869942803,10.736427924215263,10.06719347724409,10.105436325073242,13810,0.0,0.0
2024-11-13 00:00:00-05:00,10.587283203907392,10.587283203907392,10.038512671477628,10.334887504577637,23222,0.0,0.0
2024-11-14 00:00:00-05:00,10.459173714331005,10.459173714331005,10.162798881530762,10.162798881530762,7570,0.0,0.0
2024-11-15 00:00:00-05:00,10.248842791271603,10.3826904296875,10.05763321171983,10.3826904296875,16266,0.0,0.0
2024-11-18 00:00:00-05:00,10.497415954843285,10.497415954843285,10.086314434793847,10.105436325073242,9719,0.0,0.0
2024-11-19 00:00:00-05:00,10.16279858428793,10.392250061035156,10.134116216964946,10.392250061035156,6240,0.0,0.0
2024-11-20 00:00:00-05:00,10.459173669749617,10.497415583496323,9.617850634592491,9.818620681762695,76725,0.0,0.0
2024-11-21 00:00:00-05:00,9.359717179618807,9.681906249280273,9.149387577852899,9.426641464233398,119691,0.0,0.0
2024-11-22 00:00:00-05:00,9.895104824838226,9.93334673980457,9.130265592781683,9.675213813781738,56060,0.0,0.0
2024-11-25 00:00:00-05:00,9.742136859770852,10.019390734591038,9.636970664178419,9.904664993286133,67007,0.0,0.0
2024-11-26 00:00:00-05:00,9.971588982407685,10.038513268527355,9.65609317356908,9.703895568847656,17903,0.0,0.0
2024-11-27 00:00:00-05:00,9.665652901928661,9.855906420361096,9.493564292291284,9.55092716217041,15140,0.0,0.0
2024-11-29 00:00:00-05:00,9.656092464034145,9.809061050415039,9.503124810382849,9.809061050415039,29258,0.0,0.0
2024-12-02 00:00:00-05:00,10.024888625490087,10.024888625490087,9.535869668149108,9.741257667541504,23900,0.0,1.023
2024-12-03 00:00:00-05:00,9.887963197803892,10.18919943428694,9.592595696342151,9.985767364501953,40500,0.0,0.0
2024-12-04 00:00:00-05:00,10.25961770691521,10.895342923845734,9.927084660017654,10.797538757324219,162200,0.0,0.0
2024-12-05 00:00:00-05:00,10.856221302201318,10.856221302201318,9.68257505016793,9.946645736694336,70400,0.0,0.0
2024-12-06 00:00:00-05:00,10.259616815113421,10.259616815113421,9.702135539496128,9.819499969482422,28400,0.0,0.0
2024-12-09 00:00:00-05:00,9.946645104644324,10.249836318727558,9.78037859392916,10.093350410461426,43200,0.0,0.0
2024-12-10 00:00:00-05:00,9.991634879329672,10.396543073153033,9.887962913322655,10.347640991210938,14500,0.0,0.0
2024-12-11 00:00:00-05:00,10.35742134980671,10.62149109369703,10.034668922424316,10.034668922424316,45200,0.0,0.0
2024-12-12 00:00:00-05:00,9.96620540642149,10.098240741686901,9.653233588959415,9.790159225463867,39600,0.0,0.0
2024-12-13 00:00:00-05:00,9.887962626776632,10.298738610818829,9.707026141382812,10.269397735595703,31800,0.0,0.0
2024-12-16 00:00:00-05:00,9.878182752960287,10.210714841661026,9.643452957831501,10.093350410461426,75900,0.0,0.0
2024-12-17 00:00:00-05:00,9.975986331352553,10.015107809799833,9.511418891382307,9.936864852905273,109300,0.0,0.0
2024-12-18 00:00:00-05:00,9.975986255367978,10.024888336237009,9.486967312136905,9.731476783752441,86200,0.0,0.0
2024-12-19 00:00:00-05:00,9.927084663147289,10.23027683327584,9.731477262772252,9.917304992675781,77700,0.0,0.0
2024-12-20 00:00:00-05:00,9.839061346937603,9.91730430163563,9.183775901794434,9.183775901794434,197900,0.0,0.0
2024-12-23 00:00:00-05:00,9.291359847568767,9.574990795080103,9.12509333357285,9.52608871459961,79100,0.0,0.0
2024-12-24 00:00:00-05:00,9.46740664248596,9.496747516685355,9.327546641100685,9.379383087158203,14300,0.0,0.0
2024-12-26 00:00:00-05:00,9.457626852634252,9.53586981237382,9.076191724356624,9.340262413024902,45600,0.0,0.0
2024-12-27 00:00:00-05:00,9.242457913162555,9.291359994415933,8.968607563965117,9.19355583190918,50200,0.0,0.0
2024-12-30 00:00:00-05:00,9.213117356387347,9.897743719442083,9.164215273441368,9.71191692352295,61000,0.0,0.0
2024-12-31 00:00:00-05:00,9.711916492702954,9.875248640349616,9.623892933850843,9.66301441192627,42900,0.0,0.0
2025-01-02 00:00:00-05:00,9.663014922606601,9.751038486110666,9.320701271808495,9.545650482177734,25500,0.0,0.0
2025-01-03 00:00:00-05:00,9.354932158521633,9.608244737229741,9.173995668278277,9.4674072265625,31600,0.0,0.0
2025-01-06 00:00:00-05:00,9.555430522525668,9.731476706433998,9.379383405887733,9.52608871459961,28400,0.0,0.0
2025-01-07 00:00:00-05:00,9.594551807907918,9.608244278240248,9.281579058748415,9.350042343139648,31600,0.0,0.0
2025-01-08 00:00:00-05:00,9.398943866215015,9.684531686143936,9.242457951734833,9.262019157409668,22900,0.0,0.0
2025-01-10 00:00:00-05:00,9.291359584062963,9.291359584062963,8.821901863315242,8.841462135314941,34300,0.0,0.0
2025-01-13 00:00:00-05:00,9.00772889546449,9.312876982086758,8.63607438982369,9.154434204101562,64400,0.0,0.0
2025-01-14 00:00:00-05:00,9.281579588290896,9.281579588290896,8.743658548564746,8.929486274719238,41900,0.0,0.0
2025-01-15 00:00:00-05:00,9.04685079709337,9.222897921888675,9.007729317442154,9.203336715698242,15600,0.0,0.0
2025-01-16 00:00:00-05:00,9.242458362792362,9.242458362792362,8.870803833007812,8.870803833007812,22300,0.0,0.0
2025-01-17 00:00:00-05:00,9.066411347150735,9.134873698403357,8.870803030321104,8.909924507141113,26600,0.0,0.0
2025-01-21 00:00:00-05:00,9.066411565166,9.467406945396025,8.929485926638595,9.457626342773438,37300,0.0,0.0
2025-01-22 00:00:00-05:00,9.22289741003878,9.49674775239923,8.94904613494873,8.94904613494873,21100,0.0,0.0
2025-01-23 00:00:00-05:00,8.90014474964925,9.056630655384957,8.90014474964925,9.007728576660156,26800,0.0,0.0
2025-01-24 00:00:00-05:00,9.046850053094083,9.127048939874197,8.919705021501429,9.007728576660156,18100,0.0,0.0
2025-01-27 00:00:00-05:00,8.968608000272571,9.027289754447693,8.81212207883269,8.870803833007812,12600,0.0,0.0
2025-01-28 00:00:00-05:00,8.939266293502172,9.017509246960126,8.802340658585965,8.841462135314941,8200,0.0,0.0
2025-01-29 00:00:00-05:00,8.818967868923089,8.942200106101273,8.714317471201941,8.753438949584961,23300,0.0,0.0
2025-01-30 00:00:00-05:00,8.84146250912916,8.890364590290341,8.7436583468068,8.753438949584961,13300,0.0,0.0
2025-01-31 00:00:00-05:00,8.792560391562482,8.823858133777081,8.54805091949859,8.616514205932617,20700,0.0,0.0
2025-02-03 00:00:00-05:00,8.489368783886425,8.817011498916038,8.489368783886425,8.704536437988281,27400,0.0,0.0
2025-02-04 00:00:00-05:00,8.79256050104566,9.046850579013585,8.719207845059042,8.958827018737793,35500,0.0,0.0
2025-02-05 00:00:00-05:00,8.81701193442499,9.134874062860625,8.81701193442499,9.125093460083008,20800,0.0,0.0
2025-02-06 00:00:00-05:00,9.134874156764466,9.164215032669317,8.958827035876103,9.027289390563965,24700,0.0,0.0
2025-02-07 00:00:00-05:00,9.095752221583346,9.095752221583346,8.833637487432657,8.909924507141113,9900,0.0,0.0
2025-02-10 00:00:00-05:00,8.861023658366845,9.100642828531083,8.847330254926682,8.988167762756348,25600,0.0,0.0
2025-02-11 00:00:00-05:00,8.978388639022858,9.085972477255474,8.841462990857071,8.9392671585083,20600,0.0,0.0
2025-02-12 00:00:00-05:00,8.812122049817784,8.890365010280101,8.733879089355469,8.733879089355469,16400,0.0,0.0
2025-02-13 00:00:00-05:00,8.72409823155175,9.232677459716797,8.72409823155175,9.232677459716797,16100,0.0,0.0
2025-02-14 00:00:00-05:00,9.154434834973534,9.154434834973534,8.933398423429798,8.9392671585083,20300,0.0,0.0
2025-02-18 00:00:00-05:00,8.880583591056812,8.880583591056812,8.763219161147244,8.77299976348877,39000,0.0,0.0
2025-02-19 00:00:00-05:00,8.714317619296843,8.875693836960501,8.645855264145482,8.792560577392578,53600,0.0,0.0
2025-02-20 00:00:00-05:00,8.896232117569166,9.125093178770042,8.768109582958823,9.115312576293945,26500,0.0,0.0
2025-02-21 00:00:00-05:00,9.203336259544688,9.203336259544688,8.65563557157384,8.714317321777344,70500,0.0,0.0
2025-02-24 00:00:00-05:00,8.714317897333078,8.900145628286635,8.672262049514151,8.80234146118164,22500,0.0,0.0
2025-02-25 00:00:00-05:00,8.821902143806776,9.037069806292592,8.675195901861418,8.851243019104004,34000,0.0,0.0
2025-02-26 00:00:00-05:00,8.880584208476124,9.085972208279786,8.792560646741748,8.99794864654541,42800,0.0,0.0
2025-02-27 00:00:00-05:00,8.99794802096638,9.125093053217473,8.724097684510722,8.77299976348877,21300,0.0,0.0
2025-02-28 00:00:00-05:00,8.739999771118164,8.9399995803833,8.5600004196167,8.850000381469727,52100,0.197,0.0
2025-03-03 00:00:00-05:00,8.880000114440918,9.020000457763672,8.699999809265137,8.84000015258789,50000,0.0,0.0
2025-03-04 00:00:00-05:00,8.869999885559082,8.869999885559082,8.3100004196167,8.380000114440918,49500,0.0,0.0
2025-03-05 00:00:00-05:00,8.380000114440918,8.899999618530273,8.380000114440918,8.619999885559082,70100,0.0,0.0
2025-03-06 00:00:00-05:00,8.90999984741211,8.90999984741211,8.510000228881836,8.789999961853027,15600,0.0,0.0
2025-03-07 00:00:00-05:00,8.829999923706055,8.850000381469727,8.630000114440918,8.6899995803833,31900,0.0,0.0
2025-03-10 00:00:00-04:00,8.510000228881836,8.75,8.3100004196167,8.59000015258789,40300,0.0,0.0
2025-03-11 00:00:00-04:00,8.680000305175781,9.550000190734863,8.640000343322754,9.399999618530273,104200,0.0,0.0
2025-03-12 00:00:00-04:00,9.470000267028809,9.470000267028809,8.670000076293945,8.6899995803833,52000,0.0,0.0
2025-03-13 00:00:00-04:00,8.779999732971191,8.920000076293945,8.569999694824219,8.720000267028809,20300,0.0,0.0
2025-03-14 00:00:00-04:00,8.90999984741211,8.90999984741211,8.529999732971191,8.819999694824219,63400,0.0,0.0
2025-03-17 00:00:00-04:00,8.789999961853027,8.911999702453613,8.460000038146973,8.59000015258789,70800,0.0,0.0
2025-03-18 00:00:00-04:00,8.649999618530273,8.75,8.350000381469727,8.350000381469727,52900,0.0,0.0
2025-03-19 00:00:00-04:00,8.369999885559082,8.65999984741211,8.220000267028809,8.569999694824219,56400,0.0,0.0
2025-03-20 00:00:00-04:00,8.569999694824219,8.614999771118164,7.960000038146973,8.0,68800,0.0,0.0
2025-03-21 00:00:00-04:00,7.989999771118164,8.369999885559082,7.840000152587891,7.900000095367432,225800,0.0,0.0
2025-03-24 00:00:00-04:00,8.0,8.15999984741211,7.840000152587891,7.96999979019165,81700,0.0,0.0
2025-03-25 00:00:00-04:00,7.929999828338623,8.166000366210938,7.599999904632568,7.699999809265137,70400,0.0,0.0
2025-03-26 00:00:00-04:00,7.860000133514404,7.860000133514404,7.25,7.440000057220459,138100,0.0,0.0
2025-03-27 00:00:00-04:00,7.420000076293945,7.460000038146973,6.949999809265137,7.099999904632568,152600,0.0,0.0
2025-03-28 00:00:00-04:00,7.099999904632568,7.192999839782715,6.940000057220459,6.949999809265137,60500,0.0,0.0
2025-03-31 00:00:00-04:00,6.909999847412109,7.199999809265137,6.849999904632568,7.110000133514404,46200,0.0,0.0
2025-04-01 00:00:00-04:00,6.994999885559082,7.315000057220459,6.949999809265137,7.260000228881836,39489,0.0,0.0
