Date,Open,High,Low,Close,Volume,Dividends,Stock Splits
2021-12-08 00:00:00-05:00,10.594176267647976,10.981768337757789,10.206584813598774,10.652315139770508,1261900,0.0,0.0
2021-12-09 00:00:00-05:00,10.355163041458354,10.716915101631002,10.335783004760742,10.335783004760742,482900,0.0,0.0
2021-12-10 00:00:00-05:00,10.45206031559456,10.52957799484116,10.400381452056395,10.497279167175293,97200,0.0,0.0
2021-12-13 00:00:00-05:00,10.684615571632833,10.691074351320298,10.303482883705845,10.52311897277832,235700,0.0,0.0
2021-12-14 00:00:00-05:00,10.691074472130973,10.691074472130973,10.322862419721236,10.374541282653809,70700,0.0,0.0
2021-12-15 00:00:00-05:00,10.361623053690892,10.574798528879228,10.232425273282843,10.335783004760742,125100,0.0,0.0
2021-12-16 00:00:00-05:00,10.361623053690892,10.461750162991848,10.206585840413368,10.335783004760742,139900,0.0,0.0
2021-12-17 00:00:00-05:00,10.413302278434841,10.4326810836792,10.012790131059067,10.4326810836792,93500,0.0,0.0
2021-12-20 00:00:00-05:00,10.258264882297123,10.43268090314581,10.251804869953661,10.342243194580078,20400,0.0,0.0
2021-12-21 00:00:00-05:00,10.871951070085881,10.981768807445183,10.303482963773206,10.348702430725098,57100,0.0,0.0
2021-12-22 00:00:00-05:00,10.34224301699328,10.400381894964767,10.329322992528205,10.335783004760742,41000,0.0,0.0
2021-12-23 00:00:00-05:00,10.342243123247087,10.410071404203558,10.329323098649276,10.351932525634766,52600,0.0,0.0
2021-12-27 00:00:00-05:00,10.429450767587888,10.429450767587888,10.3357824434847,10.374541282653809,7700,0.0,0.0
2021-12-28 00:00:00-05:00,10.348702786202102,10.377772224505193,10.348702786202102,10.36162281036377,20600,0.0,0.0
2021-12-29 00:00:00-05:00,10.355162479129895,10.452060193113308,10.3357824434847,10.374541282653809,127700,0.0,0.0
2021-12-30 00:00:00-05:00,10.397150708179229,10.452060193113308,10.368081270772077,10.374541282653809,20400,0.0,0.0
2021-12-31 00:00:00-05:00,10.839653292357921,10.839653292357921,10.46498119311473,10.755674362182617,15600,0.0,0.0
2022-01-03 00:00:00-05:00,11.29184450755936,11.29184450755936,10.787975791165811,10.949472427368164,96900,0.0,0.0
2022-01-04 00:00:00-05:00,11.324141381357444,11.324141381357444,10.85257040018837,11.059287071228027,85300,0.0,0.0
2022-01-05 00:00:00-05:00,10.988230668220544,11.113552208704052,10.923631770882867,11.046369552612305,74000,0.0,0.0
2022-01-06 00:00:00-05:00,10.988230071932144,11.298303283780747,10.988230071932144,11.143266677856445,60900,0.0,0.0
2022-01-07 00:00:00-05:00,11.1561845919233,11.304761157136582,11.1561845919233,11.19494342803955,23400,0.0,0.0
2022-01-10 00:00:00-05:00,11.388740112756322,11.517937890402239,11.046368096600892,11.324142456054688,25700,0.0,0.0
2022-01-11 00:00:00-05:00,11.369361081378697,11.61548223913601,11.324142229742717,11.517937660217285,37300,0.0,0.0
2022-01-12 00:00:00-05:00,11.69881274543496,11.725944052813869,11.40165839509465,11.47271728515625,133100,0.0,0.0
2022-01-13 00:00:00-05:00,11.627755698164153,11.68589457522468,11.466259091245206,11.647135734558105,131400,0.0,0.0
2022-01-14 00:00:00-05:00,11.789254717635721,11.950751357603334,11.498560272845387,11.808634757995605,85800,0.0,0.0
2022-01-18 00:00:00-05:00,12.099327707144923,12.099327707144923,11.784086943068125,11.918452262878418,76600,0.0,0.0
2022-01-19 00:00:00-05:00,13.107066476688837,13.107066476688837,11.950750067890834,12.118706703186035,90000,0.0,0.0
2022-01-20 00:00:00-05:00,12.493376504481638,13.058614578689133,12.02180674970905,12.603194236755371,110600,0.0,0.0
2022-01-21 00:00:00-05:00,12.777613329912525,12.842210993792449,11.828012392571537,12.24144458770752,78500,0.0,0.0
2022-01-24 00:00:00-05:00,12.241443668773888,12.532136830776341,11.834471517000543,12.267282485961914,65500,0.0,0.0
2022-01-25 00:00:00-05:00,12.105785127759852,12.273741741551426,12.031496838757649,12.131625175476074,22000,0.0,0.0
2022-01-26 00:00:00-05:00,12.015348401832469,12.39002049932916,12.015348401832469,12.073487281799316,12900,0.0,0.0
2022-01-27 00:00:00-05:00,12.021809260831278,12.267283590771438,11.828012569921329,11.950750350952148,24900,0.0,0.0
2022-01-28 00:00:00-05:00,12.17361376742273,12.260176451304787,11.950748893778114,12.228523254394531,33500,0.0,0.0
2022-01-31 00:00:00-05:00,12.247901674431647,12.29958176978222,12.034726209595695,12.273741722106934,19800,0.0,0.0
2022-02-01 00:00:00-05:00,12.306040549579752,12.364179424727856,12.02180741787934,12.273741722106934,34100,0.0,0.0
2022-02-02 00:00:00-05:00,12.409396688429318,12.596733313744169,12.273740151853293,12.344799041748047,34600,0.0,0.0
2022-02-03 00:00:00-05:00,12.732392336968683,12.789885584434323,12.20914365750841,12.506298065185547,39100,0.0,0.0
2022-02-04 00:00:00-05:00,12.370639436646679,12.678775721355889,12.209142835040007,12.273741722106934,30400,0.0,0.0
2022-02-07 00:00:00-05:00,12.357719357359906,12.685881307908613,12.144543893480472,12.390019416809082,42200,0.0,0.0
2022-02-08 00:00:00-05:00,12.325421186359534,12.725933320007577,12.144544540176328,12.260822296142578,37800,0.0,0.0
2022-02-09 00:00:00-05:00,12.299582547598654,12.661334613080564,12.118705898797014,12.267282485961914,30700,0.0,0.0
2022-02-10 00:00:00-05:00,12.138085525704346,12.499837578964778,12.11870548937704,12.37063980102539,45400,0.0,0.0
2022-02-11 00:00:00-05:00,12.357720104370262,12.532136739575257,12.267282396688275,12.525676727294922,50500,0.0,0.0
2022-02-14 00:00:00-05:00,12.441700382703887,12.468831697954162,11.963670511150964,12.099327087402344,39800,0.0,0.0
2022-02-15 00:00:00-05:00,12.002427787840533,12.461078792610312,11.96366894713873,12.170384407043457,32300,0.0,0.0
2022-02-16 00:00:00-05:00,12.273741730626327,12.415858296575177,12.13808517660078,12.357719421386719,26300,0.0,0.0
2022-02-17 00:00:00-05:00,12.273742498289261,12.448159134763552,12.196223582482453,12.267282485961914,23800,0.0,0.0
2022-02-18 00:00:00-05:00,12.151005498296817,12.254363237841217,11.828012254190202,11.879691123962402,22000,0.0,0.0
2022-02-22 00:00:00-05:00,11.782794704182427,12.034729068252997,11.627758077668108,11.808634757995605,34600,0.0,0.0
2022-02-23 00:00:00-05:00,11.85385192820018,12.338341778953962,11.85385192820018,12.138086318969727,140500,0.0,0.0
2022-02-24 00:00:00-05:00,12.202683028492565,12.448158557053983,11.786022725747134,12.222063064575195,78000,0.0,0.0
2022-02-25 00:00:00-05:00,12.11224655052284,12.532137517850012,11.692355583195669,12.435239791870117,133900,0.0,0.0
2022-02-28 00:00:00-05:00,12.687173509491124,13.055385589599611,12.222063708110095,13.05538558959961,197600,0.0,0.0
2022-03-01 00:00:00-05:00,12.977868114302638,13.048927019369469,11.705275228299696,13.003706932067871,123300,0.0,0.0
2022-03-02 00:00:00-05:00,12.59673454033379,12.977866607046922,12.59673454033379,12.816370010375977,47800,0.0,0.0
2022-03-03 00:00:00-05:00,12.661334250937257,12.78407201740355,12.377099877270544,12.693633079528809,36400,0.0,0.0
2022-03-04 00:00:00-05:00,12.713012838010945,12.77761172590305,12.00888754744175,12.422318458557129,48600,0.0,0.0
2022-03-07 00:00:00-05:00,12.609654801647029,12.95202680449039,12.428778166399834,12.79053020477295,124200,0.0,0.0
2022-03-08 00:00:00-05:00,12.816368969959575,12.952025508732545,12.16392262451916,12.293120384216309,100400,0.0,0.0
2022-03-09 00:00:00-05:00,12.583816802696473,12.603196841380951,11.62775707244873,11.62775707244873,114300,0.0,0.0
2022-03-10 00:00:00-05:00,11.731114098944106,12.708491935338463,11.466259747019288,11.601916313171387,63800,0.0,0.0
2022-03-11 00:00:00-05:00,11.756954294349754,12.658104487228366,11.634216519559866,11.666515350341797,83900,0.0,0.0
2022-03-14 00:00:00-04:00,11.647135435281196,12.919728221539133,11.240163306314786,11.517937660217285,71600,0.0,0.0
2022-03-15 00:00:00-04:00,11.556696463495813,12.27374177181207,11.304762158247959,11.492098808288574,77000,0.0,0.0
2022-03-16 00:00:00-04:00,11.472719314235142,12.260822326920573,11.408120423856028,12.202683448791504,139100,0.0,0.0
2022-03-17 00:00:00-04:00,11.918449814316316,12.196222936962128,11.692354323311367,11.815092086791992,139600,0.0,0.0
2022-03-18 00:00:00-04:00,11.95074734762488,12.13162396726066,10.875179494920479,10.988227844238281,881000,0.0,0.0
2022-03-21 00:00:00-04:00,10.988230722416342,11.446880554745167,10.988230722416342,11.395201683044434,147600,0.0,0.0
2022-03-22 00:00:00-04:00,11.433960054232186,11.541192803717134,11.156185698256902,11.343521118164062,113400,0.0,0.0
2022-03-23 00:00:00-04:00,11.343520876264005,11.847390713482634,11.337060864388235,11.36936092376709,43700,0.0,0.0
2022-03-24 00:00:00-04:00,11.36936065271483,11.853850442755622,11.36936065271483,11.679433822631836,43500,0.0,0.0
2022-03-25 00:00:00-04:00,11.97658936421105,12.015348206184033,11.705275006157427,11.769872665405273,19900,0.0,0.0
2022-03-28 00:00:00-04:00,11.737572593436505,12.545055569781555,11.737572593436505,11.911989212036133,36200,0.0,0.0
2022-03-29 00:00:00-04:00,11.82155186554375,12.202683980039772,11.82155186554375,12.138086318969727,57300,0.0,0.0
2022-03-30 00:00:00-04:00,12.131483512365918,12.190886962696919,11.623255811308935,11.735462188720703,32000,0.4,0.0
2022-03-31 00:00:00-04:00,11.66285840599637,11.814666673283536,11.623256522991275,11.702460289001465,22100,0.0,0.0
2022-04-01 00:00:00-04:00,11.557252379353097,12.006077910034172,11.557252379353097,11.99947738647461,27600,0.0,0.0
2022-04-04 00:00:00-04:00,11.986276733304962,11.986276733304962,11.781665531918215,11.808066368103027,12500,0.0,0.0
2022-04-05 00:00:00-04:00,11.583652987100818,11.71566093785638,11.577053722592048,11.662858009338379,20600,0.0,0.0
2022-04-06 00:00:00-04:00,11.603455291923995,11.781005984340505,11.557252883911133,11.557252883911133,29600,0.0,0.0
2022-04-07 00:00:00-04:00,11.669459308234208,11.67605983210272,11.319639096730288,11.497849464416504,31100,0.0,0.0
2022-04-08 00:00:00-04:00,11.544054127379194,11.544054127379194,11.302480949428945,11.425247192382812,19500,0.0,0.0
2022-04-11 00:00:00-04:00,11.418644723110578,11.550652685947039,11.346041476579636,11.484648704528809,11500,0.0,0.0
2022-04-12 00:00:00-04:00,11.550651628872489,11.722261461286271,11.517650270644157,11.662858009338379,23800,0.0,0.0
2022-04-13 00:00:00-04:00,11.801466232671523,12.157886974803953,11.616656596532835,12.078681945800781,15400,0.0,0.0
2022-04-14 00:00:00-04:00,12.078680519891309,12.210688466339082,11.596853655522771,11.636455535888672,26600,0.0,0.0
2022-04-18 00:00:00-04:00,11.788265436664052,11.814666271462492,11.616655604250269,11.662858009338379,23800,0.0,0.0
2022-04-19 00:00:00-04:00,11.834467619676468,11.993536076912179,11.755262598925201,11.860868453979492,15600,0.0,0.0
2022-04-20 00:00:00-04:00,11.844368362230504,12.395500125849967,11.814666635341778,12.296493530273438,36100,0.0,0.0
2022-04-21 00:00:00-04:00,12.322893821750181,12.507704679674648,11.761861984230348,11.986274719238281,25400,0.0,0.0
2022-04-22 00:00:00-04:00,11.933473400537485,11.933473400537485,11.748662517776625,11.768464088439941,24900,0.0,0.0
2022-04-25 00:00:00-04:00,11.676059911248263,12.441703060288686,11.676059911248263,12.316295623779297,40600,0.0,0.0
2022-04-26 00:00:00-04:00,12.250292157423335,12.250292157423335,11.392244155447786,11.458248138427734,67100,0.0,0.0
2022-04-27 00:00:00-04:00,11.474747340152618,11.610054921303501,11.418643521229953,11.438445091247559,20300,0.0,0.0
2022-04-28 00:00:00-04:00,11.583652560290679,11.887270332272951,11.431844303760078,11.682659149169922,30100,0.0,0.0
2022-04-29 00:00:00-04:00,11.860869172279045,11.860869172279045,11.570453682752602,11.742063522338867,29700,0.0,0.0
2022-05-02 00:00:00-04:00,11.71566309959414,11.742065198185333,11.181033192335992,11.29323959350586,32600,0.0,0.0
2022-05-03 00:00:00-04:00,11.319635854314281,11.319635854314281,10.996217830924827,11.108424186706543,31700,0.0,0.0
2022-05-04 00:00:00-04:00,11.18763162536261,11.359240198436304,10.818009867717887,11.200831413269043,66100,0.0,0.0
2022-05-05 00:00:00-04:00,11.095226066762596,11.167830568732104,10.626600213122394,10.758606910705566,53600,0.0,0.0
2022-05-06 00:00:00-04:00,11.1150266386279,11.1150266386279,10.362583997935278,10.454989433288574,40700,0.0,0.0
2022-05-09 00:00:00-04:00,10.355983823202994,11.408743377384656,10.230577026932274,10.844411849975586,108100,0.0,0.0
2022-05-10 00:00:00-04:00,10.936817921710604,10.983020331545706,10.40218805817103,10.600198745727539,132800,0.0,0.0
2022-05-11 00:00:00-04:00,10.65960205889686,10.69260467898855,10.461591374031647,10.606799125671387,110500,0.0,0.0
2022-05-12 00:00:00-04:00,10.719004953127104,10.738806524142046,10.501192707647423,10.646400451660156,172600,0.0,0.0
2022-05-13 00:00:00-04:00,10.63320122174474,10.857614002683304,10.511094045247951,10.606799125671387,167500,0.0,0.0
2022-05-16 00:00:00-04:00,10.54739500580483,10.64640034201759,10.47479113454618,10.593597412109375,54700,0.0,0.0
2022-05-17 00:00:00-04:00,10.626600996494695,10.626600996494695,10.385686898736953,10.435190200805664,93100,0.0,0.0
2022-05-18 00:00:00-04:00,10.593597624787666,10.593597624787666,10.263579620966132,10.309782028198242,30400,0.0,0.0
2022-05-19 00:00:00-04:00,10.263580388913505,10.355985210291689,9.893959215018866,10.058968544006348,63600,0.0,0.0
2022-05-20 00:00:00-04:00,10.085368548655811,10.091969071928505,9.75534993854767,9.821353912353516,84600,0.0,0.0
2022-05-23 00:00:00-04:00,9.946761174241368,10.699203237761013,9.946761174241368,10.653000831604004,123900,0.0,0.0
2022-05-24 00:00:00-04:00,10.692604437868978,11.28663773799032,10.392286896412958,11.266836166381836,75100,0.0,0.0
2022-05-25 00:00:00-04:00,11.2272341739303,11.2272341739303,10.890615013356026,10.983019828796387,37200,0.0,0.0
2022-05-26 00:00:00-04:00,11.08862569235541,11.280037105971982,10.950018469188533,11.214033126831055,47700,0.0,0.0
2022-05-27 00:00:00-04:00,11.23383359942176,11.712360827735264,11.187631196218717,11.220632553100586,61400,0.0,0.0
2022-05-31 00:00:00-04:00,11.214032552733242,11.550651696089824,10.87081288590836,11.240434646606445,32600,0.0,0.0
2022-06-01 00:00:00-04:00,11.194231484608943,11.392243420779302,11.134829288571137,11.332839965820312,18700,0.0,0.0
2022-06-02 00:00:00-04:00,11.339440076689879,11.39224300596173,11.253634529797411,11.365840911865234,10200,0.0,0.0
2022-06-03 00:00:00-04:00,11.260235855422769,11.494550050996093,11.260235855422769,11.372442245483398,32400,0.0,0.0
2022-06-06 00:00:00-04:00,11.392244116580443,11.748663609182138,11.372442544077636,11.517651557922363,28700,0.0,0.0
2022-06-07 00:00:00-04:00,11.715662070297078,11.834468985676786,11.405444992633253,11.827868461608887,64500,0.0,0.0
2022-06-08 00:00:00-04:00,11.781664161927777,11.791564316980729,11.365840024809282,11.46484661102295,48200,0.0,0.0
2022-06-09 00:00:00-04:00,11.44504587201269,11.504449324480527,11.174430703624154,11.181031227111816,95800,0.0,0.0
2022-06-10 00:00:00-04:00,11.121627603210772,11.121627603210772,10.864212226844337,11.029221534729004,41400,0.0,0.0
2022-06-13 00:00:00-04:00,10.956616810665421,11.151327817942136,10.392284726849383,10.573795318603516,68500,0.0,0.0
2022-06-14 00:00:00-04:00,10.626599486126793,10.626599486126793,10.49459153865348,10.560595512390137,78300,0.0,0.0
2022-06-15 00:00:00-04:00,10.494592099010532,11.32623919108745,10.494592099010532,10.752007484436035,117500,0.0,0.0
2022-06-16 00:00:00-04:00,10.626598239614781,10.626598239614781,10.504491091363438,10.573795318603516,78000,0.0,0.0
2022-06-17 00:00:00-04:00,10.534194554420182,10.702504129012885,10.534194554420182,10.653000831604004,80200,0.0,0.0
2022-06-21 00:00:00-04:00,10.646401010860183,11.18763265007281,10.532214966753893,10.606799125671387,101100,0.0,0.0
2022-06-22 00:00:00-04:00,10.606799163633173,10.679403669173512,10.329583448476981,10.547395706176758,48100,0.0,0.0
2022-06-23 00:00:00-04:00,10.659601389224932,10.735505522285418,10.51439364670763,10.593597412109375,79200,0.0,0.0
2022-06-24 00:00:00-04:00,10.560596026973412,10.679402933704248,10.237177924717889,10.349384307861328,163000,0.0,0.0
2022-06-27 00:00:00-04:00,10.580395841095042,11.088623483733112,10.474789369612042,10.573795318603516,51500,0.0,0.0
2022-06-28 00:00:00-04:00,10.66620212995259,10.791609563132857,10.524294016887827,10.54079532623291,91300,0.0,0.0
2022-06-29 00:00:00-04:00,10.50679415543702,10.574799555860231,10.397986033597936,10.567998886108398,64400,0.47,0.0
2022-06-30 00:00:00-04:00,10.540796615659445,10.540796615659445,10.166768218942666,10.24157428741455,116200,0.0,0.0
2022-07-01 00:00:00-04:00,10.241574128356579,10.452389694209044,10.180369400029237,10.31637954711914,47600,0.0,0.0
2022-07-05 00:00:00-04:00,10.207570484986716,10.567997503563157,10.112363066559128,10.166767120361328,58800,0.0,0.0
2022-07-06 00:00:00-04:00,10.221169380154548,10.227970047823046,10.004233529327308,10.098760604858398,26300,0.0,0.0
2022-07-07 00:00:00-04:00,10.241574105325938,10.411586950942887,10.090602615404002,10.18036937713623,32300,0.0,0.0
2022-07-08 00:00:00-04:00,10.200770175101507,10.22117153385841,10.112363422424927,10.146366119384766,16500,0.0,0.0
2022-07-11 00:00:00-04:00,10.146364547895848,10.146364547895848,9.976351737976074,9.976351737976074,18700,0.0,0.0
2022-07-12 00:00:00-04:00,10.037557187007023,10.159965978084461,9.908347078836876,9.928749084472656,23500,0.0,0.0
2022-07-13 00:00:00-04:00,9.92874834232574,10.037556436726996,9.92874834232574,9.983152389526367,17900,0.0,0.0
2022-07-14 00:00:00-04:00,9.792737163249448,9.813139166500783,9.656727050977418,9.71113109588623,36600,0.0,0.0
2022-07-15 00:00:00-04:00,9.724734320109686,9.943030868336141,9.622726229683282,9.867545127868652,37900,0.0,0.0
2022-07-18 00:00:00-04:00,9.98315126536093,10.085158680238584,9.860741848669882,9.908345222473145,23000,0.0,0.0
2022-07-19 00:00:00-04:00,9.935548929683575,10.289175905246683,9.83354149748899,9.860743522644043,18800,0.0,0.0
2022-07-20 00:00:00-04:00,9.894746250138537,9.925348609611287,9.75873612389711,9.847142219543457,30300,0.0,0.0
2022-07-21 00:00:00-04:00,9.942349957549887,10.078360088242249,9.765536463376085,9.84034252166748,25100,0.0,0.0
2022-07-22 00:00:00-04:00,9.806339505944749,10.493191454148254,9.724733430199894,9.847142219543457,37500,0.0,0.0
2022-07-25 00:00:00-04:00,9.962750346304881,10.051157084795696,9.622724728362089,9.683929443359375,38200,0.0,0.0
2022-07-26 00:00:00-04:00,9.779136259766329,9.779136259766329,9.643126150505832,9.656726837158203,23400,0.0,0.0
2022-07-27 00:00:00-04:00,9.717931904729683,9.748534261503622,9.554719767633596,9.63632583618164,32500,0.0,0.0
2022-07-28 00:00:00-04:00,9.63632549893292,9.7791362760308,9.541118098018545,9.64992618560791,63500,0.0,0.0
2022-07-29 00:00:00-04:00,9.561520996155378,9.74513449901844,9.561520996155378,9.670329093933105,49700,0.0,0.0
2022-08-01 00:00:00-04:00,9.71113238889869,9.738334414974977,9.43231145947989,9.697531700134277,138300,0.0,0.0
2022-08-02 00:00:00-04:00,9.72473243138712,9.806338498750339,9.683929073431825,9.71113109588623,44000,0.0,0.0
2022-08-03 00:00:00-04:00,9.785937588653226,9.996753110116064,9.785937588653226,9.969551086425781,54700,0.0,0.0
2022-08-04 00:00:00-04:00,9.99675226361745,10.431985254354988,9.887944178069903,10.41158390045166,60300,0.0,0.0
2022-08-05 00:00:00-04:00,10.41158390045166,10.520391985999208,10.234770437163222,10.41158390045166,25400,0.0,0.0
2022-08-08 00:00:00-04:00,10.411587373101604,10.717610377910923,10.28917791175885,10.567998886108398,57200,0.0,0.0
2022-08-09 00:00:00-04:00,10.581597006926156,10.588397026062012,10.27761377666926,10.588397026062012,31100,0.0,0.0
2022-08-10 00:00:00-04:00,10.588398633327394,10.629201997073105,10.14636554357742,10.26877498626709,52400,0.0,0.0
2022-08-11 00:00:00-04:00,10.255172795740954,10.601999088812002,10.255172795740954,10.540794372558594,31200,0.0,0.0
2022-08-12 00:00:00-04:00,10.602000831905887,10.704008276734521,10.574798803381748,10.62240219116211,156000,0.0,0.0
2022-08-15 00:00:00-04:00,10.656403342535645,10.94202492486448,10.615599981396917,10.9080228805542,92100,0.0,0.0
2022-08-16 00:00:00-04:00,10.914821754702752,11.125638570529853,10.880819711940852,11.003229141235352,189000,0.0,0.0
2022-08-17 00:00:00-04:00,10.989628464500898,11.288851387714573,10.846817671273334,11.152840614318848,216900,0.0,0.0
2022-08-18 00:00:00-04:00,11.084834098815918,11.248047529108174,11.016830016138,11.084834098815918,118600,0.0,0.0
2022-08-19 00:00:00-04:00,11.091635286960948,11.319453125325127,10.979427507601416,11.29565143585205,253600,0.0,0.0
2022-08-22 00:00:00-04:00,11.275250199117105,11.295652204523014,10.224570916968148,10.295976638793945,99200,0.0,0.0
2022-08-23 00:00:00-04:00,10.302776208186048,10.629201146384524,10.234771472115783,10.527193069458008,81200,0.0,0.0
2022-08-24 00:00:00-04:00,10.479590174147388,10.506792199543362,10.14636520090985,10.438787460327148,44100,0.0,0.0
2022-08-25 00:00:00-04:00,10.533994861981785,10.683606334981103,10.336780003797564,10.595199584960938,55500,0.0,0.0
2022-08-26 00:00:00-04:00,10.547595613347838,10.581598307395485,10.38438346017607,10.41838550567627,35700,0.0,0.0
2022-08-29 00:00:00-04:00,10.438788091611977,10.738010389063133,10.404785395673839,10.595199584960938,77100,0.0,0.0
2022-08-30 00:00:00-04:00,10.683607434458668,10.683607434458668,10.24157428741455,10.24157428741455,52800,0.0,0.0
2022-08-31 00:00:00-04:00,10.289174845415198,10.489109677283265,10.200768110630714,10.384382247924805,26600,0.0,0.0
2022-09-01 00:00:00-04:00,10.350379557846562,10.397982934827679,10.132762730474228,10.384382247924805,42600,0.0,0.0
2022-09-02 00:00:00-04:00,10.377583146991542,10.513593279291749,10.275575061355786,10.397984504699707,42800,0.0,0.0
2022-09-06 00:00:00-04:00,10.397984655600684,10.4299470209414,9.969552246226796,10.173567771911621,153000,0.0,0.0
2022-09-07 00:00:00-04:00,10.16676597216078,10.289175403664956,10.003553829186815,10.105561256408691,66200,0.0,0.0
2022-09-08 00:00:00-04:00,10.030756030031743,10.102161100637684,9.881144572058332,10.017154693603516,55600,0.0,0.0
2022-09-09 00:00:00-04:00,10.044358116115005,10.057958805010895,9.898146981336264,9.962751388549805,39600,0.0,0.0
2022-09-12 00:00:00-04:00,9.9219495779882,10.146366477885946,9.9219495779882,10.125965118408203,70000,0.0,0.0
2022-09-13 00:00:00-04:00,9.996753614250247,10.056598328805785,9.860743488939873,9.874344825744629,41800,0.0,0.0
2022-09-14 00:00:00-04:00,10.112362620283076,10.112362620283076,9.731534260474294,10.07155990600586,158000,0.0,0.0
2022-09-15 00:00:00-04:00,10.044358116115005,10.07156014245425,9.697531793879033,9.962751388549805,118400,0.0,0.0
2022-09-16 00:00:00-04:00,9.853943833496656,10.26537523447045,9.72473436330627,10.146366119384766,207000,0.0,0.0
2022-09-19 00:00:00-04:00,10.166767172572424,10.445588111877441,10.010355679224723,10.445588111877441,146600,0.0,0.0
2022-09-20 00:00:00-04:00,10.343581581434306,10.472791059094003,10.017156579716453,10.459190368652344,136000,0.0,0.0
2022-09-21 00:00:00-04:00,10.391182185940817,10.391182185940817,9.935547828674316,9.935547828674316,55100,0.0,0.0
2022-09-22 00:00:00-04:00,10.023956468105066,10.221171328247928,9.887946331549212,10.091961860656738,58000,0.0,0.0
2022-09-23 00:00:00-04:00,10.02395555421952,10.159965678375311,9.949150148070691,10.078359603881836,28100,0.0,0.0
2022-09-26 00:00:00-04:00,10.125964574417402,10.241573352826375,10.000154792543816,10.085161209106445,35800,0.0,0.0
2022-09-27 00:00:00-04:00,10.132763459053777,10.215049858221265,9.996753337508594,10.017154693603516,35900,0.0,0.0
2022-09-28 00:00:00-04:00,10.017155280250785,10.241572804627456,9.92874918247954,10.193968772888184,39300,0.0,0.0
2022-09-29 00:00:00-04:00,10.2220524247293,10.257155090093292,10.046536419747646,10.215031623840332,28300,0.47,0.0
2022-09-30 00:00:00-04:00,10.29927796392446,10.410204060124856,10.116741180419922,10.116741180419922,21500,0.0,0.0
2022-10-03 00:00:00-04:00,10.1097197485842,10.467772493188049,10.025472162125698,10.229070663452148,18200,0.0,0.0
2022-10-04 00:00:00-04:00,10.165885733067825,10.492345578821212,10.11674147053819,10.299278259277344,66500,0.0,0.0
2022-10-05 00:00:00-04:00,10.355445095946727,10.355445095946727,10.074619734042328,10.193970680236816,36400,0.0,0.0
2022-10-06 00:00:00-04:00,10.229072691548467,10.313320294710559,10.03951575181887,10.306300163269043,38700,0.0,0.0
2022-10-07 00:00:00-04:00,10.362464266934161,10.636268784325027,10.074618148887163,10.390546798706055,54900,0.0,0.0
2022-10-10 00:00:00-04:00,10.48883435930594,10.48883435930594,10.123761479887923,10.222050666809082,13700,0.0,0.0
2022-10-11 00:00:00-04:00,10.200990681445242,10.236094018618706,10.039516267803963,10.102702140808105,44300,0.0,0.0
2022-10-12 00:00:00-04:00,10.123761499585772,10.52393770864999,10.099189370192748,10.404586791992188,35900,0.0,0.0
2022-10-13 00:00:00-04:00,10.306299197285826,10.59344296731379,10.271195865206659,10.474794387817383,23600,0.0,0.0
2022-10-14 00:00:00-04:00,10.474794381712037,10.559041976928711,10.432670249333514,10.559041976928711,13500,0.0,0.0
2022-10-17 00:00:00-04:00,10.636269311638841,10.671372645479117,10.222052114852882,10.285237312316895,26900,0.0,0.0
2022-10-18 00:00:00-04:00,10.327360302570856,10.587123872942673,10.327360302570856,10.418628692626953,8900,0.0,0.0
2022-10-19 00:00:00-04:00,10.46075185047347,10.46075185047347,10.26066374594136,10.404586791992188,7800,0.0,0.0
2022-10-20 00:00:00-04:00,10.236092717310994,10.62222803804903,10.144824320079067,10.24311351776123,29400,0.0,0.0
2022-10-21 00:00:00-04:00,10.30629859250671,10.559041363472966,10.081637682107486,10.179926872253418,46800,0.0,0.0
2022-10-24 00:00:00-04:00,10.20800940236078,10.362463652721434,10.144823542234132,10.179926872253418,19900,0.0,0.0
2022-10-25 00:00:00-04:00,10.215029867127505,10.48883435930594,10.16588493889677,10.222050666809082,21000,0.0,0.0
2022-10-26 00:00:00-04:00,10.327360769673868,10.575891473173662,10.17290651262838,10.369484901428223,30400,0.0,0.0
2022-10-27 00:00:00-04:00,10.270493380058353,10.573083442386073,10.186948133757976,10.299278259277344,33700,0.0,0.0
2022-10-28 00:00:00-04:00,10.313318720465004,10.432669640778446,10.158865139680822,10.348422050476074,40400,0.0,0.0
2022-10-31 00:00:00-04:00,10.355442533206142,10.622226895762392,10.3273600039655,10.404586791992188,33600,0.0,0.0
2022-11-01 00:00:00-04:00,10.397568088880336,10.460753286188574,10.334382222031694,10.355443954467773,27400,0.0,0.0
2022-11-02 00:00:00-04:00,10.32736164514403,10.32736164514403,9.955267906188965,9.955267906188965,101300,0.0,0.0
2022-11-03 00:00:00-04:00,9.962286296949467,10.137802269316401,9.885059510142522,9.976327896118164,17500,0.0,0.0
2022-11-04 00:00:00-04:00,10.025473781218343,10.039515382665932,9.807834315103984,9.878040313720703,55200,0.0,0.0
2022-11-07 00:00:00-05:00,9.99037023679796,10.25013450178589,9.94122597184692,10.095680236816406,41000,0.0,0.0
2022-11-08 00:00:00-05:00,10.158865009019612,10.179926738939232,9.913142371642882,9.9342041015625,23000,0.0,0.0
2022-11-09 00:00:00-05:00,10.025472473701141,10.52674659954144,10.004410743817028,10.257153511047363,32000,0.0,0.0
2022-11-10 00:00:00-05:00,10.523938579689775,11.17685827550059,10.387036322003132,11.036445617675781,120200,0.0,0.0
2022-11-11 00:00:00-05:00,10.966239089823555,11.233023477765325,10.931135757547462,11.21196174621582,80700,0.0,0.0
2022-11-14 00:00:00-05:00,11.226003841116352,11.387478248968671,10.966240226610157,11.078570365905762,60300,0.0,0.0
2022-11-15 00:00:00-05:00,11.113673400411326,11.443643008258078,10.829337659338128,10.966239929199219,97500,0.0,0.0
2022-11-16 00:00:00-05:00,10.952198050271098,11.099631508739607,10.808274991949503,10.881991386413574,43500,0.0,0.0
2022-11-17 00:00:00-05:00,10.853907585144043,10.987299427421403,10.7415774717441,10.853907585144043,143700,0.0,0.0
2022-11-18 00:00:00-05:00,10.91007391804851,10.952198050271098,10.727537127651239,10.881991386413574,253400,0.0,0.0
2022-11-21 00:00:00-05:00,10.783701073683039,11.268124861582386,10.67137095878118,11.183877944946289,50200,0.0,0.0
2022-11-22 00:00:00-05:00,11.106650820632082,11.303229197123853,11.015382432162397,11.057506561279297,17100,0.0,0.0
2022-11-23 00:00:00-05:00,11.071549733040067,11.285679469839385,11.070847385146584,11.197920799255371,7600,0.0,0.0
2022-11-25 00:00:00-05:00,11.162816047668457,11.296208567261486,11.057506727602657,11.162816047668457,12000,0.0,0.0
2022-11-28 00:00:00-05:00,11.183880029254569,11.247065898047714,11.092611626502299,11.120694160461426,12200,0.0,0.0
2022-11-29 00:00:00-05:00,11.204941600028558,11.317272403778315,11.101036292838957,11.197920799255371,19800,0.0,0.0
2022-11-30 00:00:00-05:00,11.106650936172612,11.54895195311012,11.106650936172612,11.373435974121094,55200,0.0,0.0
2022-12-01 00:00:00-05:00,11.471725763249706,11.584055895106088,11.317272166717379,11.485767364501953,49000,0.0,0.0
2022-12-02 00:00:00-05:00,11.471723885272526,11.471723885272526,11.240042858860951,11.345352172851562,23800,0.0,0.0
2022-12-05 00:00:00-05:00,11.387476269735316,11.432409121092405,11.03644498021879,11.233022689819336,34000,0.0,0.0
2022-12-06 00:00:00-05:00,11.19089760357737,11.450661150730955,11.035040010917434,11.148774147033691,21200,0.0,0.0
2022-12-07 00:00:00-05:00,11.07856957127891,11.30674023404978,10.896033442786452,11.0013427734375,44600,0.0,0.0
2022-12-08 00:00:00-05:00,11.151584271887323,11.26110702006471,10.994321954507631,11.169837951660156,18300,0.0,0.0
2022-12-09 00:00:00-05:00,11.14175353904248,11.450661347313718,11.14175353904248,11.2681245803833,83900,0.0,0.0
2022-12-12 00:00:00-05:00,11.268124861582386,11.36641471643196,11.106650488796037,11.183877944946289,22400,0.0,0.0
2022-12-13 00:00:00-05:00,11.2821659854757,11.2821659854757,11.085588292677903,11.148774147033691,31200,0.0,0.0
2022-12-14 00:00:00-05:00,11.282167763911241,11.282167763911241,11.082079639937715,11.141755104064941,71400,0.0,0.0
2022-12-15 00:00:00-05:00,11.085588759637012,11.275145661148827,11.085588759637012,11.183877944946289,25300,0.0,0.0
2022-12-16 00:00:00-05:00,11.366416067030462,11.401518729953095,10.903053283691406,10.903053283691406,176800,0.0,0.0
2022-12-19 00:00:00-05:00,11.008362599442137,11.211961111672315,11.008362599442137,11.15579605102539,35800,0.0,0.0
2022-12-20 00:00:00-05:00,11.233024296297938,11.270936353206162,11.113673359586539,11.120694160461426,44800,0.0,0.0
2022-12-21 00:00:00-05:00,11.162816181451005,11.2821671027108,10.671371566020268,11.15579605102539,48100,0.0,0.0
2022-12-22 00:00:00-05:00,11.148774949324448,11.148774949324448,10.5309586293888,10.973258972167969,66400,0.0,0.0
2022-12-23 00:00:00-05:00,11.001340710050275,11.19089760357737,10.896031399150809,11.148774147033691,43800,0.0,0.0
2022-12-27 00:00:00-05:00,11.11367243978689,11.162816702762939,10.783702190921112,10.881991386413574,71200,0.0,0.0
2022-12-28 00:00:00-05:00,10.973258972585818,11.141754149972778,10.924114713233033,11.057506561279297,50800,0.0,0.0
2022-12-29 00:00:00-05:00,10.644417894411891,11.241921194993848,10.614911567265699,11.0648832321167,59000,0.76,0.0
2022-12-30 00:00:00-05:00,11.050130511254903,11.241922003237253,10.954235468750108,11.116519927978516,53200,0.0,0.0
2023-01-03 00:00:00-05:00,11.146025455897144,11.18807213036489,10.998493820166187,11.0648832321167,37400,0.0,0.0
2023-01-04 00:00:00-05:00,10.99849350047177,11.101765994224772,10.895221710205078,10.895221710205078,10900,0.0,0.0
2023-01-05 00:00:00-05:00,10.880469142207906,11.116519773058812,10.828833242580863,10.836209297180176,61600,0.0,0.0
2023-01-06 00:00:00-05:00,10.917352295564879,11.123896598815918,10.873092450267897,11.123896598815918,36700,0.0,0.0
2023-01-09 00:00:00-05:00,11.072260301892767,11.352570769426473,11.072260301892767,11.23454475402832,43700,0.0,0.0
2023-01-10 00:00:00-05:00,11.085538343774342,11.433713449841582,11.085538343774342,11.315688133239746,16200,0.0,0.0
2023-01-11 00:00:00-05:00,11.477973117692194,11.765659646585707,11.3924045534341,11.66238784790039,65100,0.0,0.0
2023-01-12 00:00:00-05:00,11.618128177089892,11.669764077205762,11.52960918968281,11.647634506225586,30300,0.0,0.0
2023-01-13 00:00:00-05:00,11.5664926993737,11.76566025244149,11.433713861670906,11.632882118225098,61900,0.0,0.0
2023-01-17 00:00:00-05:00,11.551740019801343,11.75090829079138,11.441091449353404,11.448468208312988,31200,0.0,0.0
2023-01-18 00:00:00-05:00,11.492725727490885,11.595998227840182,11.212415258102528,11.522232055664062,26100,0.0,0.0
2023-01-19 00:00:00-05:00,11.522233484855244,11.522233484855244,11.175533558201792,11.212416648864746,34100,0.0,0.0
2023-01-20 00:00:00-05:00,11.256675895409547,11.264052653844299,11.079637913893894,11.241922378540039,17700,0.0,0.0
2023-01-23 00:00:00-05:00,11.212415122981271,11.411583363364798,11.212415122981271,11.337817192077637,22600,0.0,0.0
2023-01-24 00:00:00-05:00,11.39682921669413,11.39682921669413,11.182908175989343,11.271427154541016,44600,0.0,0.0
2023-01-25 00:00:00-05:00,11.26405183559476,11.485348944670536,11.212415233788905,11.426336288452148,40300,0.0,0.0
2023-01-26 00:00:00-05:00,11.500101926998685,11.536985011295823,11.249297797961725,11.411582946777344,38700,0.0,0.0
2023-01-27 00:00:00-05:00,11.45584294960418,11.470596465830866,11.241921888721851,11.359947204589844,33600,0.0,0.0
2023-01-30 00:00:00-05:00,11.35994711737054,11.43371329096486,11.337817546686791,11.367323875427246,18800,0.0,0.0
2023-01-31 00:00:00-05:00,11.411583120440444,11.437401068795445,11.33044019305463,11.396829605102539,20300,0.0,0.0
2023-02-01 00:00:00-05:00,11.337818039445978,11.39683069949167,11.197663147709061,11.249299049377441,20100,0.0,0.0
2023-02-02 00:00:00-05:00,11.256675404948538,11.433713378750525,11.256675404948538,11.359947204589844,37600,0.0,0.0
2023-02-03 00:00:00-05:00,11.300934546655848,11.400518670726855,11.300934546655848,11.359947204589844,18200,0.0,0.0
2023-02-06 00:00:00-05:00,11.359946472727877,11.389452799793938,11.214628005386274,11.26405143737793,13700,0.0,0.0
2023-02-07 00:00:00-05:00,11.197661636348268,11.411582676012339,11.197661636348268,11.374699592590332,177600,0.0,0.0
2023-02-08 00:00:00-05:00,11.433713787891826,11.433713787891826,11.210940749999102,11.249299049377441,8400,0.0,0.0
2023-02-09 00:00:00-05:00,11.396831398693068,11.396831398693068,11.182910317031672,11.212416648864746,19900,0.0,0.0
2023-02-10 00:00:00-05:00,11.256674496457137,11.345193476214037,11.072259779425346,11.219791412353516,50400,0.0,0.0
2023-02-13 00:00:00-05:00,11.160778971213404,11.190285298359596,10.902598081069483,11.0648832321167,67100,0.0,0.0
2023-02-14 00:00:00-05:00,11.06488181106529,11.278802831273103,10.93210300421691,11.182907104492188,140300,0.0,0.0
2023-02-15 00:00:00-05:00,11.11651991138042,11.16077975695887,10.90997560681587,11.07963752746582,69600,0.0,0.0
2023-02-16 00:00:00-05:00,11.005871685203157,11.07963786223394,10.946859024973092,11.013248443603516,35100,0.0,0.0
2023-02-17 00:00:00-05:00,11.013247689080663,11.197662415536875,10.932104759208663,11.094389915466309,47800,0.0,0.0
2023-02-21 00:00:00-05:00,11.064884345433223,11.087013917147896,10.95423578337345,11.013248443603516,19400,0.0,0.0
2023-02-22 00:00:00-05:00,11.013247996529296,11.097340647025943,10.93210506439209,10.93210506439209,48100,0.0,0.0
2023-02-23 00:00:00-05:00,10.976364250678126,11.07963674743296,10.917351596385743,11.0648832321167,23000,0.0,0.0
2023-02-24 00:00:00-05:00,10.976365336521848,11.057507568329337,10.887846346326478,10.917352676391602,49600,0.0,0.0
2023-02-27 00:00:00-05:00,10.917351094076588,11.057505965700866,10.806701844754613,10.850961685180664,31800,0.0,0.0
2023-02-28 00:00:00-05:00,10.703431675764472,10.917352745971607,10.644419015258118,10.814080238342285,64800,0.0,0.0
2023-03-01 00:00:00-05:00,10.82883293105306,10.843585743313643,10.629664689387575,10.666547775268555,31900,0.0,0.0
2023-03-02 00:00:00-05:00,10.659172308242146,10.666549067008953,10.511640650338196,10.600159645080566,44700,0.0,0.0
2023-03-03 00:00:00-05:00,10.673924332086633,10.673924332086633,10.46000328219001,10.585405349731445,33500,0.0,0.0
2023-03-06 00:00:00-05:00,10.585405349731445,10.600158161714141,10.482132851907222,10.585405349731445,30700,0.0,0.0
2023-03-07 00:00:00-05:00,10.585405949178814,10.600158761996955,10.430497545413248,10.555899620056152,53400,0.0,0.0
2023-03-08 00:00:00-05:00,10.637040975642275,10.77940901955346,10.460003015446592,10.548521995544434,97600,0.0,0.0
2023-03-09 00:00:00-05:00,10.423120114646283,10.82883264151661,10.260834963200885,10.297718048095703,138700,0.0,0.0
2023-03-10 00:00:00-05:00,10.28296362123183,10.415742433688745,9.92741251528787,9.958394050598145,187300,0.0,0.0
2023-03-13 00:00:00-04:00,9.943641841395836,10.327224815057127,9.633825744151576,9.65595531463623,111000,0.0,0.0
2023-03-14 00:00:00-04:00,9.892006031787934,10.046914433552491,9.61169555700034,9.648578643798828,121900,0.0,0.0
2023-03-15 00:00:00-04:00,9.64857793021824,9.803486320526225,9.52317586646957,9.58956527709961,91600,0.0,0.0
2023-03-16 00:00:00-04:00,9.626448420264511,9.87725254930147,9.560059009226926,9.781356811523438,69800,0.0,0.0
2023-03-17 00:00:00-04:00,9.722344098359686,9.899382057715579,9.52317586646957,9.58956527709961,73700,0.0,0.0
2023-03-20 00:00:00-04:00,9.692838269626854,9.884629050369668,9.571124578382646,9.803486824035645,128000,0.0,0.0
2023-03-21 00:00:00-04:00,9.914135074944998,10.116991689799573,9.855122420602004,9.965771675109863,129200,0.0,0.0
2023-03-22 00:00:00-04:00,9.958395939758311,10.069044502138842,9.832993860534295,9.862500190734863,190500,0.0,0.0
2023-03-23 00:00:00-04:00,9.921512634434674,10.076421040475818,9.571125058891734,9.68546199798584,202800,0.0,0.0
2023-03-24 00:00:00-04:00,9.619072842418802,10.260836055345962,9.589566512059614,10.150187492370605,130100,0.0,0.0
2023-03-27 00:00:00-04:00,10.312471486510514,10.312471486510514,10.010031438273238,10.032161712646484,93000,0.0,0.0
2023-03-28 00:00:00-04:00,10.03953829580853,10.09855095693778,9.855123553908022,10.046915054321289,77000,0.0,0.0
2023-03-29 00:00:00-04:00,10.08379754206944,10.194446099216853,10.010031368313587,10.076420783996582,88900,0.0,0.0
2023-03-30 00:00:00-04:00,10.282685764404176,10.328522722717874,10.084060159301048,10.129897117614746,74900,0.47,0.0
2023-03-31 00:00:00-04:00,10.191012269245144,10.320882797241211,10.12989681237096,10.320882797241211,34800,0.0,0.0
2023-04-03 00:00:00-04:00,10.320882971307222,10.38963804358869,10.129896983215914,10.35908031463623,60300,0.0,0.0
2023-04-04 00:00:00-04:00,10.420195596800186,10.504229167863759,10.213930383434533,10.320882797241211,48400,0.0,0.0
2023-04-05 00:00:00-04:00,10.305605204181052,10.381999901674,10.183374271035401,10.313244819641113,28900,0.0,0.0
2023-04-06 00:00:00-04:00,10.328522687711347,10.565344907293868,10.313243458807321,10.53478717803955,80400,0.0,0.0
2023-04-10 00:00:00-04:00,10.45075406748829,10.580624604708241,10.366719761902576,10.481311798095703,29300,0.0,0.0
2023-04-11 00:00:00-04:00,10.519508600415772,10.55006632944562,10.395749178574219,10.466032028198242,35200,0.0,0.0
2023-04-12 00:00:00-04:00,10.504230538780924,10.970236140403832,10.504230538780924,10.672298431396484,63500,0.0,0.0
2023-04-13 00:00:00-04:00,10.672298043548887,10.672298043548887,10.313244154185876,10.427835464477539,44600,0.0,0.0
2023-04-14 00:00:00-04:00,10.557705292841856,10.618820751350489,10.38963814621998,10.53478717803955,57600,0.0,0.0
2023-04-17 00:00:00-04:00,10.580623577294762,10.809806170319098,10.446168992835112,10.618820190429688,92600,0.0,0.0
2023-04-18 00:00:00-04:00,10.886200904537684,10.886200904537684,10.557704784456558,10.580623626708984,39200,0.0,0.0
2023-04-19 00:00:00-04:00,10.603541374206543,10.725772281116688,10.557704419838402,10.603541374206543,24100,0.0,0.0
2023-04-20 00:00:00-04:00,10.55770558623975,10.753275641745244,10.55770558623975,10.649378776550293,10800,0.0,0.0
2023-04-21 00:00:00-04:00,10.618822065559778,10.74869261310213,10.588264332523567,10.718134880065918,35200,0.0,0.0
2023-04-24 00:00:00-04:00,10.763970569002305,10.763970569002305,10.618820807856613,10.702855110168457,22900,0.0,0.0
2023-04-25 00:00:00-04:00,10.634099498636296,10.756330410117727,10.618820270424267,10.687575340270996,29300,0.0,0.0
2023-04-26 00:00:00-04:00,10.641739382230817,10.748691068208634,10.603542039287147,10.695215225219727,28700,0.0,0.0
2023-04-27 00:00:00-04:00,10.71049418258904,10.802167366200113,10.623404330309356,10.687575340270996,24800,0.0,0.0
2023-04-28 00:00:00-04:00,10.664657117218821,10.863282710617547,10.664657117218821,10.817445755004883,20700,0.0,0.0
2023-05-01 00:00:00-04:00,10.794527928637226,10.85640763822206,10.702090490682268,10.725772857666016,19400,0.0,0.0
2023-05-02 00:00:00-04:00,10.702854168209454,10.741051508757293,10.59590176038624,10.603541374206543,15600,0.0,0.0
2023-05-03 00:00:00-04:00,10.657017119356874,10.771609139984426,10.626459392900262,10.634099006652832,31600,0.0,0.0
2023-05-04 00:00:00-04:00,10.595902810613364,10.664657884703491,10.443114161831831,10.57298469543457,25100,0.0,0.0
2023-05-05 00:00:00-04:00,10.67229752295587,10.74869148323923,10.546246796362261,10.679936408996582,45100,0.0,0.0
2023-05-08 00:00:00-04:00,10.756330078594345,10.77160930633545,10.6486141458128,10.77160930633545,30100,0.0,0.0
2023-05-09 00:00:00-04:00,10.763970788134275,10.771610402782466,10.58062440790018,10.74869155883789,26600,0.0,0.0
2023-05-10 00:00:00-04:00,10.763970867820966,11.237616051209027,10.699035599938117,11.1841402053833,85500,0.0,0.0
2023-05-11 00:00:00-04:00,11.153581760737127,11.22997571723035,11.000792390643259,11.13066291809082,31600,0.0,0.0
2023-05-12 00:00:00-04:00,11.100105597089724,11.100105597089724,10.771610187863015,10.909119606018066,43400,0.0,0.0
2023-05-15 00:00:00-04:00,10.970234667344615,10.970234667344615,10.725772840768734,10.825085639953613,16400,0.0,0.0
2023-05-16 00:00:00-04:00,10.84036413983775,10.90148032503543,10.77924868319378,10.825085639953613,13300,0.0,0.0
2023-05-17 00:00:00-04:00,10.909119317493559,11.069547574892892,10.886201203166145,11.000792503356934,40700,0.0,0.0
2023-05-18 00:00:00-04:00,11.145942555510567,11.145942555510567,10.825086032225883,10.909119606018066,57700,0.0,0.0
2023-05-19 00:00:00-04:00,10.993154403955534,11.000793290241935,10.710495211853134,10.756331443786621,68600,0.0,0.0
2023-05-22 00:00:00-04:00,10.710494783141696,11.153582226383277,10.710494783141696,11.077187538146973,93800,0.0,0.0
2023-05-23 00:00:00-04:00,11.138303585453945,11.153582815329496,10.996974351873996,11.100106239318848,66000,0.0,0.0
2023-05-24 00:00:00-04:00,11.107743720485068,11.145941059282547,11.009195183801557,11.054267883300781,25700,0.0,0.0
2023-05-25 00:00:00-04:00,11.123025065263596,11.123025065263596,10.970235680982388,10.993154525756836,28700,0.0,0.0
2023-05-26 00:00:00-04:00,11.012252346938366,11.145942687988281,10.981694617145848,11.145942687988281,36200,0.0,0.0
2023-05-30 00:00:00-04:00,11.191777604342523,11.191777604342523,10.932037295879834,11.069546699523926,48200,0.0,0.0
2023-05-31 00:00:00-04:00,10.993154811630538,11.153583086454672,10.993154811630538,11.107746124267578,43900,0.0,0.0
2023-06-01 00:00:00-04:00,11.168860417241191,11.405683361364812,11.091702206822909,11.268173217773438,76600,0.0,0.0
2023-06-02 00:00:00-04:00,11.268174990159642,11.459161006942008,11.25289575911121,11.398045539855957,75500,0.0,0.0
2023-06-05 00:00:00-04:00,11.451518835598279,11.512634289044211,11.382763768333186,11.413321495056152,66500,0.0,0.0
2023-06-06 00:00:00-04:00,11.41332167131914,11.462978433356886,11.390403558061395,11.451519012451172,143200,0.0,0.0
2023-06-07 00:00:00-04:00,11.504996229901499,11.711260717954042,11.428601543331684,11.642505645751953,143000,0.0,0.0
2023-06-08 00:00:00-04:00,11.642504868737019,11.680702209472656,11.543192074245836,11.680702209472656,70400,0.0,0.0
2023-06-09 00:00:00-04:00,11.680701891996296,11.680701891996296,11.634864938648626,11.665423393249512,53000,0.0,0.0
2023-06-12 00:00:00-04:00,11.657785124272506,11.802934157600715,11.610420388442211,11.749458312988281,75800,0.0,0.0
2023-06-13 00:00:00-04:00,11.795294329929103,11.948083703581576,11.711260757263224,11.909886360168457,64800,0.0,0.0
2023-06-14 00:00:00-04:00,11.935097288680398,12.070315412398045,11.82585283563085,11.871689796447754,110900,0.0,0.0
2023-06-15 00:00:00-04:00,11.955723300796238,11.955723300796238,11.787656145464352,11.802934646606445,116100,0.0,0.0
2023-06-16 00:00:00-04:00,11.802933857385879,12.391170318821722,11.780015742928306,12.146708488464355,595900,0.0,0.0
2023-06-20 00:00:00-04:00,12.215463176677058,12.368252544404697,12.00919869593067,12.268939018249512,170400,0.0,0.0
2023-06-21 00:00:00-04:00,12.28421871067065,12.375892626193117,12.039756878754012,12.215463638305664,121900,0.0,0.0
2023-06-22 00:00:00-04:00,12.253661392844446,12.2910944823902,12.177265979518676,12.20018482208252,95300,0.0,0.0
2023-06-23 00:00:00-04:00,12.100872096787425,12.22310301032205,11.497356414794922,11.497356414794922,1572700,0.0,0.0
2023-06-26 00:00:00-04:00,11.497356223327426,12.001559097538037,11.497356223327426,11.864048957824707,230700,0.0,0.0
2023-06-27 00:00:00-04:00,11.917525974561826,12.223103264759319,11.86404940236197,11.909886360168457,263900,0.0,0.0
2023-06-28 00:00:00-04:00,11.917525148496443,12.184905076747329,11.841130466965517,11.986279487609863,144900,0.0,0.0
2023-06-29 00:00:00-04:00,12.057158689130384,12.057158689130384,11.789396724288885,11.868149757385254,85700,0.47,0.0
2023-06-30 00:00:00-04:00,11.931153297424316,12.183164973242537,11.813023364203005,11.931153297424316,110800,0.0,0.0
2023-07-03 00:00:00-04:00,11.946904240070145,12.002031441566071,11.79333517815904,11.891777038574219,41900,0.0,0.0
2023-07-05 00:00:00-04:00,11.931153067307472,12.104410950268651,11.820898665374544,12.002031326293945,105400,0.0,0.0
2023-07-06 00:00:00-04:00,12.025657506427368,12.080784705528565,11.891776521994386,11.970529556274414,52500,0.0,0.0
2023-07-07 00:00:00-04:00,12.009905543381624,12.08078379462559,11.891775625342813,11.915401458740234,74200,0.0,0.0
2023-07-10 00:00:00-04:00,11.93902819818025,12.112286075363706,11.931152669432874,12.08866024017334,134500,0.0,0.0
2023-07-11 00:00:00-04:00,12.120160872005863,12.151662234040797,11.946903005287862,12.017781257629395,130600,0.0,0.0
2023-07-12 00:00:00-04:00,12.017783753683094,12.28554576211918,12.017783753683094,12.1989164352417,132600,0.0,0.0
2023-07-13 00:00:00-04:00,12.22254024417626,12.283180158352629,12.151661993239275,12.191038131713867,58700,0.0,0.0
2023-07-14 00:00:00-04:00,12.191038689061825,12.191038689061825,11.899650894928364,11.939027786254883,68400,0.0,0.0
2023-07-17 00:00:00-04:00,11.970529415535166,12.096534869743156,11.919339981407578,12.03353214263916,63500,0.0,0.0
2023-07-18 00:00:00-04:00,11.978405171370142,12.128036463317118,11.946903807220686,11.962654113769531,58700,0.0,0.0
2023-07-19 00:00:00-04:00,12.05715855618725,12.143787116953607,12.017781664547366,12.049283027648926,56000,0.0,0.0
2023-07-20 00:00:00-04:00,12.049283113738635,12.072908948470674,11.918552042854655,12.041407585144043,49200,0.0,0.0
2023-07-21 00:00:00-04:00,12.120161799359977,12.120161799359977,11.82877399047884,11.852399826049805,49100,0.0,0.0
2023-07-24 00:00:00-04:00,11.891776924361018,12.049283749302187,11.868150337331004,12.002031326293945,63700,0.0,0.0
2023-07-25 00:00:00-04:00,11.923277714346035,12.049283168222326,11.891776350876963,11.98628044128418,62000,0.0,0.0
2023-07-26 00:00:00-04:00,12.002031326293945,12.096535421258647,11.978405490315716,12.002031326293945,58300,0.0,0.0
2023-07-27 00:00:00-04:00,12.049283981697425,12.049283981697425,11.891777153718412,11.931153297424316,45300,0.0,0.0
2023-07-28 00:00:00-04:00,12.00203234173896,12.08866166607481,11.876026871125193,11.946905136108398,109000,0.0,0.0
2023-07-31 00:00:00-04:00,11.860275559372784,12.072909585280417,11.860275559372784,12.002031326293945,98100,0.0,0.0
2023-08-01 00:00:00-04:00,12.009905543381624,12.033531376779045,11.86814904089369,11.915401458740234,51600,0.0,0.0
2023-08-02 00:00:00-04:00,11.90752693935252,11.970529667784138,11.852399739737795,11.860275268554688,82000,0.0,0.0
2023-08-03 00:00:00-04:00,11.83664857184143,12.0492833416062,11.765770315253173,11.970529556274414,98100,0.0,0.0
2023-08-04 00:00:00-04:00,12.025658157908433,12.395799016285366,11.995731747903182,12.26585578918457,163200,0.0,0.0
2023-08-07 00:00:00-04:00,12.340670898009238,12.443050516465394,12.214665444848352,12.261917114257812,109500,0.0,0.0
2023-08-08 00:00:00-04:00,12.301293823597023,12.301293823597023,12.104410118191723,12.159537315368652,78900,0.0,0.0
2023-08-09 00:00:00-04:00,12.348545689819034,12.403672884524823,12.167412298418773,12.191038131713867,115600,0.0,0.0
2023-08-10 00:00:00-04:00,12.222542577241,12.246168415045846,11.364129376129254,11.954780578613281,245600,0.0,0.0
2023-08-11 00:00:00-04:00,12.002030795089377,12.002030795089377,11.781521249931393,11.81302261352539,83800,0.0,0.0
2023-08-14 00:00:00-04:00,11.844524206078226,11.860275263705574,11.616139127844042,11.742144584655762,84800,0.0,0.0
2023-08-15 00:00:00-04:00,11.765770796545173,11.876025950309435,11.694893288109352,11.726394653320312,95100,0.0,0.0
2023-08-16 00:00:00-04:00,11.757896018531275,11.81302321988751,11.66339192289839,11.726394653320312,80200,0.0,0.0
2023-08-17 00:00:00-04:00,11.726394453776933,11.915402641826427,11.726394453776933,11.844524383544922,100000,0.0,0.0
2023-08-18 00:00:00-04:00,11.844524759520997,11.883901654377512,11.770496587737687,11.828774452209473,85000,0.0,0.0
2023-08-21 00:00:00-04:00,11.860275700216706,11.860275700216706,11.127868016727998,11.167244911193848,215500,0.0,0.0
2023-08-22 00:00:00-04:00,11.20662018386081,11.3767281444415,11.14361745803144,11.159368515014648,58000,0.0,0.0
2023-08-23 00:00:00-04:00,11.167244622176485,11.34050175165932,11.096366364182702,11.175119400024414,97500,0.0,0.0
2023-08-24 00:00:00-04:00,11.175119433153139,11.411380043482223,11.175119433153139,11.34050178527832,52800,0.0,0.0
2023-08-25 00:00:00-04:00,11.39562996939149,11.470445242532902,11.245997921005083,11.387754440307617,44900,0.0,0.0
2023-08-28 00:00:00-04:00,11.4271310184044,11.694892991430828,11.419255489538502,11.466507911682129,90600,0.0,0.0
2023-08-29 00:00:00-04:00,11.435005760798367,11.687016658760298,11.435005760798367,11.671265602111816,52000,0.0,0.0
2023-08-30 00:00:00-04:00,11.710643259672525,12.065033795905306,11.694892953044192,12.025657653808594,159800,0.0,0.0
2023-08-31 00:00:00-04:00,12.002032024042766,12.167414387608593,11.852400719412651,11.907527923583984,88400,0.0,0.0
2023-09-01 00:00:00-04:00,11.931152577710067,12.017781891161697,11.827198002409514,11.978404998779297,74800,0.0,0.0
2023-09-05 00:00:00-04:00,11.876024141796085,11.931151334757402,11.550772201220969,11.765769004821777,126500,0.0,0.0
2023-09-06 00:00:00-04:00,11.805146806375761,11.954778843206183,11.722456010536634,11.939027786254883,73000,0.0,0.0
2023-09-07 00:00:00-04:00,11.954778938344244,12.183164008593494,11.915402046704358,12.049283027648926,123300,0.0,0.0
2023-09-08 00:00:00-04:00,12.120160872005863,12.120160872005863,11.907526114981264,12.017781257629395,67700,0.0,0.0
2023-09-11 00:00:00-04:00,12.104411125183105,12.2461676452045,12.057159452543837,12.104411125183105,103600,0.0,0.0
2023-09-12 00:00:00-04:00,12.159537516129024,12.159537516129024,11.608263282102698,11.702767372131348,118300,0.0,0.0
2023-09-13 00:00:00-04:00,11.77364600064249,11.77364600064249,11.494071485993308,11.568886756896973,85100,0.0,0.0
2023-09-14 00:00:00-04:00,11.647640351901,11.844524063563325,11.576762095534283,11.805147171020508,107900,0.0,0.0
2023-09-15 00:00:00-04:00,11.868150422927341,12.072909672353534,11.679142231634758,11.994155883789062,505700,0.0,0.0
2023-09-18 00:00:00-04:00,12.135911481014501,12.289480530894082,11.90752641278642,12.159537315368652,127500,0.0,0.0
2023-09-19 00:00:00-04:00,12.19103885909188,12.351696337608228,12.17528855297264,12.261917114257812,84200,0.0,0.0
2023-09-20 00:00:00-04:00,12.3406713063019,12.458801234785637,12.285544106483059,12.293418884277344,89900,0.0,0.0
2023-09-21 00:00:00-04:00,12.261917894768306,12.35642199065446,12.128036904499973,12.277668952941895,81000,0.0,0.0
2023-09-22 00:00:00-04:00,12.26191754149037,12.340671327985753,12.072909355163574,12.072909355163574,97500,0.0,0.0
2023-09-25 00:00:00-04:00,12.088660005659863,12.191038873182606,11.970529329896184,12.041407585144043,127500,0.0,0.0
2023-09-26 00:00:00-04:00,11.978405085017943,12.072909176785034,11.93115266360852,11.970529556274414,61700,0.0,0.0
2023-09-27 00:00:00-04:00,11.978404904982268,12.021719561368906,11.85239945118668,11.868149757385254,98000,0.0,0.0
2023-09-28 00:00:00-04:00,11.908792641826789,12.020971429690617,11.803118028209544,11.949437141418457,102400,0.47,0.0
2023-09-29 00:00:00-04:00,12.112014495960901,12.112014495960901,11.868149046223865,11.96569538116455,59100,0.0,0.0
2023-10-02 00:00:00-04:00,11.957566992547335,11.957566992547335,11.713700753989459,11.884407043457031,81500,0.0,0.0
2023-10-03 00:00:00-04:00,11.860021166293134,11.860021166293134,11.583639468961895,11.73808765411377,143800,0.0,0.0
2023-10-04 00:00:00-04:00,11.729958757330746,11.843762432444919,11.673056144544264,11.803118705749512,84400,0.0,0.0
2023-10-05 00:00:00-04:00,11.827504498016664,12.055112611951195,11.794989053168875,11.981952667236328,60500,0.0,0.0
2023-10-06 00:00:00-04:00,11.916923662344646,12.038857181231117,11.75515962811445,11.957568168640137,43200,0.0,0.0
2023-10-09 00:00:00-04:00,11.876278377479844,12.076248808188218,11.876278377479844,12.046984672546387,47900,0.0,0.0
2023-10-10 00:00:00-04:00,12.071371747423147,12.177046370733247,11.973824629364032,11.990082740783691,62300,0.0,0.0
2023-10-11 00:00:00-04:00,11.981953398579282,12.278656947828944,11.981953398579282,12.209562301635742,95500,0.0,0.0
2023-10-12 00:00:00-04:00,12.233949392450194,12.250206729181253,12.01446953236005,12.177046775817871,74100,0.0,0.0
2023-10-13 00:00:00-04:00,12.177045936135135,12.290850386322813,12.144530489685712,12.168917655944824,42200,0.0,0.0
2023-10-16 00:00:00-04:00,12.242078576727181,12.282722306595497,12.046985107303772,12.193305015563965,66200,0.0,0.0
2023-10-17 00:00:00-04:00,12.217691253827532,12.266464814373165,12.0307276180664,12.128273963928223,56200,0.0,0.0
2023-10-18 00:00:00-04:00,12.063243291736853,12.120145134077108,11.827506091032216,11.8762788772583,52000,0.0,0.0
2023-10-19 00:00:00-04:00,11.860021359931377,11.908794145415888,11.681186004286129,11.76247501373291,53700,0.0,0.0
2023-10-20 00:00:00-04:00,11.803119595594476,11.933181391375774,11.786861483507089,11.794990539550781,57700,0.0,0.0
2023-10-23 00:00:00-04:00,11.811247435186571,11.868150050137318,11.608025693062505,11.648670196533203,57100,0.0,0.0
2023-10-24 00:00:00-04:00,11.681185658227768,11.834821400888424,11.624283818438425,11.673056602478027,36200,0.0,0.0
2023-10-25 00:00:00-04:00,11.681185579906925,11.74215194716237,11.518608342149268,11.640541076660156,56400,0.0,0.0
2023-10-26 00:00:00-04:00,11.632412782086089,11.803119075331946,11.591768278888615,11.616154670715332,44100,0.0,0.0
2023-10-27 00:00:00-04:00,11.567380505094913,11.595832198501377,11.2666124375767,11.404803276062012,86700,0.0,0.0
2023-10-30 00:00:00-04:00,11.477964026257643,11.503163634186564,11.274742281936023,11.339773178100586,54400,0.0,0.0
2023-10-31 00:00:00-04:00,11.40480443402362,11.559253398708544,11.331644479723334,11.453577995300293,39900,0.0,0.0
2023-11-01 00:00:00-04:00,11.429191602276685,11.532428133813736,11.291000749760471,11.453577995300293,42000,0.0,0.0
2023-11-02 00:00:00-04:00,11.51047928645403,11.648670132355393,11.51047928645403,11.640541076660156,52400,0.0,0.0
2023-11-03 00:00:00-04:00,11.762475090605458,11.843763325354042,11.664928743769485,11.794990539550781,48200,0.0,0.0
2023-11-06 00:00:00-05:00,11.892536912580569,11.894162568746998,11.689315162417325,11.84376335144043,52800,0.0,0.0
2023-11-07 00:00:00-05:00,11.80311885678486,12.25833511352539,11.80311885678486,12.25833511352539,89200,0.0,0.0
2023-11-08 00:00:00-05:00,12.274594031243598,12.648522082897136,12.211188789317816,12.5428466796875,117500,0.0,0.0
2023-11-09 00:00:00-05:00,12.485943401793321,12.624134246738036,12.290850717834694,12.323366165161133,33600,0.0,0.0
2023-11-10 00:00:00-05:00,12.339624803633956,12.591619337372645,12.255896922388414,12.526588439941406,48500,0.0,0.0
2023-11-13 00:00:00-05:00,12.485943322055995,12.485943322055995,12.209562409160995,12.290850639343262,31400,0.0,0.0
2023-11-14 00:00:00-05:00,12.477816146538116,12.681037902832031,12.303045312088633,12.681037902832031,97000,0.0,0.0
2023-11-15 00:00:00-05:00,12.689166562072044,12.705424675170232,12.372141108952409,12.469687461853027,92600,0.0,0.0
2023-11-16 00:00:00-05:00,12.469686719953462,12.50626669701851,12.128274117499314,12.193305015563965,65700,0.0,0.0
2023-11-17 00:00:00-05:00,12.22582047758287,12.355882273850327,12.136403186456356,12.217691421508789,169200,0.0,0.0
2023-11-20 00:00:00-05:00,12.315237201783765,12.429041655893588,12.217690859073667,12.380268096923828,56500,0.0,0.0
2023-11-21 00:00:00-05:00,12.347753524780273,12.41278519976035,12.307109793858253,12.347753524780273,26800,0.0,0.0
2023-11-22 00:00:00-05:00,12.420912427818417,12.429041483405467,12.152659795281059,12.290850639343262,53200,0.0,0.0
2023-11-24 00:00:00-05:00,12.39652647820608,12.51033093479352,12.355881974051321,12.43717098236084,67400,0.0,0.0
2023-11-27 00:00:00-05:00,12.380269240864314,12.429042804340764,12.307110058493876,12.404656410217285,28300,0.0,0.0
2023-11-28 00:00:00-05:00,12.396527365556713,12.494073717372899,12.355882858492595,12.42904281616211,74100,0.0,0.0
2023-11-29 00:00:00-05:00,12.4534289151523,12.681037839225041,12.4534289151523,12.672908782958984,76700,0.0,0.0
2023-11-30 00:00:00-05:00,12.721681223544707,12.794841177487315,12.567233034844328,12.583490371704102,60100,0.0,0.0
2023-12-01 00:00:00-05:00,12.54284613101385,12.746067872474324,12.469686180051372,12.729809761047363,71800,0.0,0.0
2023-12-04 00:00:00-05:00,12.632263837939446,12.884259146825093,12.632263837939446,12.851743698120117,59500,0.0,0.0
2023-12-05 00:00:00-05:00,12.876131120978345,12.965548418263372,12.789151920499899,12.884260177612305,77000,0.0,0.0
2023-12-06 00:00:00-05:00,12.884258464621924,12.900515800498887,12.511956092763695,12.607876777648926,54400,0.0,0.0
2023-12-07 00:00:00-05:00,12.575363514835837,12.721682664059768,12.575363514835837,12.713554382324219,44500,0.0,0.0
2023-12-08 00:00:00-05:00,12.58348998580481,12.82735623305835,12.58348998580481,12.746068000793457,83600,0.0,0.0
2023-12-11 00:00:00-05:00,12.819228935613657,12.819228935613657,12.689166358602208,12.794841766357422,48100,0.0,0.0
2023-12-12 00:00:00-05:00,12.811099803534482,12.81516433171985,12.746068903027563,12.76232624053955,28900,0.0,0.0
2023-12-13 00:00:00-05:00,12.7948413352195,12.998063087463379,12.762325885869659,12.998063087463379,68700,0.0,0.0
2023-12-14 00:00:00-05:00,12.989933954706697,13.006192066900462,12.859872158074406,12.965547561645508,102100,0.0,0.0
2023-12-15 00:00:00-05:00,13.006192066900462,13.006192066900462,12.835485765013216,12.965547561645508,129700,0.0,0.0
2023-12-18 00:00:00-05:00,13.079352427351527,13.193156115322997,12.892388007466353,13.176898002624512,93700,0.0,0.0
2023-12-19 00:00:00-05:00,13.168769005078993,13.672758037972391,13.168769005078993,13.664628982543945,133200,0.0,0.0
2023-12-20 00:00:00-05:00,13.705275404248912,13.705275404248912,13.323217519499217,13.339475631713867,138200,0.0,0.0
2023-12-21 00:00:00-05:00,13.412635313227327,13.680887957473518,13.412635313227327,13.607728004455566,103600,0.0,0.0
2023-12-22 00:00:00-05:00,13.632115273870264,13.640244329872713,13.48579536674396,13.575213432312012,91900,0.0,0.0
2023-12-26 00:00:00-05:00,13.640243588244738,13.754047265173671,13.599598310442396,13.737789154052734,225400,0.0,0.0
2023-12-27 00:00:00-05:00,13.819078367357545,14.347454583076507,13.778434639401793,14.20113468170166,245100,0.0,0.0
2023-12-28 00:00:00-05:00,14.099151653620028,14.192636600761244,13.487253349694903,13.640227317810059,257400,0.76,0.0
2023-12-29 00:00:00-05:00,13.623232984193777,13.84419639918301,13.555243555322406,13.750711441040039,97300,0.0,0.0
2024-01-02 00:00:00-05:00,13.869691426500205,13.869691426500205,13.376773527013487,13.589238166809082,117800,0.0,0.0
2024-01-03 00:00:00-05:00,13.597736288620768,13.597736288620768,13.317283042507023,13.32578182220459,122500,0.0,0.0
2024-01-04 00:00:00-05:00,13.232296286489897,13.47025724466163,13.232296286489897,13.385271072387695,108800,0.0,0.0
2024-01-05 00:00:00-05:00,13.444762148227742,13.614734508471514,13.393771088545234,13.538247108459473,100800,0.0,0.0
2024-01-08 00:00:00-05:00,13.504252798508375,13.58923816814198,13.427765398496334,13.538247108459473,84300,0.0,0.0
2024-01-09 00:00:00-05:00,13.563741161797267,13.563741161797267,13.342777765924325,13.402268409729004,83000,0.0,0.0
2024-01-10 00:00:00-05:00,13.419266397256193,13.72521518177448,13.415017007271295,13.60623550415039,113100,0.0,0.0
2024-01-11 00:00:00-05:00,13.597736947583705,13.700570079638243,13.478756457516567,13.563742637634277,79400,0.0,0.0
2024-01-12 00:00:00-05:00,13.708217683106337,13.85269370128558,13.66572540404396,13.82719898223877,112400,0.0,0.0
2024-01-16 00:00:00-05:00,13.878190576800876,14.235131246017698,13.606236089964556,13.648728370666504,109600,0.0,0.0
2024-01-17 00:00:00-05:00,13.597738134366825,13.669125948344725,13.393772256868527,13.495755195617676,96000,0.0,0.0
2024-01-18 00:00:00-05:00,13.504253195429325,13.525499335840127,13.121816184128416,13.232297897338867,135300,0.0,0.0
2024-01-19 00:00:00-05:00,13.325782551246183,13.402269951732352,13.088671771836722,13.393771171569824,72200,0.0,0.0
2024-01-22 00:00:00-05:00,13.597737450677435,13.708218354234477,13.495754517055952,13.674224853515625,96900,0.0,0.0
2024-01-23 00:00:00-05:00,13.81020201293559,13.81020201293559,13.631732488067966,13.767709732055664,63900,0.0,0.0
2024-01-24 00:00:00-05:00,13.80170235501171,13.810201134842641,13.597736501998908,13.6232328414917,58300,0.0,0.0
2024-01-25 00:00:00-05:00,13.742214196988364,13.793205261230469,13.623234506764552,13.793205261230469,42400,0.0,0.0
2024-01-26 00:00:00-05:00,13.844197134420822,13.844197134420822,13.640229647462663,13.767709732055664,49300,0.0,0.0
2024-01-29 00:00:00-05:00,13.835696813541228,13.929180145263672,13.750710640267382,13.929180145263672,60700,0.0,0.0
2024-01-30 00:00:00-05:00,13.85269304440668,13.895186942430588,13.665724756030881,13.716715812683105,49600,0.0,0.0
2024-01-31 00:00:00-05:00,13.640229084362435,13.886688842026091,13.478756316415089,13.487255096435547,80600,0.0,0.0
2024-02-01 00:00:00-05:00,13.427765316018094,13.86119256261026,13.334280356360582,13.73371410369873,119000,0.0,0.0
2024-02-02 00:00:00-05:00,13.708219043478806,13.708219043478806,13.4830070243409,13.495755195617676,95000,0.0,0.0
2024-02-05 00:00:00-05:00,13.580738358760321,13.580738358760321,13.223798536570072,13.368273735046387,58600,0.0,0.0
2024-02-06 00:00:00-05:00,13.359775324293716,13.478754990926692,13.359775324293716,13.402268409729004,29100,0.0,0.0
2024-02-07 00:00:00-05:00,13.436264574969206,13.466009495742844,13.194054197623231,13.206802368164062,52100,0.0,0.0
2024-02-08 00:00:00-05:00,13.189805530465982,13.393771394836909,13.188105126014504,13.376773834228516,60600,0.0,0.0
2024-02-09 00:00:00-05:00,13.504253107326567,13.512751077142466,13.172807969857589,13.376773834228516,89300,0.0,0.0
2024-02-12 00:00:00-05:00,13.385270789265633,13.640227679718237,13.385270789265633,13.597735404968262,93300,0.0,0.0
2024-02-13 00:00:00-05:00,13.470257537613234,13.512749814186119,13.121814872102725,13.147311210632324,168600,0.0,0.0
2024-02-14 00:00:00-05:00,13.232297308908601,13.283289178310586,13.155809910049756,13.266291618347168,85900,0.0,0.0
2024-02-15 00:00:00-05:00,13.266289960709697,13.648726096729836,13.198301350327812,13.640227317810059,124100,0.0,0.0
2024-02-16 00:00:00-05:00,13.640227679718237,13.79320246238035,13.538245571927746,13.597735404968262,134300,0.0,0.0
2024-02-20 00:00:00-05:00,13.572239878020639,13.69122035458986,13.512749234491935,13.597735404968262,89200,0.0,0.0
2024-02-21 00:00:00-05:00,13.52974832768485,13.682723127701415,13.445612349773393,13.563742637634277,69100,0.0,0.0
2024-02-22 00:00:00-05:00,13.572241275663584,13.572241275663584,13.393770947675323,13.487255096435547,53200,0.0,0.0
2024-02-23 00:00:00-05:00,13.512749601386071,13.74221178160953,13.410766680338382,13.657225608825684,76100,0.0,0.0
2024-02-26 00:00:00-05:00,13.606234184113532,13.79320246238035,13.597735404968262,13.597735404968262,49200,0.0,0.0
2024-02-27 00:00:00-05:00,13.606235282505006,13.742212517853622,13.521249105167993,13.725214958190918,62800,0.0,0.0
2024-02-28 00:00:00-05:00,13.614733697687607,13.742212149790564,13.614733697687607,13.665724754333496,75800,0.0,0.0
2024-02-29 00:00:00-05:00,13.767708921716812,13.895187377830084,13.691221523853544,13.844196319580078,76300,0.0,0.0
2024-03-01 00:00:00-05:00,13.844196177329325,13.920681953430176,13.767708780251974,13.920681953430176,42700,0.0,0.0
2024-03-04 00:00:00-05:00,13.929181037118846,13.929181037118846,13.70821762084961,13.70821762084961,45800,0.0,0.0
2024-03-05 00:00:00-05:00,13.725214958190918,13.771957436775098,13.682722680010665,13.725214958190918,42200,0.0,0.0
2024-03-06 00:00:00-05:00,13.827198695190633,13.852693413708181,13.674223900179314,13.725214958190918,51400,0.0,0.0
2024-03-07 00:00:00-05:00,13.801701539004705,13.801701539004705,13.597735698051109,13.699719429016113,73300,0.0,0.0
2024-03-08 00:00:00-05:00,13.725215101280176,13.903686237646165,13.716716321360222,13.750711441040039,77900,0.0,0.0
2024-03-11 00:00:00-04:00,13.869690895704109,13.988670570723764,13.80170227841052,13.920681953430176,88400,0.0,0.0
2024-03-12 00:00:00-04:00,14.014167878917139,14.014167878917139,13.631732488067966,13.767709732055664,74600,0.0,0.0
2024-03-13 00:00:00-04:00,13.835698354049514,13.889239211509802,13.742213390941743,13.767709732055664,56900,0.0,0.0
2024-03-14 00:00:00-04:00,13.733714783402675,13.844197308643432,13.427765980580133,13.555244445800781,106900,0.0,0.0
2024-03-15 00:00:00-04:00,13.572241913555446,13.793204531054641,13.512751261104466,13.776206970214844,154100,0.0,0.0
2024-03-18 00:00:00-04:00,13.767708488601743,13.997169053996481,13.60623491808388,13.665724754333496,176900,0.0,0.0
2024-03-19 00:00:00-04:00,13.631730159866617,13.742211043871052,13.572239517916342,13.640227317810059,107400,0.0,0.0
2024-03-20 00:00:00-04:00,13.53824644580906,13.793203352718898,13.53824644580906,13.742212295532227,116800,0.0,0.0
2024-03-21 00:00:00-04:00,13.708217321149366,13.980173411287993,13.708217321149366,13.869690895080566,227100,0.0,0.0
2024-03-22 00:00:00-04:00,13.844195435646963,13.869690152655904,13.67422309103076,13.699719429016113,136700,0.0,0.0
2024-03-25 00:00:00-04:00,13.69972038230468,13.856943758380314,13.69972038230468,13.801702499389648,113300,0.0,0.0
2024-03-26 00:00:00-04:00,13.929181782325179,13.936831170999646,13.65722729266789,13.674224853515625,206900,0.0,0.0
2024-03-27 00:00:00-04:00,13.8580637585187,13.882575703904074,13.661091576135485,13.735503196716309,155300,0.47,0.0
2024-03-28 00:00:00-04:00,13.735502975534125,13.901835223507181,13.726749305805683,13.805538177490234,159300,0.0,0.0
2024-04-01 00:00:00-04:00,13.753012215223213,13.779274894599686,13.569171789836854,13.647960662841797,149300,0.0,0.0
2024-04-02 00:00:00-04:00,13.656715724501533,13.682978404948976,13.577926848283647,13.674223899841309,110700,0.0,0.0
2024-04-03 00:00:00-04:00,13.630452935869009,13.709241816287424,13.617322012383008,13.665470123291016,73200,0.0,0.0
2024-04-04 00:00:00-04:00,13.761767120097659,13.78802980023772,13.586681194371337,13.621698379516602,80100,0.0,0.0
2024-04-05 00:00:00-04:00,13.630451369813887,13.770520103408876,13.612943195552267,13.76176643371582,58900,0.0,0.0
2024-04-08 00:00:00-04:00,13.68297913443982,13.823047884127847,13.647961947017814,13.665470123291016,66100,0.0,0.0
2024-04-09 00:00:00-04:00,13.744258152133543,13.753012657165527,13.577926730903586,13.753012657165527,78800,0.0,0.0
2024-04-10 00:00:00-04:00,13.586681500179093,13.604189675708025,13.262771486700426,13.341560363769531,124100,0.0,0.0
2024-04-11 00:00:00-04:00,13.551663162932417,13.7530126035047,13.455366112582965,13.709240913391113,105400,0.0,0.0
2024-04-12 00:00:00-04:00,13.70048557451026,13.779274444944107,13.499136981068652,13.542908668518066,87400,0.0,0.0
2024-04-15 00:00:00-04:00,13.54290951501426,13.591057622830153,13.317048127978191,13.455366134643555,123200,0.0,0.0
2024-04-16 00:00:00-04:00,13.464120758462519,13.499137943944682,13.324052016533871,13.376577377319336,68800,0.0,0.0
2024-04-17 00:00:00-04:00,13.446611469106116,13.621698227757346,13.38533160450351,13.402840614318848,103500,0.0,0.0
2024-04-18 00:00:00-04:00,13.437857734428926,13.55166295817899,13.420348724697817,13.446611404418945,62100,0.0,0.0
2024-04-19 00:00:00-04:00,13.394087644707847,13.595436271410582,13.394087644707847,13.560419082641602,57200,0.0,0.0
2024-04-22 00:00:00-04:00,13.604189752551772,13.726750321448842,13.5078926994098,13.682978630065918,50000,0.0,0.0
2024-04-23 00:00:00-04:00,13.674223226980205,13.796783787830085,13.62169786866991,13.726749420166016,66700,0.0,0.0
2024-04-24 00:00:00-04:00,13.744258152133543,13.805538852481886,13.647961101408363,13.753012657165527,69900,0.0,0.0
2024-04-25 00:00:00-04:00,13.674223739796723,13.778400345657326,13.586681194371337,13.621698379516602,59500,0.0,0.0
2024-04-26 00:00:00-04:00,13.621698144107928,13.717995192874323,13.586680959567826,13.700486183166504,70200,0.0,0.0
2024-04-29 00:00:00-04:00,13.753012099321163,13.821295733024959,13.709240410812239,13.726749420166016,80000,0.0,0.0
2024-04-30 00:00:00-04:00,13.717996026216111,13.814293080832368,13.586681784932528,13.779275894165039,54300,0.0,0.0
2024-05-01 00:00:00-04:00,13.83180101857073,13.953485795415391,13.726749466718356,13.858063697814941,99000,0.0,0.0
2024-05-02 00:00:00-04:00,13.875573541932098,13.971870594870774,13.805539169817504,13.936853408813477,71700,0.0,0.0
2024-05-03 00:00:00-04:00,13.998132705688477,14.02001813300477,13.897458404232667,13.998132705688477,83500,0.0,0.0
2024-05-06 00:00:00-04:00,14.050658237351989,14.12069260747286,13.963115692138672,13.963115692138672,87400,0.0,0.0
2024-05-07 00:00:00-04:00,13.919344398347043,14.050658637343016,13.893081717522962,13.936853408813477,100200,0.0,0.0
2024-05-08 00:00:00-04:00,13.858064278725983,13.910590474291755,13.437858053702024,13.630452156066895,521600,0.0,0.0
2024-05-09 00:00:00-04:00,13.647961272234355,13.735503819023284,13.569172395711425,13.717995643615723,65000,0.0,0.0
2024-05-10 00:00:00-04:00,13.779274714902611,13.796783724175604,13.691732173164178,13.770520210266113,41000,0.0,0.0
2024-05-13 00:00:00-04:00,13.89308195955275,13.89308195955275,13.72675053160184,13.779275894165039,58200,0.0,0.0
2024-05-14 00:00:00-04:00,13.849309193108365,13.985876460979105,13.796783834619939,13.858063697814941,77200,0.0,0.0
2024-05-15 00:00:00-04:00,13.928098691084207,13.971870381706912,13.823047134515049,13.840556144714355,65000,0.0,0.0
2024-05-16 00:00:00-04:00,13.831801088228156,13.849309262853962,13.569171789836854,13.647960662841797,129800,0.0,0.0
2024-05-17 00:00:00-04:00,13.779275337385931,13.884326893143097,13.612943916155974,13.753012657165527,248200,0.0,0.0
2024-05-20 00:00:00-04:00,13.788029219539109,13.884326265914037,13.744257531232135,13.770520210266113,66100,0.0,0.0
2024-05-21 00:00:00-04:00,13.744258324164846,13.823047200687776,13.656715777375917,13.717995643615723,56000,0.0,0.0
2024-05-22 00:00:00-04:00,13.717996112179529,13.770521475071877,13.569172859191895,13.569172859191895,51200,0.0,0.0
2024-05-23 00:00:00-04:00,13.630451714596688,13.753012277030232,13.455365793174147,13.525400161743164,59900,0.0,0.0
2024-05-24 00:00:00-04:00,13.542908996328952,13.753012099321163,13.52977723931362,13.726749420166016,70500,0.0,0.0
2024-05-28 00:00:00-04:00,13.682977908461215,13.700486083165705,13.507891987038674,13.525400161743164,57200,0.0,0.0
2024-05-29 00:00:00-04:00,13.472874530247987,13.569171576363772,13.367822979519264,13.385331153869629,59400,0.0,0.0
2024-05-30 00:00:00-04:00,13.455366070780022,13.631327780262149,13.43785789571431,13.577926635742188,48600,0.0,0.0
2024-05-31 00:00:00-04:00,13.612943693114865,13.761766936718011,13.612943693114865,13.744257926940918,46000,0.0,0.0
2024-06-03 00:00:00-04:00,13.770520380820487,13.853686506146238,13.586680790430187,13.735503196716309,67500,0.0,0.0
2024-06-04 00:00:00-04:00,13.656715393066406,13.744257937391827,13.612943703465925,13.656715393066406,60200,0.0,0.0
2024-06-05 00:00:00-04:00,13.709240410812239,13.744257594644274,13.617320616331465,13.726749420166016,46300,0.0,0.0
2024-06-06 00:00:00-04:00,13.674224349499434,13.788030415014784,13.661092591406113,13.691733360290527,45200,0.0,0.0
2024-06-07 00:00:00-04:00,13.726749923386768,13.770520778624807,13.63482929066068,13.709240913391113,55500,0.0,0.0
2024-06-10 00:00:00-04:00,13.71799541838894,13.8002857616672,13.656715553155246,13.709240913391113,62300,0.0,0.0
2024-06-11 00:00:00-04:00,13.656715052501946,13.805538292506974,13.656715052501946,13.726749420166016,71200,0.0,0.0
2024-06-12 00:00:00-04:00,13.901835331005978,13.936852514817057,13.77927477022945,13.814291954040527,87600,0.0,0.0
2024-06-13 00:00:00-04:00,13.831801639614701,13.884327000461502,13.735503753269638,13.840556144714355,50700,0.0,0.0
2024-06-14 00:00:00-04:00,13.761767215551792,13.963115822814766,13.757389963018829,13.796784400939941,83000,0.0,0.0
2024-06-17 00:00:00-04:00,13.805538946805914,13.928098678588867,13.805538946805914,13.928098678588867,95000,0.0,0.0
2024-06-18 00:00:00-04:00,13.88432676343899,14.006887328115194,13.814292393588458,13.919343948364258,148200,0.0,0.0
2024-06-20 00:00:00-04:00,13.893081170544065,13.90095989099354,13.744257926940918,13.744257926940918,88800,0.0,0.0
2024-06-21 00:00:00-04:00,13.963116348547793,13.963116348547793,13.656716173583927,13.691733360290527,135800,0.0,0.0
2024-06-24 00:00:00-04:00,13.770521177956192,13.823047374590812,13.67422412481422,13.682978630065918,66000,0.0,0.0
2024-06-25 00:00:00-04:00,13.709240742262267,13.814292296298218,13.682978062472165,13.744257926940918,120500,0.0,0.0
2024-06-26 00:00:00-04:00,13.814291452108309,13.875572147707743,13.700485400138488,13.83180046081543,155700,0.0,0.0
2024-06-27 00:00:00-04:00,13.875573180538655,13.884326850668309,13.612943874511398,13.621698379516602,137100,0.0,0.0
2024-06-28 00:00:00-04:00,13.666833336875673,13.906047498736394,13.57656328957191,13.865426063537598,246800,0.47,0.0
2024-07-01 00:00:00-04:00,13.62169855558667,13.83834563991561,13.522401329609998,13.567536354064941,127400,0.0,0.0
2024-07-02 00:00:00-04:00,13.720994977363375,13.8744535446167,13.55941229506798,13.8744535446167,90000,0.0,0.0
2024-07-03 00:00:00-04:00,13.901533910283309,14.091100320918034,13.824804628338802,13.865426063537598,71500,0.0,0.0
2024-07-05 00:00:00-04:00,13.829317663163321,13.829317663163321,13.711966950717914,13.784183502197266,68400,0.0,0.0
2024-07-08 00:00:00-04:00,13.775156193133094,13.910560396486524,13.757101840217208,13.811264038085938,64900,0.0,0.0
2024-07-09 00:00:00-04:00,13.802237983648096,13.847373008728027,13.692109176721106,13.847373008728027,49700,0.0,0.0
2024-07-10 00:00:00-04:00,13.838346033308383,13.991804604290275,13.812167563422104,13.946669578552246,68300,0.0,0.0
2024-07-11 00:00:00-04:00,14.009858441218771,14.082074135379365,13.901534039098902,13.92861557006836,160000,0.0,0.0
2024-07-12 00:00:00-04:00,14.045966528785131,14.289694285530338,13.946669301954977,14.091100692749023,121600,0.0,0.0
2024-07-15 00:00:00-04:00,14.13623479829943,14.28066617970097,14.118181306063708,14.244558334350586,142200,0.0,0.0
2024-07-16 00:00:00-04:00,14.30774821801549,14.44315242767334,14.166927357879104,14.44315242767334,160800,0.0,0.0
2024-07-17 00:00:00-04:00,14.416071559255485,14.849366573771686,14.416071559255485,14.804230690002441,118700,0.0,0.0
2024-07-18 00:00:00-04:00,14.76812421250349,14.867419716693979,14.407044877845513,14.542449951171875,95700,0.0,0.0
2024-07-19 00:00:00-04:00,14.542450263395834,14.560502896153888,14.379964516267252,14.461207389831543,78800,0.0,0.0
2024-07-22 00:00:00-04:00,14.407044842856033,14.555989820538006,14.33482914827562,14.47926139831543,182100,0.0,0.0
2024-07-23 00:00:00-04:00,14.515368731621733,14.515368731621733,14.407045187162348,14.461207389831543,120700,0.0,0.0
2024-07-24 00:00:00-04:00,14.461206781429837,14.50634094406314,14.37093673440529,14.44315242767334,103800,0.0,0.0
2024-07-25 00:00:00-04:00,14.443151472635124,14.479260177760468,14.316773587333158,14.35288143157959,98000,0.0,0.0
2024-07-26 00:00:00-04:00,14.452179908752441,14.461207085820702,14.342953304511868,14.452179908752441,83400,0.0,0.0
2024-07-29 00:00:00-04:00,14.452180254837419,14.452180254837419,14.334829532776821,14.434125900268555,75100,0.0,0.0
2024-07-30 00:00:00-04:00,14.388990227282818,14.461206781429837,14.388990227282818,14.44315242767334,109300,0.0,0.0
2024-07-31 00:00:00-04:00,14.488286937091706,14.497314114186025,14.316774876694597,14.425098419189453,77700,0.0,0.0
2024-08-01 00:00:00-04:00,14.434125046038758,14.434125046038758,14.000830892576989,14.253585815429688,128900,0.0,0.0
2024-08-02 00:00:00-04:00,14.14526288033229,14.343856472911378,14.082074362143986,14.27164077758789,104900,0.0,0.0
2024-08-05 00:00:00-04:00,13.874452418114318,13.91507385090551,13.55580066794772,13.748074531555176,131700,0.0,0.0
2024-08-06 00:00:00-04:00,13.82029253954058,14.101031211618084,13.757103159155735,13.946669578552246,68300,0.0,0.0
2024-08-07 00:00:00-04:00,13.937641513470068,14.12720792079214,13.6126708984375,13.6126708984375,91200,0.0,0.0
2024-08-08 00:00:00-04:00,13.81126421118182,13.892507078563662,13.689399910109056,13.757102012634277,78800,0.0,0.0
2024-08-09 00:00:00-04:00,13.76612938622704,13.76612938622704,13.37796939690462,13.396023750305176,98700,0.0,0.0
2024-08-12 00:00:00-04:00,13.486292494840981,13.648778226631006,13.486292494840981,13.594616889953613,84500,0.0,0.0
2024-08-13 00:00:00-04:00,13.657805749425215,13.666832926060035,13.48629283687942,13.576562881469727,103700,0.0,0.0
2024-08-14 00:00:00-04:00,13.549482379686626,13.702940940856934,13.531428026194138,13.702940940856934,83900,0.0,0.0
2024-08-15 00:00:00-04:00,13.84737335507929,13.936740345403624,13.739049808705461,13.82931900024414,85200,0.0,0.0
2024-08-16 00:00:00-04:00,13.856399911248094,14.000831299937648,13.856399911248094,13.991804122924805,93400,0.0,0.0
2024-08-19 00:00:00-04:00,13.991804772952245,14.036939799234347,13.928616252684714,13.98277759552002,60400,0.0,0.0
2024-08-20 00:00:00-04:00,14.036939799234347,14.1091554969341,13.910561897820266,13.98277759552002,39200,0.0,0.0
2024-08-21 00:00:00-04:00,13.99180428530252,14.127208498550624,13.919588590119664,14.118182182312012,46700,0.0,0.0
2024-08-22 00:00:00-04:00,14.127208334601518,14.202132354225943,13.991804122924805,13.991804122924805,51400,0.0,0.0
2024-08-23 00:00:00-04:00,14.109153997569543,14.425097426211245,14.100126821096627,14.361908912658691,66300,0.0,0.0
2024-08-26 00:00:00-04:00,14.443152731684181,14.461207085820702,14.388990530153611,14.452179908752441,84800,0.0,0.0
2024-08-27 00:00:00-04:00,14.488286553565299,14.488286553565299,14.343856028274438,14.379963874816895,50100,0.0,0.0
2024-08-28 00:00:00-04:00,14.325800855451075,14.370935876268183,14.254488228480755,14.262612342834473,40800,0.0,0.0
2024-08-29 00:00:00-04:00,14.217477493527177,14.33482820471573,14.181369648613694,14.298720359802246,53100,0.0,0.0
2024-08-30 00:00:00-04:00,14.343855116177167,14.361908607860926,14.271639427684304,14.35288143157959,46200,0.0,0.0
2024-09-03 00:00:00-04:00,14.352882177044938,14.352882177044938,14.23553232280826,14.253585815429688,61700,0.0,0.0
2024-09-04 00:00:00-04:00,14.235532456375909,14.307748149297113,14.190397433080413,14.226505279541016,39300,0.0,0.0
2024-09-05 00:00:00-04:00,14.22650497510363,14.351979803435073,13.639751406576247,14.217477798461914,79000,0.0,0.0
2024-09-06 00:00:00-04:00,14.235532766759874,14.244559082912605,13.996317740693309,14.145262718200684,52500,0.0,0.0
2024-09-09 00:00:00-04:00,14.154290064628197,14.31677494874875,14.100127862668684,14.181370735168457,61300,0.0,0.0
2024-09-10 00:00:00-04:00,14.14526288033229,14.27164077758789,14.082074362143986,14.27164077758789,42200,0.0,0.0
2024-09-11 00:00:00-04:00,14.217478376963728,14.262613401129885,13.946669092845765,14.082074165344238,38700,0.0,0.0
2024-09-12 00:00:00-04:00,14.136234588049893,14.249071710701477,14.086585978601939,14.2355318069458,41900,0.0,0.0
2024-09-13 00:00:00-04:00,14.325801067645955,14.379963265604525,14.271639730566319,14.361908912658691,45400,0.0,0.0
2024-09-16 00:00:00-04:00,14.434125323050564,14.56952953338623,14.37093680634445,14.56952953338623,79900,0.0,0.0
2024-09-17 00:00:00-04:00,14.569528497058178,14.569528497058178,14.307747271930735,14.35288143157959,156600,0.0,0.0
2024-09-18 00:00:00-04:00,14.39801719657981,14.46571930043265,14.325801504352919,14.343855857849121,113700,0.0,0.0
2024-09-19 00:00:00-04:00,14.497313289377647,14.506340465958376,14.334828415319253,14.398016929626465,170100,0.0,0.0
2024-09-20 00:00:00-04:00,14.136235232950025,14.361909488548536,14.136235232950025,14.226505279541016,142100,0.0,0.0
2024-09-23 00:00:00-04:00,14.316774156642705,14.404335876119967,14.235532149516814,14.307747840881348,62600,0.0,0.0
2024-09-24 00:00:00-04:00,14.379963092999368,14.39350299666729,14.30233075367041,14.325800895690918,77200,0.0,0.0
2024-09-25 00:00:00-04:00,14.34385555472335,14.388989715752128,14.235532018672194,14.244558334350586,94200,0.0,0.0
2024-09-26 00:00:00-04:00,14.352881563905683,14.470233134887145,14.289693051111591,14.325800895690918,81700,0.0,0.0
2024-09-27 00:00:00-04:00,14.398016835789443,14.515367547937265,14.370936167102697,14.488286018371582,93100,0.0,0.0
2024-09-30 00:00:00-04:00,14.525483845471618,14.669622522412771,14.35809642266965,14.423192024230957,123900,0.47,0.0
2024-10-01 00:00:00-04:00,14.395293509557451,14.395293509557451,14.181410369023618,14.311600685119629,103000,0.0,0.0
2024-10-02 00:00:00-04:00,14.34879778500349,14.358096396481882,14.200009359161548,14.27440357208252,81500,0.0,0.0
2024-10-03 00:00:00-04:00,14.274403578642051,14.376695399743149,14.246505083647138,14.311600685119629,64700,0.0,0.0
2024-10-04 00:00:00-04:00,14.395293737071169,14.404593235549784,14.274403804245138,14.339498519897461,52600,0.0,0.0
2024-10-07 00:00:00-04:00,14.367395901411511,14.367395901411511,14.237206472164473,14.311600685119629,38400,0.0,0.0
2024-10-08 00:00:00-04:00,14.311600905335084,14.320899516960827,14.246505302860951,14.302301406860352,59200,0.0,0.0
2024-10-09 00:00:00-04:00,14.358096416173494,14.469688622556966,14.348797804682349,14.385994911193848,55700,0.0,0.0
2024-10-10 00:00:00-04:00,14.330198814485646,14.423192024230957,14.293001707957318,14.423192024230957,70800,0.0,0.0
2024-10-11 00:00:00-04:00,14.432491529071505,14.544082848706722,14.42784177989725,14.460389137268066,54800,0.0,0.0
2024-10-14 00:00:00-04:00,14.488286995446838,14.664973919721234,14.488286995446838,14.637075424194336,89400,0.0,0.0
2024-10-15 00:00:00-04:00,14.655674187929911,14.674272297802816,14.571980476379395,14.571980476379395,95800,0.0,0.0
2024-10-16 00:00:00-04:00,14.655674427055088,14.73936813997117,14.604528072084374,14.674272537231445,95000,0.0,0.0
2024-10-17 00:00:00-04:00,14.730068407615118,14.730068407615118,14.59057859268642,14.609177589416504,90200,0.0,0.0
2024-10-18 00:00:00-04:00,14.618477807566881,14.633356473574159,14.478987985769978,14.50688648223877,43100,0.0,0.0
2024-10-21 00:00:00-04:00,14.451089847096409,14.516184562775772,14.348798024336128,14.37669563293457,53300,0.0,0.0
2024-10-22 00:00:00-04:00,14.320899516960827,14.348798012385021,14.274403798285146,14.302301406860352,49300,0.0,0.0
2024-10-23 00:00:00-04:00,14.358096403079873,14.358096403079873,14.237206472164473,14.311600685119629,52800,0.0,0.0
2024-10-24 00:00:00-04:00,14.293001182802238,14.348797283969152,14.265103575643252,14.330198287963867,56100,0.0,0.0
2024-10-25 00:00:00-04:00,14.385995095092897,14.395293706702907,14.148863205482415,14.153512954711914,63100,0.0,0.0
2024-10-28 00:00:00-04:00,14.22790695411558,14.27440355886036,14.162811352733298,14.2000093460083,72100,0.0,0.0
2024-10-29 00:00:00-04:00,14.144213169604779,14.190709774108468,14.08841706683056,14.162811279296875,59700,0.0,0.0
2024-10-30 00:00:00-04:00,14.181410575300596,14.25580478933786,14.17211107683369,14.227907180786133,36500,0.0,0.0
2024-10-31 00:00:00-04:00,14.255804244541931,14.28835160108329,14.041921109070742,14.060519218444824,70800,0.0,0.0
2024-11-01 00:00:00-04:00,14.097717492710085,14.097717492710085,13.948929057987396,13.976826667785645,59900,0.0,0.0
2024-11-04 00:00:00-05:00,14.069818496704102,14.148862455718971,14.014022395755807,14.069818496704102,86500,0.0,0.0
2024-11-05 00:00:00-05:00,14.079118965355788,14.186060538793427,14.041921857775348,14.181410789489746,45900,0.0,0.0
2024-11-06 00:00:00-05:00,14.348798042032666,14.497586470539845,14.255804830791185,14.488286972045898,131200,0.0,0.0
2024-11-07 00:00:00-05:00,14.56268055368045,14.832359790346793,14.376695026125894,14.664973258972168,130400,0.0,0.0
2024-11-08 00:00:00-05:00,14.739368145817641,14.795163363217833,14.664973931384726,14.711469650268555,77600,0.0,0.0
2024-11-11 00:00:00-05:00,14.637074674784166,14.692870776132242,14.516183860904121,14.553380966186523,101500,0.0,0.0
2024-11-12 00:00:00-05:00,14.562680751184777,14.599877857200168,14.469688429570779,14.544082641601562,89600,0.0,0.0
2024-11-13 00:00:00-05:00,14.516184796107154,14.544083292003021,14.404593473070692,14.441790580749512,68000,0.0,0.0
2024-11-14 00:00:00-05:00,14.497586250305176,14.54408285521958,14.38599493061999,14.497586250305176,72400,0.0,0.0
2024-11-15 00:00:00-05:00,14.581279981170354,14.609177589416504,14.46038916297174,14.609177589416504,62600,0.0,0.0
2024-11-18 00:00:00-05:00,14.646374489429636,14.73471794895343,14.637074991195771,14.69287109375,51800,0.0,0.0
2024-11-19 00:00:00-05:00,14.692871837116579,14.804463161021888,14.637075731739419,14.776565551757812,46200,0.0,0.0
2024-11-20 00:00:00-05:00,14.74866676909703,14.785863876342773,14.64637494588348,14.785863876342773,53300,0.0,0.0
2024-11-21 00:00:00-05:00,14.78586322421196,14.87885643164935,14.771914863890618,14.850958824157715,73700,0.0,0.0
2024-11-22 00:00:00-05:00,14.878856379849745,14.962550088882232,14.852818494701674,14.925352096557617,50100,0.0,0.0
2024-11-25 00:00:00-05:00,14.96255111694336,15.064843829166579,14.943952119503134,14.96255111694336,70500,0.0,0.0
2024-11-26 00:00:00-05:00,14.981149440059731,14.981149440059731,14.897455729043916,14.916054725646973,59000,0.0,0.0
2024-11-27 00:00:00-05:00,14.96255111694336,15.046244831726353,14.925353122062909,14.96255111694336,70800,0.0,0.0
2024-11-29 00:00:00-05:00,14.962550676569089,15.009046395103182,14.906755459588586,14.981149673461914,42300,0.0,0.0
2024-12-02 00:00:00-05:00,14.953250971677084,15.083440400733512,14.84165965240773,15.06484317779541,187500,0.0,0.0
2024-12-03 00:00:00-05:00,15.064843090481316,15.092739811575754,14.87885667259471,14.953250885009766,56900,0.0,0.0
2024-12-04 00:00:00-05:00,14.94395137302672,14.94395137302672,14.841659552762167,14.878856658935547,82600,0.0,0.0
2024-12-05 00:00:00-05:00,14.906755847087691,15.092740499756673,14.823061245743338,15.074141502380371,146600,0.0,0.0
2024-12-06 00:00:00-05:00,15.102039072819053,15.102039072819053,14.832359835334747,14.888155937194824,163900,0.0,0.0
2024-12-09 00:00:00-05:00,14.850959367794195,15.111339116561853,14.84351959166124,15.055543899536133,139200,0.0,0.0
2024-12-10 00:00:00-05:00,15.055543899536133,15.12993811346975,14.995098046434455,15.055543899536133,94100,0.0,0.0
2024-12-11 00:00:00-05:00,15.064843839196492,15.092740561677383,14.989518431622834,15.036945343017578,102900,0.0,0.0
2024-12-12 00:00:00-05:00,15.064843545836712,15.104829793252943,14.99044933117299,15.00904655456543,108800,0.0,0.0
2024-12-13 00:00:00-05:00,14.981149612887426,15.027645331233519,14.916054897723713,15.018345832824707,132400,0.0,0.0
2024-12-16 00:00:00-05:00,15.046244621276855,15.103900448316319,15.009046626916687,15.046244621276855,115200,0.0,0.0
2024-12-17 00:00:00-05:00,15.064843829166579,15.064843829166579,14.888156900880478,14.96255111694336,133800,0.0,0.0
2024-12-18 00:00:00-05:00,14.943951331034288,14.971849825722652,14.553381273886812,14.65567398071289,173200,0.0,0.0
2024-12-19 00:00:00-05:00,14.785863637048784,14.878856847082641,14.646374708846976,14.683571815490723,116800,0.0,0.0
2024-12-20 00:00:00-05:00,14.599877414529686,14.906754638413307,14.59057791659556,14.860257148742676,244400,0.0,0.0
2024-12-23 00:00:00-05:00,14.888156371125472,14.906755367903902,14.748666555834182,14.83236026763916,95700,0.0,0.0
2024-12-24 00:00:00-05:00,14.888157129213372,15.0276460647583,14.860258632625168,15.0276460647583,103000,0.0,0.0
2024-12-26 00:00:00-05:00,15.074141502380371,15.083441001068522,14.990449561583038,15.074141502380371,165900,0.0,0.0
2024-12-27 00:00:00-05:00,15.111339337709154,15.14760614062172,14.916055188412258,15.046244621276855,187100,0.0,0.0
2024-12-30 00:00:00-05:00,15.083440076582711,15.083440076582711,14.84165933345292,14.888155937194824,313300,0.0,0.0
2024-12-31 00:00:00-05:00,14.868770499291799,15.022885636499883,14.859077467563939,14.94631290435791,237400,0.65,0.0
2025-01-02 00:00:00-05:00,15.023855748757908,15.208018735080698,15.0141627167466,15.072319984436035,123000,0.0,0.0
2025-01-03 00:00:00-05:00,15.09170479510314,15.216742686815179,15.09170479510314,15.130475997924805,96200,0.0,0.0
2025-01-06 00:00:00-05:00,15.130476000649574,15.17312497082596,14.946313018308103,14.956006050109863,168400,0.0,0.0
2025-01-07 00:00:00-05:00,14.926927471947172,14.94631353622245,14.762149623121006,14.829999923706055,141100,0.0,0.0
2025-01-08 00:00:00-05:00,14.859078398804112,14.859078398804112,14.703993578952497,14.771842956542969,81300,0.0,0.0
2025-01-10 00:00:00-05:00,14.752457078502546,14.878463719425191,14.592525750481188,14.70399284362793,217600,0.0,0.0
2025-01-13 00:00:00-05:00,14.655528722204457,14.791228396028181,14.548908144157647,14.713685989379883,182000,0.0,0.0
2025-01-14 00:00:00-05:00,14.771842428624856,14.90657243038433,14.733071225047562,14.810613632202148,228700,0.0,0.0
2025-01-15 00:00:00-05:00,14.975391803145174,14.975391803145174,14.84356989300035,14.92692756652832,165200,0.0,0.0
2025-01-16 00:00:00-05:00,14.985084658100751,15.091705237893978,14.912388766224531,15.082013130187988,182700,0.0,0.0
2025-01-17 00:00:00-05:00,15.072320192548927,15.266176213559714,15.03354898834677,15.178940773010254,201300,0.0,0.0
2025-01-21 00:00:00-05:00,15.266176441787673,15.353411883641295,15.159555859732377,15.19832706451416,157400,0.0,0.0
2025-01-22 00:00:00-05:00,15.130475871089866,15.145015418668004,14.829999282835386,14.859077453613281,158600,0.0,0.0
2025-01-23 00:00:00-05:00,14.907542521568693,14.917235553829558,14.718533014373989,14.762149810791016,140300,0.0,0.0
2025-01-24 00:00:00-05:00,14.752457505092318,14.82709181886765,14.713686300947174,14.742764472961426,105800,0.0,0.0
2025-01-27 00:00:00-05:00,14.771842531055613,14.926927346440173,14.71368618747561,14.733071327209473,106000,0.0,0.0
2025-01-28 00:00:00-05:00,14.723378408699643,14.80092174136835,14.723378408699643,14.742764472961426,116800,0.0,0.0
2025-01-29 00:00:00-05:00,14.742764245420096,14.791228480948128,14.577986399251833,14.72337818145752,161400,0.0,0.0
2025-01-30 00:00:00-05:00,14.762149085051936,14.849384522354173,14.742763945861654,14.781535148620605,127100,0.0,0.0
2025-01-31 00:00:00-05:00,14.742764268516838,14.92692725455779,14.742764268516838,14.897849082946777,123400,0.0,0.0
2025-02-03 00:00:00-05:00,14.723378408699643,14.975391697832283,14.684607204554501,14.742764472961426,231400,0.0,0.0
2025-02-04 00:00:00-05:00,14.742764072109615,14.91723494820815,14.68460680528397,14.878463745117188,108800,0.0,0.0
2025-02-05 00:00:00-05:00,14.839692751146039,14.985084533691406,14.839692751146039,14.985084533691406,156900,0.0,0.0
2025-02-06 00:00:00-05:00,15.052933705576843,15.159555207422693,14.99477736309583,15.140169143676758,90900,0.0,0.0
2025-02-07 00:00:00-05:00,15.159555736908276,15.159555736908276,15.004469994659223,15.101398468017578,79800,0.0,0.0
2025-02-10 00:00:00-05:00,15.130476237442139,15.251636363725117,15.030640596581081,15.23709774017334,128500,0.0,0.0
2025-02-11 00:00:00-05:00,15.237097651177939,15.401875495910645,15.203172963917394,15.401875495910645,147500,0.0,0.0
2025-02-12 00:00:00-05:00,15.304947427982933,15.387336352514843,15.246790159451647,15.266176223754883,138800,0.0,0.0
2025-02-13 00:00:00-05:00,15.334025600059364,15.334025600059364,15.178940783147166,15.266176223754883,113200,0.0,0.0
2025-02-14 00:00:00-05:00,15.304947233775863,15.508496284484863,15.281684326658535,15.508496284484863,108100,0.0,0.0
2025-02-18 00:00:00-05:00,15.54726875398218,15.576346001949693,15.464878904308213,15.537575721740723,128700,0.0,0.0
2025-02-19 00:00:00-05:00,15.508496625016345,15.552114345724478,15.440647248082998,15.537575721740723,77000,0.0,0.0
2025-02-20 00:00:00-05:00,15.508496284484863,15.550174658326796,15.469725080748788,15.508496284484863,91100,0.0,0.0
2025-02-21 00:00:00-05:00,15.556959568082073,15.556959568082073,14.985084545091087,15.072319984436035,1057600,0.0,0.0
2025-02-24 00:00:00-05:00,15.198326222984953,15.474571157306823,15.198326222984953,15.382489204406738,210800,0.0,0.0
2025-02-25 00:00:00-05:00,15.421260405204443,15.605424310982672,15.363104063448024,15.55695915222168,175600,0.0,0.0
2025-02-26 00:00:00-05:00,15.556960051048026,15.605425212609164,15.406722672100692,15.547268867492676,113700,0.0,0.0
2025-02-27 00:00:00-05:00,15.518188873969656,15.605424310982672,15.518188873969656,15.55695915222168,106900,0.0,0.0
2025-02-28 00:00:00-05:00,15.508496408675853,15.644195160649579,15.508496408675853,15.605424880981445,119700,0.0,0.0
2025-03-03 00:00:00-05:00,15.644194729826598,15.760509263141508,15.576345355708227,15.74112319946289,158400,0.0,0.0
2025-03-04 00:00:00-05:00,15.750816089752107,15.770202153256504,15.537574937474053,15.55695915222168,150500,0.0,0.0
2025-03-05 00:00:00-05:00,15.498803263630215,15.663581110721937,15.474571607919602,15.595731735229492,92300,0.0,0.0
2025-03-06 00:00:00-05:00,15.556959165876723,15.673273698248428,15.48910979230855,15.644194602966309,69800,0.0,0.0
2025-03-07 00:00:00-05:00,15.682966844212135,15.731430154611802,15.615117470149885,15.653887748718262,105500,0.0,0.0
2025-03-10 00:00:00-04:00,15.595731838277228,15.682967278417296,15.445493538246232,15.518189430236816,158100,0.0,0.0
2025-03-11 00:00:00-04:00,15.518188990750366,15.537575054400651,15.237097538469982,15.392182350158691,150200,0.0,0.0
2025-03-12 00:00:00-04:00,15.275868573736108,15.650979472592592,14.849384421894522,14.859077453613281,210000,0.0,0.0
2025-03-13 00:00:00-04:00,14.878464273926976,15.285562383040363,14.626450982689466,14.839693069458008,181500,0.0,0.0
2025-03-14 00:00:00-04:00,14.859078209503277,14.863924725609202,14.616757950477616,14.839693069458008,135200,0.0,0.0
2025-03-17 00:00:00-04:00,15.014162489851223,15.189602114463941,14.868770709392427,15.052933692932129,243000,0.0,0.0
2025-03-18 00:00:00-04:00,15.014162405423534,15.188633280495722,14.946313031508078,15.043241500854492,184100,0.0,0.0
2025-03-19 00:00:00-04:00,15.06262713993441,15.169247720250846,14.89784929120456,15.004469871520996,190500,0.0,0.0
2025-03-20 00:00:00-04:00,15.023856039762027,15.033549071961083,14.81061395327493,14.92692756652832,122400,0.0,0.0
2025-03-21 00:00:00-04:00,14.888156278017762,14.97539171855968,14.863924622035416,14.917235374450684,139100,0.0,0.0
2025-03-24 00:00:00-04:00,14.926926954704586,15.004469360361878,14.849384549047294,14.956006050109863,87700,0.0,0.0
2025-03-25 00:00:00-04:00,14.985084106890966,15.014162277696162,14.92692684090219,14.94631290435791,102300,0.0,0.0
2025-03-26 00:00:00-04:00,14.975391490161748,14.989931038156458,14.863924395337529,14.897849082946777,92000,0.0,0.0
2025-03-27 00:00:00-04:00,14.926927680007529,15.009316605568998,14.88815647529498,14.936620712280273,117900,0.0,0.0
2025-03-28 00:00:00-04:00,14.94631353622245,14.975391708256943,14.762149623121006,14.829999923706055,180200,0.0,0.0
2025-03-31 00:00:00-04:00,14.869999885559082,14.989999771118164,14.479999542236328,14.699999809265137,258800,0.47,0.0
2025-04-01 00:00:00-04:00,14.670000076293945,14.8100004196167,14.569999694824219,14.789999961853027,195093,0.0,0.0
