Date,Open,High,Low,Close,Volume,Dividends,Stock Splits
2021-10-21 00:00:00-04:00,8.193031722606761,8.473571054357484,7.912491782802833,8.224910736083984,2638500,0.0,0.0
2021-10-22 00:00:00-04:00,7.976252648757098,8.288671665604788,7.976252648757098,7.989004135131836,627600,0.0,0.0
2021-10-25 00:00:00-04:00,7.670207515585586,8.288669984698776,7.670207515585586,8.16752815246582,619900,0.0,0.0
2021-10-26 00:00:00-04:00,8.142025839641548,8.28867127024961,8.065514492829262,8.186656951904297,415500,0.0,0.0
2021-10-27 00:00:00-04:00,8.110145862987356,8.256791287263958,8.033635127531744,8.091017723083496,271600,0.0,0.0
2021-10-28 00:00:00-04:00,8.065514116607972,8.28229483700653,7.890177091137339,7.957123756408691,626800,0.0,0.0
2021-10-29 00:00:00-04:00,8.129273225044534,8.339677895166131,8.129273225044534,8.256791114807129,529300,0.0,0.0
2021-11-01 00:00:00-04:00,8.28229479872708,8.35880553356355,8.110145797358339,8.212160110473633,302200,0.0,0.0
2021-11-02 00:00:00-04:00,8.13564979273164,8.314174849835938,7.9826283152136694,8.186656951904297,267800,0.0,0.0
2021-11-03 00:00:00-04:00,8.170716834629529,8.28867127024961,8.142025839641548,8.186656951904297,115500,0.0,0.0
2021-11-04 00:00:00-04:00,8.193031582449478,8.256790216366419,8.001754464592267,8.078265190124512,192900,0.0,0.0
2021-11-05 00:00:00-04:00,8.045747131338608,8.234370121051905,7.701022485371446,7.870132923126221,250000,0.25,0.0
2021-11-08 00:00:00-05:00,7.909156188660237,8.097779134530525,7.707525084605465,7.837609767913818,264200,0.0,0.0
2021-11-09 00:00:00-05:00,7.902651555703596,8.052249402114123,7.720533004688444,8.000215530395508,120400,0.0,0.0
2021-11-10 00:00:00-05:00,7.974198194406198,8.195342448260055,7.831104744213824,7.96769380569458,135100,0.0,0.0
2021-11-11 00:00:00-05:00,8.013224761317735,8.032737931044949,7.759559757791593,7.831106185913086,244900,0.0,0.0
2021-11-12 00:00:00-05:00,7.8376097183037965,8.019728273782727,7.766062677717552,7.9221649169921875,115700,0.0,0.0
2021-11-15 00:00:00-05:00,8.149811563883805,8.36445140838623,8.065256379641546,8.36445140838623,203400,0.0,0.0
2021-11-16 00:00:00-05:00,8.33843784074578,8.37095917400575,8.05745448903647,8.17583179473877,99400,0.0,0.0
2021-11-17 00:00:00-05:00,8.247375524298374,8.416485272490299,8.214854204160183,8.36445140838623,98400,0.0,0.0
2021-11-18 00:00:00-05:00,8.325428878258565,8.416487858270248,8.234369277954102,8.234369277954102,63900,0.0,0.0
2021-11-19 00:00:00-05:00,8.29940975384985,8.409981875012956,8.16932508786167,8.344939231872559,61300,0.0,0.0
2021-11-22 00:00:00-05:00,8.286400583345277,8.696167726955878,8.286400583345277,8.657142639160156,361600,0.0,0.0
2021-11-23 00:00:00-05:00,8.592102267342142,8.774220839149082,8.55372723604658,8.754708290100098,157800,0.0,0.0
2021-11-24 00:00:00-05:00,8.69616837380322,9.008372200854595,8.670151439906657,8.917312622070312,181400,0.0,0.0
2021-11-26 00:00:00-05:00,8.917313185355107,9.13845744759134,8.813245443195155,8.81974983215332,155100,0.0,0.0
2021-11-29 00:00:00-05:00,8.94333121785535,9.034390813560721,8.735195708006215,8.891297340393066,137200,0.0,0.0
2021-11-30 00:00:00-05:00,8.943331432379079,9.099433068510342,8.943331432379079,9.053903579711914,162800,0.0,0.0
2021-12-01 00:00:00-05:00,9.099430038814225,9.105934426560554,8.383964134617143,8.416484832763672,84600,0.0,0.0
2021-12-02 00:00:00-05:00,8.422991822939762,9.014877644292804,8.422991822939762,8.891297340393066,38200,0.0,0.0
2021-12-03 00:00:00-05:00,9.099430788210752,9.099430788210752,8.455511235314704,8.663646697998047,108000,0.0,0.0
2021-12-06 00:00:00-05:00,8.585596634081964,8.76771517951209,8.175829441644686,8.227863311767578,224900,0.0,0.0
2021-12-07 00:00:00-05:00,8.331932047861653,8.826253836310324,8.331932047861653,8.468521118164062,164600,0.0,0.0
2021-12-08 00:00:00-05:00,8.435998800246965,8.719583557921275,8.435998800246965,8.618117332458496,117200,0.0,0.0
2021-12-09 00:00:00-05:00,8.657144924562424,8.871784824979507,8.543320584573305,8.754708290100098,83000,0.0,0.0
2021-12-10 00:00:00-05:00,8.683160665800832,9.021380823937452,8.650639341676067,8.728690147399902,82300,0.0,0.0
2021-12-13 00:00:00-05:00,8.728690264067971,8.98235585128044,8.631126910682307,8.683160781860352,117800,0.0,0.0
2021-12-14 00:00:00-05:00,8.631126035681797,8.821699774912506,8.618117259059744,8.650638580322266,85400,0.0,0.0
2021-12-15 00:00:00-05:00,8.754706685525873,8.904303901304297,8.618117626631703,8.631126403808594,127200,0.0,0.0
2021-12-16 00:00:00-05:00,8.839262308185425,8.904304336369933,8.449007657907714,8.455512046813965,122200,0.0,0.0
2021-12-17 00:00:00-05:00,8.429495363618772,8.738447022687494,8.416486585417159,8.481529235839844,130700,0.0,0.0
2021-12-20 00:00:00-05:00,8.462017085082778,8.774220333028824,8.188838932983629,8.325428009033203,254400,0.0,0.0
2021-12-21 00:00:00-05:00,8.435998910895607,8.813244756999563,8.435998910895607,8.572587966918945,203700,0.0,0.0
2021-12-22 00:00:00-05:00,8.514050039050206,8.845766419341352,8.514050039050206,8.566083908081055,133700,0.0,0.0
2021-12-23 00:00:00-05:00,8.65064024603236,8.813246263362695,8.331932600935158,8.74169921875,214100,0.0,0.0
2021-12-27 00:00:00-05:00,8.702673858311032,8.826254154809476,8.49453836092725,8.59860610961914,203800,0.0,0.0
2021-12-28 00:00:00-05:00,8.507545138942739,8.826252722671702,8.507545138942739,8.650638580322266,180500,0.0,0.0
2021-12-29 00:00:00-05:00,8.735195374482412,8.819750577203358,8.33193252940056,8.396974563598633,205000,0.0,0.0
2021-12-30 00:00:00-05:00,8.462015741408228,8.793732104897549,8.195342021059307,8.344939231872559,254700,0.0,0.0
2021-12-31 00:00:00-05:00,8.234367436131372,8.497788972704422,8.234367436131372,8.338435173034668,111700,0.0,0.0
2022-01-03 00:00:00-05:00,8.624622950989973,8.631127340284143,8.468521329686109,8.507546424865723,112500,0.0,0.0
2022-01-04 00:00:00-05:00,8.55307604214321,8.761212160739463,8.55307604214321,8.579092979431152,151200,0.0,0.0
2022-01-05 00:00:00-05:00,8.709177831743428,8.845766900451476,8.377461433410645,8.377461433410645,129000,0.0,0.0
2022-01-06 00:00:00-05:00,8.422991593152249,8.764464602512108,8.422991593152249,8.48803424835205,57400,0.0,0.0
2022-01-07 00:00:00-05:00,8.59210185147364,8.741699087429746,8.553076134971812,8.67015266418457,136800,0.0,0.0
2022-01-10 00:00:00-05:00,8.715682081634409,8.936826359397326,8.41648699177153,8.442503929138184,380000,0.0,0.0
2022-01-11 00:00:00-05:00,8.45551178131734,8.735194292577637,8.409982300988508,8.566083908081055,153700,0.0,0.0
2022-01-12 00:00:00-05:00,8.644135594598666,8.77422028046353,8.533563456540353,8.59860610961914,46300,0.0,0.0
2022-01-13 00:00:00-05:00,8.709176983446785,8.836009456217342,8.56608353962063,8.585596084594727,73000,0.0,0.0
2022-01-14 00:00:00-05:00,8.46201580603529,8.657143116654114,8.46201580603529,8.585596084594727,79300,0.0,0.0
2022-01-18 00:00:00-05:00,8.585597368826317,8.716332742322631,8.55307604214321,8.579092979431152,103700,0.0,0.0
2022-01-19 00:00:00-05:00,8.6636479256978,8.75470751367185,8.46201682272392,8.553075790405273,125500,0.0,0.0
2022-01-20 00:00:00-05:00,8.553076241818472,8.611614507156121,8.416487162794864,8.501042366027832,130800,0.0,0.0
2022-01-21 00:00:00-05:00,8.52055526874094,8.52705903779224,8.31892354112563,8.357949256896973,111000,0.0,0.0
2022-01-24 00:00:00-05:00,8.338436167551263,8.52055534914584,8.01972853019983,8.325428009033203,143700,0.0,0.0
2022-01-25 00:00:00-05:00,8.29940967803634,8.644134194829178,8.156316236610166,8.514049530029297,215800,0.0,0.0
2022-01-26 00:00:00-05:00,8.579091515639433,8.694867270007016,8.227862612033638,8.39046859741211,98700,0.0,0.0
2022-01-27 00:00:00-05:00,8.318923619627816,8.416486979537776,8.260385355564752,8.325428009033203,89500,0.0,0.0
2022-01-28 00:00:00-05:00,8.312417067792753,8.325425843219367,8.032735219338628,8.299408912658691,84600,0.0,0.0
2022-01-31 00:00:00-05:00,8.370957178929938,8.471772729744611,8.214855560837664,8.449007987976074,139500,0.0,0.0
2022-02-01 00:00:00-05:00,8.475024729875823,8.605109408634751,8.312418726353993,8.527058601379395,90400,0.0,0.0
2022-02-02 00:00:00-05:00,8.592100692570558,8.774219230998572,8.520554278975569,8.631126403808594,140500,0.0,0.0
2022-02-03 00:00:00-05:00,8.553075625285143,8.832758152718949,8.546571856499671,8.556327819824219,99600,0.0,0.0
2022-02-04 00:00:00-05:00,8.663647829773772,8.663647829773772,8.44900795076894,8.468521118164062,88100,0.0,0.0
2022-02-07 00:00:00-05:00,8.520554438857074,8.609011892266274,8.351444054140089,8.429494857788086,96700,0.0,0.0
2022-02-08 00:00:00-05:00,8.449007910628502,8.585596980281991,8.442503521527696,8.481529235839844,49600,0.0,0.0
2022-02-09 00:00:00-05:00,8.488033877275916,8.728690698525881,8.488033877275916,8.507546424865723,59600,0.0,0.0
2022-02-10 00:00:00-05:00,8.663648860623917,8.923818874214518,8.657145091011044,8.813246726989746,162100,0.0,0.0
2022-02-11 00:00:00-05:00,8.871784146430032,9.040893925741626,8.637631094580176,8.705925941467285,134600,0.0,0.0
2022-02-14 00:00:00-05:00,8.780723619587018,8.852270033182007,8.618117626631703,8.631126403808594,67500,0.0,0.0
2022-02-15 00:00:00-05:00,8.819750652926162,8.962843501566091,8.74169921875,8.74169921875,87800,0.0,0.0
2022-02-16 00:00:00-05:00,8.722186760946894,8.940078851244428,8.722186760946894,8.832758903503418,36000,0.0,0.0
2022-02-17 00:00:00-05:00,8.748202296937427,8.93032083536544,8.605108849454812,8.631126403808594,72600,0.0,0.0
2022-02-18 00:00:00-05:00,8.728689382022253,8.748201926669083,8.494536985382467,8.514049530029297,82700,0.0,0.0
2022-02-22 00:00:00-05:00,8.507545661436083,8.507545661436083,8.390469145817763,8.429494857788086,91300,0.0,0.0
2022-02-23 00:00:00-05:00,8.442503207235415,8.52055463295406,8.351444244384766,8.351444244384766,87800,0.0,0.0
2022-02-24 00:00:00-05:00,8.143309066402868,8.501041782849576,8.143309066402868,8.481529235839844,65400,0.0,0.0
2022-02-25 00:00:00-05:00,8.566083719654968,8.774219191200055,8.533562397152888,8.644134521484375,125500,0.0,0.0
2022-02-28 00:00:00-05:00,8.650639780463495,8.988859955755697,8.650639780463495,8.93032169342041,85300,0.0,0.0
2022-03-01 00:00:00-05:00,8.9563376668619,9.034388462745932,8.657142639160156,8.657142639160156,67800,0.0,0.0
2022-03-02 00:00:00-05:00,8.904303784319154,8.904303784319154,8.585596191184164,8.676655769348145,88200,0.0,0.0
2022-03-03 00:00:00-05:00,8.683161443116086,8.741699087429746,8.559580524437571,8.67015266418457,68900,0.0,0.0
2022-03-04 00:00:00-05:00,8.982355094254617,8.988858862384234,8.546570994646533,8.585596084594727,87100,0.0,0.0
2022-03-07 00:00:00-05:00,8.572317089078016,8.572317089078016,8.260234101584416,8.266874313354492,169600,0.27,0.0
2022-03-08 00:00:00-05:00,8.266873746134827,8.266873746134827,8.011231309736507,8.107512474060059,82900,0.0,0.0
2022-03-09 00:00:00-05:00,8.173913159178275,8.300074005432883,8.127432314140984,8.273513793945312,90100,0.0,0.0
2022-03-10 00:00:00-05:00,8.200473212991042,8.250273529417024,8.054391735995498,8.17391300201416,78400,0.0,0.0
2022-03-11 00:00:00-05:00,8.253593452735334,8.62543639820274,8.090912084937672,8.519195556640625,175200,0.0,0.0
2022-03-14 00:00:00-04:00,8.539115842044279,8.539115842044279,8.200473306537333,8.233673095703125,87000,0.0,0.0
2022-03-15 00:00:00-04:00,8.359835046100402,8.466075897216797,8.240313771971747,8.466075897216797,64800,0.0,0.0
2022-03-16 00:00:00-04:00,8.49927555715907,8.552395977940128,8.41295471507851,8.519195556640625,45300,0.0,0.0
2022-03-17 00:00:00-04:00,8.466075576167263,8.665277481079102,8.466075576167263,8.665277481079102,50500,0.0,0.0
2022-03-18 00:00:00-04:00,8.592236632493185,8.937520027160645,8.592236632493185,8.937520027160645,94500,0.0,0.0
2022-03-21 00:00:00-04:00,9.150000711261077,9.150000711261077,8.691836939590543,8.851198196411133,114300,0.0,0.0
2022-03-22 00:00:00-04:00,9.037121841465725,9.422245288254416,8.84456011807138,9.382405281066895,195400,0.0,0.0
2022-03-23 00:00:00-04:00,9.382402964952952,9.528484432818757,9.209761287770212,9.455443382263184,212800,0.0,0.0
2022-03-24 00:00:00-04:00,9.455444613190469,9.694487161407213,9.3312759509231,9.634726524353027,255800,0.0,0.0
2022-03-25 00:00:00-04:00,9.62808539527943,9.738974257214366,9.578285080228781,9.721046447753906,109900,0.0,0.0
2022-03-28 00:00:00-04:00,9.727685928344727,9.750926666165537,9.62808529923697,9.727685928344727,165500,0.0,0.0
2022-03-29 00:00:00-04:00,9.794086903036701,9.820647113376138,9.676557829804484,9.807367324829102,159300,0.0,0.0
2022-03-30 00:00:00-04:00,9.794087603883195,9.906968664214702,9.701126544420363,9.714406967163086,284900,0.0,0.0
2022-03-31 00:00:00-04:00,9.641365378493939,9.681205375424224,9.003919728401403,9.017199516296387,103600,0.0,0.0
2022-04-01 00:00:00-04:00,8.950800931015719,9.820649104140424,8.950800931015719,9.123442649841309,66600,0.0,0.0
2022-04-04 00:00:00-04:00,9.209761535028736,9.468724057755326,9.130080904938714,9.415603637695312,49200,0.0,0.0
2022-04-05 00:00:00-04:00,9.369124655271609,9.501926365032276,9.156642932847316,9.242963790893555,40900,0.0,0.0
2022-04-06 00:00:00-04:00,9.22968379461754,9.327957165716837,9.110163136834213,9.169923782348633,42000,0.0,0.0
2022-04-07 00:00:00-04:00,9.136723610703383,9.342565136333311,8.990642099025493,9.282804489135742,61100,0.0,0.0
2022-04-08 00:00:00-04:00,9.236322848260457,9.362484335905947,9.236322848260457,9.249603271484375,23400,0.0,0.0
2022-04-11 00:00:00-04:00,9.163282420265206,9.412284656504774,9.163282420265206,9.249603271484375,22200,0.0,0.0
2022-04-12 00:00:00-04:00,9.309364281032815,9.433532950255703,9.295419582793004,9.355844497680664,31400,0.0,0.0
2022-04-13 00:00:00-04:00,9.34920317507388,9.555045286086607,9.34920317507388,9.521844863891602,26700,0.0,0.0
2022-04-14 00:00:00-04:00,9.601525688626172,9.618125583431913,9.511884736886211,9.574965476989746,23400,0.0,0.0
2022-04-18 00:00:00-04:00,9.57496582497092,9.661286674237795,9.488644975704045,9.59488582611084,40700,0.0,0.0
2022-04-19 00:00:00-04:00,9.594885986753125,9.66792704756475,9.541765560660359,9.561685562133789,57600,0.0,0.0
2022-04-20 00:00:00-04:00,9.721047374181806,9.77615935658615,9.59488588856843,9.634726524353027,39400,0.0,0.0
2022-04-21 00:00:00-04:00,9.754246747224272,9.794087381301608,9.47868431402933,9.574965476989746,60500,0.0,0.0
2022-04-22 00:00:00-04:00,9.501924989359484,9.584925729320451,9.432204038504668,9.535124778747559,44800,0.0,0.0
2022-04-25 00:00:00-04:00,9.628085900262597,9.628085900262597,9.276162937768607,9.574965476989746,67400,0.0,0.0
2022-04-26 00:00:00-04:00,9.681206792070094,9.681206792070094,9.096881474544142,9.256242752075195,102000,0.0,0.0
2022-04-27 00:00:00-04:00,9.335924660815282,9.5816068054097,9.21972348389003,9.541766166687012,74600,0.0,0.0
2022-04-28 00:00:00-04:00,9.535125954692319,9.624766916884267,9.342564239564506,9.541766166687012,76400,0.0,0.0
2022-04-29 00:00:00-04:00,9.68120745234822,9.68120745234822,9.535125954692319,9.541766166687012,101800,0.0,0.0
2022-05-02 00:00:00-04:00,9.588245009349292,9.594885220391879,9.34256289998198,9.482004165649414,106500,0.0,0.0
2022-05-03 00:00:00-04:00,9.521846163948402,9.588246384158925,9.45544531049241,9.541766166687012,81200,0.0,0.0
2022-05-04 00:00:00-04:00,9.641367446871,9.654647237614917,9.462085522487104,9.541766166687012,54100,0.0,0.0
2022-05-05 00:00:00-04:00,9.588246384158925,9.634727234876307,9.39568466903111,9.541766166687012,72100,0.0,0.0
2022-05-06 00:00:00-04:00,9.687846829655083,9.687846829655083,9.296083221158426,9.42224407196045,93600,0.0,0.0
2022-05-09 00:00:00-04:00,9.293356929986567,9.534170533253093,8.676061053638108,8.750679016113281,70100,0.3,0.0
2022-05-10 00:00:00-04:00,8.777813483572771,8.906699828535665,8.560742561853004,8.798164367675781,81900,0.0,0.0
2022-05-11 00:00:00-04:00,8.737113243314157,9.05525803173385,8.737113243314157,8.940617561340332,38600,0.0,0.0
2022-05-12 00:00:00-04:00,8.940618659764226,9.022020267591031,8.709980447460373,8.99488639831543,64500,0.0,0.0
2022-05-13 00:00:00-04:00,9.02201829651109,9.262831252855284,8.750679016113281,8.750679016113281,94900,0.0,0.0
2022-05-16 00:00:00-04:00,8.757462432311097,9.184821254912013,8.72354494221471,9.116986274719238,47900,0.0,0.0
2022-05-17 00:00:00-04:00,9.239089746559213,9.367976090230458,9.191605644639473,9.21873950958252,61900,0.0,0.0
2022-05-18 00:00:00-04:00,9.123770829275905,9.252657175355077,8.77103057842622,8.825298309326172,95200,0.0,0.0
2022-05-19 00:00:00-04:00,8.777813760277844,8.977926265142338,8.703195790315068,8.723546028137207,45000,0.0,0.0
2022-05-20 00:00:00-04:00,8.757464789833467,8.818516159057618,8.384373592181147,8.479342460632324,47400,0.0,0.0
2022-05-23 00:00:00-04:00,8.506474671616498,8.811730811280832,8.472557179004381,8.682845115661621,44500,0.0,0.0
2022-05-24 00:00:00-04:00,8.669277503405286,8.82868951805121,8.418289103470935,8.777812957763672,148400,0.0,0.0
2022-05-25 00:00:00-04:00,8.865998869502972,9.086462256196842,8.703195675233792,8.913483619689941,130500,0.0,0.0
2022-05-26 00:00:00-04:00,8.967751727391766,9.144121538455837,8.967751727391766,9.049153327941895,82600,0.0,0.0
2022-05-27 00:00:00-04:00,9.049152576400889,9.466335987168712,9.049152576400889,9.456160545349121,73100,0.0,0.0
2022-05-31 00:00:00-04:00,9.49686207180517,9.49686207180517,9.137338188796528,9.144121170043945,43300,0.0,0.0
2022-06-01 00:00:00-04:00,9.171255020402398,9.2187391203171,8.954183463101604,9.083069801330566,42800,0.0,0.0
2022-06-02 00:00:00-04:00,9.08985454557481,9.23909114887397,8.974535440333069,9.028803825378418,44200,0.0,0.0
2022-06-03 00:00:00-04:00,9.055937093979086,9.066111889875938,8.940617996383665,8.981318473815918,27100,0.0,0.0
2022-06-06 00:00:00-04:00,9.137339710080473,10.025974446758163,9.137339710080473,9.483296394348145,297200,0.0,0.0
2022-06-07 00:00:00-04:00,9.340843266252623,9.544346952543206,9.211956908217982,9.245874404907227,167100,0.0,0.0
2022-06-08 00:00:00-04:00,8.90669900058181,9.239088980297305,8.872781510485423,9.116986274719238,143000,0.0,0.0
2022-06-09 00:00:00-04:00,9.123770351534375,9.194997148937452,8.984709217519512,9.110203742980957,99200,0.0,0.0
2022-06-10 00:00:00-04:00,8.98131833735558,9.130554928492023,8.79138126940528,9.049153327941895,119700,0.0,0.0
2022-06-13 00:00:00-04:00,8.893133751059072,8.893133751059072,8.129992962962577,8.160518646240234,263300,0.0,0.0
2022-06-14 00:00:00-04:00,8.160518720435931,8.28262145465672,8.106250982320573,8.248703956604004,83200,0.0,0.0
2022-06-15 00:00:00-04:00,8.357238687470502,8.940617790563968,8.05198252606614,8.26905345916748,83700,0.0,0.0
2022-06-16 00:00:00-04:00,8.194435500561037,8.194435500561037,7.773860243553051,7.814561367034912,111100,0.0,0.0
2022-06-17 00:00:00-04:00,7.8756124450097085,8.360630900343292,7.7331594766384635,7.828128337860107,119700,0.0,0.0
2022-06-21 00:00:00-04:00,8.004498270685902,8.730329674788745,7.699242115020752,7.699242115020752,101100,0.0,0.0
2022-06-22 00:00:00-04:00,7.583923705240037,7.804386468245802,7.461820973208708,7.719593048095703,148000,0.0,0.0
2022-06-23 00:00:00-04:00,7.780645237596081,8.05198395202525,7.536439747687305,7.604274749755859,152200,0.0,0.0
2022-06-24 00:00:00-04:00,7.611056888375726,8.004498270685902,7.583923022248211,7.699242115020752,135100,0.0,0.0
2022-06-27 00:00:00-04:00,7.6992417425825,7.8823951683528835,7.536437906770378,7.733158588409424,89500,0.0,0.0
2022-06-28 00:00:00-04:00,7.733158392939603,7.970580189260998,7.611056327819824,7.611056327819824,82000,0.0,0.0
2022-06-29 00:00:00-04:00,7.611057975367682,7.638191845370388,7.407553626886141,7.448254108428955,85800,0.0,0.0
2022-06-30 00:00:00-04:00,7.326150443123072,7.712808169333012,7.299016578949082,7.672107696533203,87300,0.0,0.0
2022-07-01 00:00:00-04:00,7.651757237694061,7.97058064461701,7.590705878185157,7.9366631507873535,48700,0.0,0.0
2022-07-05 00:00:00-04:00,7.767075874414373,8.024847906756284,7.767075874414373,7.997714042663574,64300,0.0,0.0
2022-07-06 00:00:00-04:00,8.031632609134835,8.072333087258409,7.936663748642436,7.9841485023498535,54000,0.0,0.0
2022-07-07 00:00:00-04:00,8.08590023782784,8.31653843389123,8.0730116023103,8.119817733764648,53500,0.0,0.0
2022-07-08 00:00:00-04:00,8.099466848049106,8.255487070589458,8.004498635732952,8.119817733764648,28200,0.0,0.0
2022-07-11 00:00:00-04:00,8.119817208250975,8.209359029452456,8.051982220767629,8.099466323852539,35900,0.0,0.0
2022-07-12 00:00:00-04:00,8.099466704185465,8.377589648389309,8.051982598870806,8.296187400817871,56600,0.0,0.0
2022-07-13 00:00:00-04:00,8.235137059314589,8.35723914236911,8.194435933681453,8.2622709274292,56400,0.0,0.0
2022-07-14 00:00:00-04:00,8.174085830903037,8.194436070598405,8.004498990622569,8.133384704589844,41100,0.0,0.0
2022-07-15 00:00:00-04:00,8.201219566110968,8.397940271760536,8.026205696193824,8.323322296142578,38800,0.0,0.0
2022-07-18 00:00:00-04:00,8.479341569653835,8.492908826688044,8.343672233923858,8.38437271118164,41900,0.0,0.0
2022-07-19 00:00:00-04:00,8.526825982083418,8.737113945219395,8.479341874600836,8.615011215209961,54700,0.0,0.0
2022-07-20 00:00:00-04:00,8.628577538229838,8.750679608092787,8.547175942680413,8.737112998962402,39800,0.0,0.0
2022-07-21 00:00:00-04:00,8.7778142874825,8.7778142874825,8.642144948982466,8.743897438049316,47700,0.0,0.0
2022-07-22 00:00:00-04:00,8.77781464439565,8.815802578258229,8.486125716490879,8.635361671447754,53500,0.0,0.0
2022-07-25 00:00:00-04:00,8.615009912200808,8.72354536827226,8.486124219846547,8.662494659423828,43100,0.0,0.0
2022-07-26 00:00:00-04:00,8.703196601261444,8.913484568092416,8.615011366585389,8.7913818359375,36100,0.0,0.0
2022-07-27 00:00:00-04:00,8.838864928258365,8.899916287318188,8.811731062778708,8.88634967803955,28300,0.0,0.0
2022-07-28 00:00:00-04:00,8.83208179473877,8.886349524762037,8.737112943736866,8.83208179473877,25000,0.0,0.0
2022-07-29 00:00:00-04:00,8.879566471895089,9.05593692935515,8.804947853088379,8.804947853088379,85100,0.0,0.0
2022-08-01 00:00:00-04:00,8.818514982100321,8.981318180354643,8.80494772545126,8.933834075927734,48600,0.0,0.0
2022-08-02 00:00:00-04:00,8.95418361588131,8.95418361588131,8.689628601074219,8.689628601074219,52300,0.0,0.0
2022-08-03 00:00:00-04:00,8.811732295513263,9.008453009491994,8.757464556962058,8.99488639831543,64200,0.0,0.0
2022-08-04 00:00:00-04:00,9.00845249399999,9.252657950428675,8.974534997615734,9.096637725830078,30300,0.0,0.0
2022-08-05 00:00:00-04:00,9.096639667610559,9.427673183261959,9.089856037501178,9.367979049682617,77500,0.0,0.0
2022-08-08 00:00:00-04:00,9.395775002850154,9.729352484183286,9.345042748235544,9.583412170410156,82500,0.33,0.0
2022-08-09 00:00:00-04:00,9.513916333635224,9.60426039865084,9.39577480850968,9.430521965026855,30200,0.0,0.0
2022-08-10 00:00:00-04:00,9.479169330473615,9.531290728852134,9.388825263996399,9.409673690795898,24500,0.0,0.0
2022-08-11 00:00:00-04:00,9.444421085977702,9.513916059771123,9.347127327355503,9.437471389770508,20600,0.0,0.0
2022-08-12 00:00:00-04:00,9.527817569870292,9.583413826365843,9.367977835375843,9.548666000366211,40600,0.0,0.0
2022-08-15 00:00:00-04:00,9.437472514879927,9.465270640263212,9.367976870041918,9.374926567077637,21400,0.0,0.0
2022-08-16 00:00:00-04:00,9.444423054857696,9.444423054857696,9.312381450432303,9.361028671264648,39700,0.0,0.0
2022-08-17 00:00:00-04:00,9.249834993445731,9.249834993445731,8.978802783874507,9.034399032592773,24000,0.0,0.0
2022-08-18 00:00:00-04:00,9.06219741300931,9.11779366329848,8.96490364362347,9.069147109985352,43500,0.0,0.0
2022-08-19 00:00:00-04:00,9.069145745009532,9.069145745009532,8.964902294337088,9.055246353149414,46100,0.0,0.0
2022-08-22 00:00:00-04:00,8.957953464695999,9.006600011792726,8.784215039053977,8.916255950927734,43200,0.0,0.0
2022-08-23 00:00:00-04:00,9.013549555313311,9.027448284494477,8.875948756346379,8.937104225158691,127400,0.0,0.0
2022-08-24 00:00:00-04:00,9.027449036190514,9.027449036190514,8.749467801825423,8.825912475585938,51500,0.0,0.0
2022-08-25 00:00:00-04:00,8.812013487229931,8.891933006924893,8.749467545639257,8.79116439819336,24700,0.0,0.0
2022-08-26 00:00:00-04:00,8.777264488756224,8.798112912231623,8.565303418018127,8.679970741271973,56000,0.0,0.0
2022-08-29 00:00:00-04:00,8.624375614886292,8.673022163517585,8.589627796109859,8.617425918579102,24400,0.0,0.0
2022-08-30 00:00:00-04:00,8.846760204120807,8.891932565363996,8.5131827492149,8.568778991699219,65600,0.0,0.0
2022-08-31 00:00:00-04:00,8.582678914247644,8.68692170965975,8.527082668326583,8.596577644348145,80900,0.0,0.0
2022-09-01 00:00:00-04:00,8.547931155632623,8.547931155632623,8.353344293525407,8.478435516357422,48100,0.0,0.0
2022-09-02 00:00:00-04:00,8.499283683584041,8.586152898646477,8.388091194345646,8.443687438964844,50800,0.0,0.0
2022-09-06 00:00:00-04:00,8.443687058243432,8.443687058243432,8.346393965926488,8.395040512084961,37400,0.0,0.0
2022-09-07 00:00:00-04:00,8.339443748338233,8.408939378011496,8.269948118664972,8.325544357299805,34300,0.0,0.0
2022-09-08 00:00:00-04:00,8.325545720820932,8.631325746151258,8.269949473080791,8.339445114135742,49600,0.0,0.0
2022-09-09 00:00:00-04:00,8.339445114135742,8.45758730627343,8.304697293608267,8.339445114135742,149400,0.0,0.0
2022-09-12 00:00:00-04:00,8.374192464570605,8.65217368766659,8.304696827416851,8.443687438964844,112200,0.0,0.0
2022-09-13 00:00:00-04:00,8.339445722622031,8.63132637593457,8.339445722622031,8.464537620544434,83500,0.0,0.0
2022-09-14 00:00:00-04:00,8.443688171955369,8.575729761458033,8.33944536993501,8.37419319152832,90000,0.0,0.0
2022-09-15 00:00:00-04:00,8.346394810793148,8.45758730627343,8.318596686923078,8.339445114135742,69400,0.0,0.0
2022-09-16 00:00:00-04:00,8.339445114135742,8.464537002930836,8.283848866395601,8.339445114135742,117800,0.0,0.0
2022-09-19 00:00:00-04:00,8.325545720820932,8.582679195068522,8.304697293608267,8.339445114135742,87100,0.0,0.0
2022-09-20 00:00:00-04:00,8.339445813860488,8.381143334544017,8.269950166974473,8.30469799041748,35000,0.0,0.0
2022-09-21 00:00:00-04:00,8.33944624431679,8.464538150064627,8.249102163805535,8.276900291442871,73600,0.0,0.0
2022-09-22 00:00:00-04:00,8.283848719699089,8.346394662989026,8.082312159520148,8.11011028289795,75000,0.0,0.0
2022-09-23 00:00:00-04:00,8.117059282718731,8.117059282718731,7.8529768019169115,7.998917102813721,53000,0.0,0.0
2022-09-26 00:00:00-04:00,8.179605714283829,8.179605714283829,7.82517915317896,7.852977275848389,32100,0.0,0.0
2022-09-27 00:00:00-04:00,8.269949634751883,8.269949634751883,7.776532429342548,7.811280250549316,36600,0.0,0.0
2022-09-28 00:00:00-04:00,7.887725305404046,8.047564349329603,7.79043154208444,7.964169979095459,35200,0.0,0.0
2022-09-29 00:00:00-04:00,7.964170042229536,7.964170042229536,7.693137839750369,7.846027851104736,64100,0.0,0.0
2022-09-30 00:00:00-04:00,7.804329966386596,8.283848404879448,7.769582810554532,7.901623725891113,48800,0.0,0.0
2022-10-03 00:00:00-04:00,8.005867060166507,8.33944452296036,7.839077666010076,7.887724876403809,38100,0.0,0.0
2022-10-04 00:00:00-04:00,7.991968248874181,8.304697308669521,7.991968248874181,8.297747611999512,50600,0.0,0.0
2022-10-05 00:00:00-04:00,8.193504485682784,8.30469697692293,8.082311994442636,8.172656059265137,19700,0.0,0.0
2022-10-06 00:00:00-04:00,8.096210197793598,8.269948619744184,8.054513347670767,8.144857406616211,25300,0.0,0.0
2022-10-07 00:00:00-04:00,8.179604456375504,8.329714163153753,7.9919666601432695,8.005866050720215,40400,0.0,0.0
2022-10-10 00:00:00-04:00,8.033666650724317,8.186556017741903,7.859928191401002,8.1657075881958,16000,0.0,0.0
2022-10-11 00:00:00-04:00,8.144858804995323,8.144858804995323,7.85992785011849,8.075363159179688,30100,0.0,0.0
2022-10-12 00:00:00-04:00,8.137907423978799,8.137907423978799,7.859926223754883,7.859926223754883,16300,0.0,0.0
2022-10-13 00:00:00-04:00,7.797381367289594,8.492335126800906,7.720936029577237,8.339445114135742,89700,0.0,0.0
2022-10-14 00:00:00-04:00,8.339444736133592,8.603527232308965,8.169875724280534,8.29079818725586,29000,0.0,0.0
2022-10-17 00:00:00-04:00,8.339444250653113,8.582678306400956,7.741784317949721,7.998917102813721,161400,0.0,0.0
2022-10-18 00:00:00-04:00,7.81823076242191,8.39504240120649,7.81823076242191,8.221303939819336,80800,0.0,0.0
2022-10-19 00:00:00-04:00,8.263000439182937,8.398516210204587,8.179606067572726,8.339445114135742,75100,0.0,0.0
2022-10-20 00:00:00-04:00,8.311647486359602,8.445773458607203,8.026716533994934,8.19350528717041,45300,0.0,0.0
2022-10-21 00:00:00-04:00,8.186555788367022,8.360294242822448,8.186555788367022,8.30469799041748,10800,0.0,0.0
2022-10-24 00:00:00-04:00,8.339445114135742,8.436738879060766,8.318596686923078,8.339445114135742,37200,0.0,0.0
2022-10-25 00:00:00-04:00,8.318596686923078,8.422839485745953,8.276899169738197,8.339445114135742,88100,0.0,0.0
2022-10-26 00:00:00-04:00,8.339445722622031,8.534032603910523,8.311647596723674,8.464537620544434,84800,0.0,0.0
2022-10-27 00:00:00-04:00,8.520133250670977,8.6076970426199,8.311646990265672,8.339445114135742,57600,0.0,0.0
2022-10-28 00:00:00-04:00,8.339445260854868,9.034399032592773,8.290798708916274,9.034399032592773,91800,0.0,0.0
2022-10-31 00:00:00-04:00,9.235936074632136,9.70850487578796,9.173390125919205,9.39577579498291,161000,0.0,0.0
2022-11-01 00:00:00-04:00,9.319330460258266,9.593837532572913,9.089995756613938,9.138642311096191,65100,0.0,0.0
2022-11-02 00:00:00-04:00,9.138641418282768,9.298481123159467,8.971852679701499,9.020499229431152,68000,0.0,0.0
2022-11-03 00:00:00-04:00,8.98575248065418,9.169914805998605,8.839812162078838,9.034399032592773,77200,0.0,0.0
2022-11-04 00:00:00-04:00,9.034399532274568,9.166440464593588,8.79116543360949,8.888459205627441,95900,0.0,0.0
2022-11-07 00:00:00-05:00,8.89560992131773,9.188793789237142,8.89560992131773,9.088682174682617,89500,0.36,0.0
2022-11-08 00:00:00-05:00,9.153038621142509,9.29605471107585,9.010022531209167,9.052927017211914,37300,0.0,0.0
2022-11-09 00:00:00-05:00,8.981419543477859,9.15303885579765,8.838402767923508,8.909911155700684,42500,0.0,0.0
2022-11-10 00:00:00-05:00,8.959967521254992,9.110134605162264,8.638181107726435,8.752593994140625,77400,0.0,0.0
2022-11-11 00:00:00-05:00,8.723989715878588,8.881307756620874,8.523767188904912,8.580973625183105,84400,0.0,0.0
2022-11-14 00:00:00-05:00,8.566671999864225,8.638180388899816,8.509465561417567,8.573822975158691,42000,0.0,0.0
2022-11-15 00:00:00-05:00,8.580973625183105,8.738291665925392,8.509465238858107,8.580973625183105,114300,0.0,0.0
2022-11-16 00:00:00-05:00,8.580974572169325,8.620304257183903,8.51661715376532,8.545220375061035,16200,0.0,0.0
2022-11-17 00:00:00-05:00,8.5666716751363,8.678939800749276,8.502314945789218,8.580973625183105,37100,0.0,0.0
2022-11-18 00:00:00-05:00,8.580973625183105,8.709688447786295,8.509465238858107,8.580973625183105,81800,0.0,0.0
2022-11-21 00:00:00-05:00,8.52376778869769,8.688236134082025,8.416505883616997,8.480862617492676,64900,0.0,0.0
2022-11-22 00:00:00-05:00,8.530918772355886,8.680370478449564,8.445109111818628,8.516616821289062,147600,0.0,0.0
2022-11-23 00:00:00-05:00,8.466560677755213,8.663207715478197,8.409354241982907,8.42365550994873,46800,0.0,0.0
2022-11-25 00:00:00-05:00,8.259187738000929,8.577398643820187,8.259187738000929,8.309243202209473,56100,0.0,0.0
2022-11-28 00:00:00-05:00,8.237734870236133,8.530918021764746,8.230583895331899,8.302091598510742,73100,0.0,0.0
2022-11-29 00:00:00-05:00,8.330696152343263,8.502316167798726,8.330696152343263,8.45226001739502,54000,0.0,0.0
2022-11-30 00:00:00-05:00,8.480860438393544,8.595273971557617,8.337844374381433,8.595273971557617,65600,0.0,0.0
2022-12-01 00:00:00-05:00,8.63817948743583,8.709687869008944,8.566671105862717,8.659631729125977,34400,0.0,0.0
2022-12-02 00:00:00-05:00,8.623877304035451,8.816948822642498,8.588123117047658,8.731139183044434,36700,0.0,0.0
2022-12-05 00:00:00-05:00,8.874155594062117,8.874155594062117,8.659631145749199,8.759742736816406,64800,0.0,0.0
2022-12-06 00:00:00-05:00,8.75974339869808,8.86700528998198,8.688235016539164,8.781195640563965,37600,0.0,0.0
2022-12-07 00:00:00-05:00,8.745441416775016,8.88845818055794,8.709687907783755,8.766894340515137,792800,0.0,0.0
2022-12-08 00:00:00-05:00,8.845553563458376,8.863431001016881,8.473711727650121,8.580973625183105,148200,0.0,0.0
2022-12-09 00:00:00-05:00,8.59527417890382,8.802647647212504,8.337844575517591,8.395051002502441,46500,0.0,0.0
2022-12-12 00:00:00-05:00,8.316393613364285,8.50231487060153,8.151924599053029,8.42365550994873,102200,0.0,0.0
2022-12-13 00:00:00-05:00,8.466561891832601,8.609578001771409,8.259188361932681,8.316394805908203,975800,0.0,0.0
2022-12-14 00:00:00-05:00,8.316392931814601,8.645330251525353,8.180527146524046,8.330694198608398,134800,0.0,0.0
2022-12-15 00:00:00-05:00,8.380750438206515,8.644614985417714,8.2663375746604,8.52376651763916,153500,0.0,0.0
2022-12-16 00:00:00-05:00,8.709687869008944,9.288903168324183,8.502314380792276,8.659631729125977,392700,0.0,0.0
2022-12-19 00:00:00-05:00,8.738291730045953,8.995720695186805,8.623878856650018,8.702537536621094,193000,0.0,0.0
2022-12-20 00:00:00-05:00,8.716838088160097,8.80979871064013,8.473711093159777,8.538067817687988,111300,0.0,0.0
2022-12-21 00:00:00-05:00,8.552369504263257,8.808368381878328,8.530917263412043,8.631028175354004,144200,0.0,0.0
2022-12-22 00:00:00-05:00,8.616727139758995,8.647475784374489,8.480861352832136,8.52376651763916,80000,0.0,0.0
2022-12-23 00:00:00-05:00,8.488012741248076,8.788346863680989,8.488012741248076,8.709688186645508,57000,0.0,0.0
2022-12-27 00:00:00-05:00,8.73829264383795,8.795499086518184,8.573823609666338,8.616728782653809,105100,0.0,0.0
2022-12-28 00:00:00-05:00,8.70253745101257,8.795498080220925,8.488012974528253,8.509465217590332,79200,0.0,0.0
2022-12-29 00:00:00-05:00,8.530918269557592,8.638180168418685,8.119746066029515,8.194829940795898,271200,0.0,0.0
2022-12-30 00:00:00-05:00,8.223432888482808,8.488012821321192,8.180527721178569,8.287790298461914,243000,0.0,0.0
2023-01-03 00:00:00-05:00,8.380751415889856,8.588124925747625,8.377175928242622,8.573822975158691,87300,0.0,0.0
2023-01-04 00:00:00-05:00,8.70968969960091,8.70968969960091,8.437958747247254,8.45226001739502,51100,0.0,0.0
2023-01-05 00:00:00-05:00,8.445108456600323,8.695386443260736,8.405778776172532,8.495163917541504,69000,0.0,0.0
2023-01-06 00:00:00-05:00,8.559521706524297,8.616728144970955,8.517331907023296,8.573822975158691,31400,0.0,0.0
2023-01-09 00:00:00-05:00,8.616728172600364,8.758314210503018,8.616728172600364,8.681085586547852,52600,0.0,0.0
2023-01-10 00:00:00-05:00,8.645330065687629,9.052926048888818,8.645330065687629,9.017171859741211,86400,0.0,0.0
2023-01-11 00:00:00-05:00,9.067228686407372,9.267451206113975,9.052926736879657,9.110133171081543,150600,0.0,0.0
2023-01-12 00:00:00-05:00,9.117285453524126,9.403317665558735,9.081531256531152,9.246000289916992,106600,0.0,0.0
2023-01-13 00:00:00-05:00,9.274602435205429,9.281752728210874,9.017172792283231,9.038625717163086,42900,0.0,0.0
2023-01-17 00:00:00-05:00,9.231696094945477,9.278176744327464,9.131585186038587,9.217394828796387,34200,0.0,0.0
2023-01-18 00:00:00-05:00,9.217397010259209,9.406893093797432,8.995721535872255,9.088682174682617,34900,0.0,0.0
2023-01-19 00:00:00-05:00,9.09583275930665,9.09583275930665,8.874157294451724,8.938514709472656,58500,0.0,0.0
2023-01-20 00:00:00-05:00,8.931363105773926,9.010022466135036,8.86700569528011,8.931363105773926,38700,0.0,0.0
2023-01-23 00:00:00-05:00,9.002870219660656,9.002870219660656,8.838401229188444,8.97426700592041,73700,0.0,0.0
2023-01-24 00:00:00-05:00,8.959966440898102,9.181641893062801,8.959966440898102,9.138736724853516,104400,0.0,0.0
2023-01-25 00:00:00-05:00,9.12443545675343,9.267451547526859,9.024323852234772,9.138736724853516,75900,0.0,0.0
2023-01-26 00:00:00-05:00,9.15303897857666,9.338244873419377,8.902760299953828,9.15303897857666,70500,0.0,0.0
2023-01-27 00:00:00-05:00,9.138736216744588,9.553483197905074,9.138736216744588,9.39616584777832,84600,0.0,0.0
2023-01-30 00:00:00-05:00,9.403315430576953,9.439069619071862,9.188791663516337,9.267450332641602,87900,0.0,0.0
2023-01-31 00:00:00-05:00,9.28890323638916,9.446221267830085,9.245998752694481,9.28890323638916,53900,0.0,0.0
2023-02-01 00:00:00-05:00,9.23169614414669,9.371136729126976,9.181640689426471,9.267450332641602,82000,0.0,0.0
2023-02-02 00:00:00-05:00,9.346110237776571,9.346110237776571,9.167339953614329,9.174490928649902,32900,0.0,0.0
2023-02-03 00:00:00-05:00,9.174491926073513,9.474826090673883,9.145888704776077,9.26030158996582,107700,0.0,0.0
2023-02-06 00:00:00-05:00,9.288903584052273,9.367562943694017,9.203093931496777,9.35326099395752,66000,0.0,0.0
2023-02-07 00:00:00-05:00,9.331809033556056,9.36756322702422,9.253149671535189,9.29605484008789,58800,0.0,0.0
2023-02-08 00:00:00-05:00,9.296055756534402,9.331809953527374,9.167340920141536,9.246000289916992,58600,0.0,0.0
2023-02-09 00:00:00-05:00,9.245999611152152,9.317507317934007,9.15303897857666,9.15303897857666,55100,0.0,0.0
2023-02-10 00:00:00-05:00,9.174491895931046,9.281753804955379,9.167340920141536,9.246000289916992,46200,0.0,0.0
2023-02-13 00:00:00-05:00,9.195941955651781,9.331807735541556,9.195941955651781,9.267450332641602,75900,0.0,0.0
2023-02-14 00:00:00-05:00,9.324657427437709,9.381863860333594,9.25886996141199,9.28890323638916,51800,0.0,0.0
2023-02-15 00:00:00-05:00,9.296055156279145,9.424769984360772,9.224546766910567,9.25314998626709,64900,0.0,0.0
2023-02-16 00:00:00-05:00,9.238848455011189,9.439070984816814,9.238848455011189,9.381864547729492,98600,0.0,0.0
2023-02-17 00:00:00-05:00,9.303206058905037,9.346110546627264,9.167340256557397,9.188793182373047,66900,0.0,0.0
2023-02-21 00:00:00-05:00,9.181640267373274,9.503426585127041,9.102980919909326,9.11728286743164,164000,0.0,0.0
2023-02-22 00:00:00-05:00,9.060076809429878,9.367561874111141,9.060076809429878,9.217394828796387,55500,0.0,0.0
2023-02-23 00:00:00-05:00,9.174490939181894,9.324658005328743,8.945665193416984,9.210245132446289,42700,0.0,0.0
2023-02-24 00:00:00-05:00,9.331808484816854,9.503427785026878,9.260300102085438,9.446221351623535,200100,0.0,0.0
2023-02-27 00:00:00-05:00,9.539181340686294,9.646443225680835,9.331807862930264,9.439069747924805,203000,0.0,0.0
2023-02-28 00:00:00-05:00,9.367561858305407,9.578510818795309,9.17448965096031,9.181640625,156700,0.0,0.0
2023-03-01 00:00:00-05:00,9.28175154939892,9.333237744226254,9.188791614543787,9.217394828796387,154900,0.0,0.0
2023-03-02 00:00:00-05:00,9.217396160021543,9.424769663791476,9.210245184937007,9.29605484008789,248100,0.0,0.0
2023-03-03 00:00:00-05:00,9.646443812820824,9.94677792743098,9.589237379747887,9.903873443603516,410000,0.0,0.0
2023-03-06 00:00:00-05:00,9.807791031344447,10.03691008762997,9.793008792948775,9.829963684082031,181400,0.45,0.0
2023-03-07 00:00:00-05:00,9.80039980218922,9.926046007719023,9.636320623088984,9.726490020751953,145400,0.0,0.0
2023-03-08 00:00:00-05:00,9.726490802810725,9.874309672714723,9.652581720286712,9.807791709899902,119700,0.0,0.0
2023-03-09 00:00:00-05:00,9.837355707603725,9.92604703156316,9.47519858703272,9.51954460144043,157100,0.0,0.0
2023-03-10 00:00:00-05:00,9.445634458040239,9.652581577704916,8.462638106628882,8.765666961669922,657900,0.0,0.0
2023-03-13 00:00:00-04:00,8.499591300683125,8.691756142733531,8.137434970949851,8.270471572875977,413700,0.0,0.0
2023-03-14 00:00:00-04:00,8.410899847901925,8.551327565448204,8.26308101236484,8.314817428588867,220100,0.0,0.0
2023-03-15 00:00:00-04:00,8.226128768609415,8.292647442173658,7.786366974933833,8.048746109008789,202000,0.0,0.0
2023-03-16 00:00:00-04:00,7.989617150952184,8.470028612444615,7.923098489084268,8.410901069641113,254900,0.0,0.0
2023-03-17 00:00:00-04:00,8.447856699189478,8.617848223407709,8.122654480463165,8.240909576416016,323200,0.0,0.0
2023-03-20 00:00:00-04:00,8.322209739800856,8.64002010555863,8.30003638264927,8.580892562866211,206100,0.0,0.0
2023-03-21 00:00:00-04:00,8.721321782951588,8.883922892280385,8.662194234987656,8.795230865478516,225700,0.0,0.0
2023-03-22 00:00:00-04:00,8.839576882025222,8.972614217419398,8.699149131774902,8.699149131774902,186200,0.0,0.0
2023-03-23 00:00:00-04:00,8.70653956064629,8.943050457822876,8.66219425201416,8.66219425201416,216000,0.0,0.0
2023-03-24 00:00:00-04:00,8.625238119407584,9.002176712920873,8.580892112288899,8.980003356933594,212500,0.0,0.0
2023-03-27 00:00:00-04:00,9.009567126727427,9.090868022302375,8.856574635665734,8.980003356933594,165400,0.0,0.0
2023-03-28 00:00:00-04:00,8.980004629079795,8.980004629079795,8.750885556933552,8.795230865478516,81200,0.0,0.0
2023-03-29 00:00:00-04:00,8.869140363417117,8.928267909451423,8.758276390816782,8.810012817382812,81700,0.0,0.0
2023-03-30 00:00:00-04:00,8.89131409049177,9.223906753305531,8.832186537318481,8.876532554626465,59300,0.0,0.0
2023-03-31 00:00:00-04:00,8.98000484730013,9.00217820696741,8.824794853909106,8.96522331237793,99400,0.0,0.0
2023-04-03 00:00:00-04:00,8.99478558558431,9.105649545990309,8.920875808743064,9.016958236694336,134000,0.0,0.0
2023-04-04 00:00:00-04:00,9.090868575124786,9.157387237419929,8.8765310548715,8.928267478942871,131100,0.0,0.0
2023-04-05 00:00:00-04:00,8.869140110126331,9.024350090247777,8.573502388397824,8.713930130004883,81800,0.0,0.0
2023-04-06 00:00:00-04:00,8.66219425201416,8.773058228450456,8.61784823852606,8.66219425201416,85200,0.0,0.0
2023-04-10 00:00:00-04:00,8.750885588341728,8.869140684694026,8.573502943813281,8.625239372253418,147400,0.0,0.0
2023-04-11 00:00:00-04:00,8.66958397686272,8.883922202663882,8.66958397686272,8.721321105957031,116400,0.0,0.0
2023-04-12 00:00:00-04:00,8.817405001453174,9.149997664266936,8.817405001453174,8.876532554626465,104600,0.0,0.0
2023-04-13 00:00:00-04:00,8.957831918992381,9.068696599375949,8.906095491060295,8.943050384521484,210100,0.0,0.0
2023-04-14 00:00:00-04:00,9.016958245389855,9.142604443227617,8.943049173333204,8.980003356933594,136700,0.0,0.0
2023-04-17 00:00:00-04:00,8.950441916874771,9.113043045492686,8.86914170499384,8.89870548248291,71200,0.0,0.0
2023-04-18 00:00:00-04:00,8.743494364368505,8.7582766036643,8.277864399390447,8.52176570892334,316200,0.0,0.0
2023-04-19 00:00:00-04:00,8.3296018948252,8.669584955163213,8.3296018948252,8.647412300109863,141800,0.0,0.0
2023-04-20 00:00:00-04:00,8.61045633421242,8.883922100234741,8.521765020173792,8.580892562866211,92700,0.0,0.0
2023-04-21 00:00:00-04:00,8.610456752790608,8.832185401093975,8.447856354909954,8.499592781066895,118700,0.0,0.0
2023-04-24 00:00:00-04:00,8.477420707805232,8.551329792393343,8.263083164244527,8.373947143554688,74400,0.0,0.0
2023-04-25 00:00:00-04:00,8.285255984870375,8.37394731106385,8.167000883279076,8.233519554138184,102800,0.0,0.0
2023-04-26 00:00:00-04:00,8.226127473402142,8.425682757818773,8.226127473402142,8.366555213928223,89900,0.0,0.0
2023-04-27 00:00:00-04:00,8.396119608177534,8.603066731988905,8.388729193285394,8.588284492492676,75400,0.0,0.0
2023-04-28 00:00:00-04:00,8.543937688662915,8.728711420897481,8.499591682790046,8.676974296569824,38500,0.0,0.0
2023-05-01 00:00:00-04:00,8.669585529829801,8.773059101697541,8.536548885835327,8.558721542358398,41400,0.0,0.0
2023-05-02 00:00:00-04:00,8.580893434541242,8.614152768791307,8.233519262149862,8.344383239746094,75200,0.0,0.0
2023-05-03 00:00:00-04:00,8.336992545161905,8.444161673179462,8.218737441732888,8.263083457946777,62100,0.0,0.0
2023-05-04 00:00:00-04:00,8.255691833049758,8.255691833049758,7.790061863122673,7.878753185272217,208900,0.0,0.0
2023-05-05 00:00:00-04:00,7.982227234874853,8.36655632101916,7.982227234874853,8.263083457946777,180400,0.0,0.0
2023-05-08 00:00:00-04:00,8.35916519165039,8.470029165431002,8.314819179224573,8.35916519165039,51700,0.0,0.0
2023-05-09 00:00:00-04:00,8.425683139014449,8.557242388279295,8.314819165417926,8.492201805114746,83300,0.0,0.0
2023-05-10 00:00:00-04:00,8.344383137802746,8.536548021154115,8.189173148150637,8.240909576416016,241800,0.0,0.0
2023-05-11 00:00:00-04:00,8.130044651341183,8.211344844106476,7.871361130492518,8.144826889038086,242800,0.0,0.0
2023-05-12 00:00:00-04:00,8.121709343610917,8.337466123090152,8.067770332457085,8.244998931884766,140300,0.45,0.0
2023-05-15 00:00:00-04:00,8.24500054848966,8.356732219060113,8.098594317424437,8.16794490814209,150400,0.0,0.0
2023-05-16 00:00:00-04:00,8.160238533490734,8.429934357498619,8.129416132608004,8.29893970489502,231200,0.0,0.0
2023-05-17 00:00:00-04:00,8.314350688092466,8.55322485039658,8.314350688092466,8.530107498168945,70600,0.0,0.0
2023-05-18 00:00:00-04:00,8.476167489434292,8.56863468295354,8.414522693754794,8.491579055786133,228600,0.0,0.0
2023-05-19 00:00:00-04:00,8.52240295548131,8.539354799618945,8.43764079533689,8.506991386413574,54700,0.0,0.0
2023-05-22 00:00:00-04:00,8.50699173200319,8.82292156208554,8.45305270780301,8.738160133361816,150700,0.0,0.0
2023-05-23 00:00:00-04:00,8.792098744199667,8.86144933483313,8.700402407370483,8.753570556640625,84000,0.0,0.0
2023-05-24 00:00:00-04:00,8.76127587639718,8.76127587639718,8.491580047517585,8.530107498168945,113300,0.0,0.0
2023-05-25 00:00:00-04:00,8.476168289718858,8.548600894737858,8.40296481236391,8.54551887512207,70600,0.0,0.0
2023-05-26 00:00:00-04:00,8.584048016156814,8.832939132029537,8.584048016156814,8.745865821838379,53600,0.0,0.0
2023-05-30 00:00:00-04:00,8.792098492849867,8.907683052222644,8.745865256991983,8.815215110778809,61900,0.0,0.0
2023-05-31 00:00:00-04:00,8.846035957336426,8.861447523154848,8.668807359608003,8.846035957336426,158800,0.0,0.0
2023-06-01 00:00:00-04:00,8.87686168945379,9.169674177144303,8.82292192815154,9.10802936553955,181500,0.0,0.0
2023-06-02 00:00:00-04:00,9.215908153279928,9.215908153279928,9.015562148132421,9.10802936553955,116400,0.0,0.0
2023-06-05 00:00:00-04:00,9.115733392242506,9.115733392242506,8.946209825599192,9.054088592529297,55200,0.0,0.0
2023-06-06 00:00:00-04:00,9.015560879171352,9.408547048986025,9.015560879171352,9.377724647521973,54300,0.0,0.0
2023-06-07 00:00:00-04:00,9.477897510323846,9.747593335842259,9.420105600203044,9.732182502746582,115000,0.0,0.0
2023-06-08 00:00:00-04:00,9.709065885671063,9.763004903801944,9.61659794764097,9.732182502746582,88400,0.0,0.0
2023-06-09 00:00:00-04:00,9.747593414396244,9.747593414396244,9.524130821228027,9.524130821228027,52900,0.0,0.0
2023-06-12 00:00:00-04:00,9.562659153877311,9.574217830118274,9.362313174884768,9.37001895904541,64000,0.0,0.0
2023-06-13 00:00:00-04:00,9.370019721221507,9.51411481031759,9.123440486935916,9.285258293151855,184100,0.0,0.0
2023-06-14 00:00:00-04:00,9.300668519387116,9.454781265597212,9.18508469459358,9.215907096862793,51900,0.0,0.0
2023-06-15 00:00:00-04:00,9.192789677107825,9.285256875850735,9.061794295172712,9.161967277526855,94200,0.0,0.0
2023-06-16 00:00:00-04:00,9.16196672275731,9.346901109045099,9.11958565032572,9.231316566467285,74200,0.0,0.0
2023-06-20 00:00:00-04:00,9.169673126026957,9.269846117117906,9.104175429346878,9.215907096862793,88800,0.0,0.0
2023-06-21 00:00:00-04:00,9.246729852372319,9.40084186960571,9.177379260901276,9.346902847290039,54500,0.0,0.0
2023-06-22 00:00:00-04:00,9.323785768777148,9.377724788433733,9.092617386891163,9.12343978881836,63900,0.0,0.0
2023-06-23 00:00:00-04:00,9.061794376209443,9.269845391525527,9.023266192672692,9.054088592529297,97600,0.0,0.0
2023-06-26 00:00:00-04:00,9.061794889969722,9.212054005931641,9.061794889969722,9.131145477294922,53900,0.0,0.0
2023-06-27 00:00:00-04:00,9.131145924106391,9.208201564455138,9.046383764399499,9.15426254272461,44500,0.0,0.0
2023-06-28 00:00:00-04:00,9.177378821352711,9.377724801592626,9.131145585829055,9.323785781860352,54400,0.0,0.0
2023-06-29 00:00:00-04:00,9.400842172635674,9.501015170782406,9.32378652896717,9.38157844543457,74400,0.0,0.0
2023-06-30 00:00:00-04:00,9.493307782178627,9.632008946159797,9.346901569537142,9.516425132751465,100700,0.0,0.0
2023-07-03 00:00:00-04:00,9.547248525672012,9.624304164342941,9.493308770251916,9.554953575134277,48700,0.0,0.0
2023-07-05 00:00:00-04:00,9.578070987588518,9.578070987588518,9.43936980830992,9.508720397949219,59800,0.0,0.0
2023-07-06 00:00:00-04:00,9.531835878572885,9.531835878572885,9.246728504533445,9.362312316894531,52000,0.0,0.0
2023-07-07 00:00:00-04:00,9.046382897585135,9.616597667957542,9.007854713670461,9.493308067321777,91200,0.0,0.0
2023-07-10 00:00:00-04:00,9.53954340690048,9.554954241764232,9.403154101238242,9.477898597717285,34700,0.0,0.0
2023-07-11 00:00:00-04:00,9.54724893706846,9.685949386598432,9.400841968016064,9.639716148376465,71900,0.0,0.0
2023-07-12 00:00:00-04:00,9.739886492665589,9.76300310548309,9.531834772716456,9.578068733215332,75600,0.0,0.0
2023-07-13 00:00:00-04:00,9.578071090657645,9.8092387454575,9.423958340972337,9.701360702514648,185500,0.0,0.0
2023-07-14 00:00:00-04:00,9.709066322204217,9.71523036177403,9.554953575134277,9.554953575134277,49100,0.0,0.0
2023-07-17 00:00:00-04:00,9.608893588763154,9.955645809260314,9.570365400960345,9.693655014038086,116800,0.0,0.0
2023-07-18 00:00:00-04:00,9.732182502746582,9.886294508023392,9.400841140253437,9.732182502746582,153800,0.0,0.0
2023-07-19 00:00:00-04:00,9.585775799062269,9.843913690273936,9.585775799062269,9.770710945129395,70000,0.0,0.0
2023-07-20 00:00:00-04:00,9.770711547544076,9.805386843640571,9.45555186275809,9.539543151855469,94400,0.0,0.0
2023-07-21 00:00:00-04:00,9.601187802048713,9.68594922730439,9.512573484527225,9.59348201751709,39700,0.0,0.0
2023-07-24 00:00:00-04:00,9.632009755734984,9.655126373386821,9.454781128964193,9.570364952087402,96100,0.0,0.0
2023-07-25 00:00:00-04:00,9.585775881494008,9.647421420622516,9.477897841463196,9.56265926361084,84500,0.0,0.0
2023-07-26 00:00:00-04:00,9.64742162917206,9.978762275540229,9.624304275925127,9.9479398727417,137600,0.0,0.0
2023-07-27 00:00:00-04:00,10.017290618028225,10.017290618028225,9.724477419471405,9.793828010559082,94600,0.0,0.0
2023-07-28 00:00:00-04:00,9.855471975002938,10.009583978216183,9.816943790483629,9.986467361450195,93600,0.0,0.0
2023-07-31 00:00:00-04:00,10.01728955822393,10.01728955822393,9.766086593923552,9.901705741882324,103800,0.0,0.0
2023-08-01 00:00:00-04:00,9.863178441254247,9.863178441254247,9.70906642737891,9.747593879699707,133000,0.0,0.0
2023-08-02 00:00:00-04:00,9.747593240263427,9.855472010331406,9.639715205059451,9.739888191223145,95400,0.0,0.0
2023-08-03 00:00:00-04:00,9.732183201840895,9.793828008379764,9.49407989775369,9.693655014038086,125900,0.0,0.0
2023-08-04 00:00:00-04:00,9.69365561899915,9.770711999413699,9.601188403420156,9.662833213806152,81600,0.0,0.0
2023-08-07 00:00:00-04:00,9.747594731796479,9.855473518371582,9.670539085554928,9.855473518371582,244300,0.0,0.0
2023-08-08 00:00:00-04:00,9.901706387227149,10.009584426879883,9.748364514609868,10.009584426879883,220400,0.0,0.0
2023-08-09 00:00:00-04:00,10.209930866510081,10.47192166292708,10.078935468301582,10.233047485351562,168600,0.0,0.0
2023-08-10 00:00:00-04:00,10.310104654189702,10.471922468252524,10.21763743684868,10.387160301208496,188500,0.0,0.0
2023-08-11 00:00:00-04:00,10.364041844960736,10.533565414159485,10.271574643997052,10.4410982131958,202200,0.0,0.0
2023-08-14 00:00:00-04:00,10.369366128466709,10.640356597636085,10.281692294260466,10.465009689331055,168500,0.45,0.0
2023-08-15 00:00:00-04:00,10.241840510699515,10.385305459756308,10.201988840364198,10.273721694946289,155900,0.0,0.0
2023-08-16 00:00:00-04:00,10.34545526166977,10.433129100905699,10.13822791462916,10.154168128967285,109200,0.0,0.0
2023-08-17 00:00:00-04:00,10.154166840660872,10.289662065827764,10.07047901576171,10.225899696350098,81400,0.0,0.0
2023-08-18 00:00:00-04:00,10.138227555800574,10.393277057043429,10.010702805179148,10.305603981018066,92800,0.0,0.0
2023-08-21 00:00:00-04:00,10.305603480542649,10.353424879649577,10.217929648667555,10.32154369354248,65700,0.0,0.0
2023-08-22 00:00:00-04:00,10.401247249994341,10.417187463317736,10.19401915603806,10.241841316223145,69400,0.0,0.0
2023-08-23 00:00:00-04:00,10.385305845562062,10.53674204644052,10.321543474699789,10.480949401855469,141100,0.0,0.0
2023-08-24 00:00:00-04:00,10.449069222330449,10.480950410830708,10.289663279829155,10.345455169677734,68700,0.0,0.0
2023-08-25 00:00:00-04:00,10.385305620044264,10.480949174260763,10.16612256997821,10.225899696350098,57500,0.0,0.0
2023-08-28 00:00:00-04:00,10.241840619509677,10.51283030843259,10.241840619509677,10.4410982131958,67900,0.0,0.0
2023-08-29 00:00:00-04:00,10.465008594992563,10.465008594992563,10.178077942404204,10.353424072265625,174300,0.0,0.0
2023-08-30 00:00:00-04:00,10.385305904891595,10.624415177044813,10.361395205708499,10.369365692138672,68100,0.0,0.0
2023-08-31 00:00:00-04:00,10.433128843296489,10.532757650799155,10.385306681247917,10.393277168273926,150800,0.0,0.0
2023-09-01 00:00:00-04:00,10.44109814759519,10.839613332463596,10.44109814759519,10.63238525390625,115900,0.0,0.0
2023-09-05 00:00:00-04:00,10.632386715891379,10.823673848504995,10.488920986377417,10.512831687927246,60800,0.0,0.0
2023-09-06 00:00:00-04:00,10.512831235373044,10.560653396521557,10.476965564645988,10.496891021728516,33300,0.0,0.0
2023-09-07 00:00:00-04:00,10.496890374624746,10.54869701591006,10.353424660130925,10.480949401855469,37600,0.0,0.0
2023-09-08 00:00:00-04:00,10.465008534438624,10.640355423392805,10.465008534438624,10.544711112976074,40600,0.0,0.0
2023-09-11 00:00:00-04:00,10.536741700750719,10.692162379615032,10.520800728504435,10.63238525390625,54800,0.0,0.0
2023-09-12 00:00:00-04:00,10.624415103635089,10.775851304332324,10.536742033831237,10.560652732849121,123500,0.0,0.0
2023-09-13 00:00:00-04:00,10.672237112770702,10.720058510138779,10.52877140045166,10.52877140045166,62500,0.0,0.0
2023-09-14 00:00:00-04:00,10.640357362290064,10.696149253443474,10.544713034444921,10.568624496459961,31000,0.0,0.0
2023-09-15 00:00:00-04:00,10.608474920836262,10.608474920836262,10.353424676867464,10.504860877990723,87100,0.0,0.0
2023-09-18 00:00:00-04:00,10.5447116015109,10.68817731367537,10.496890204194345,10.608474731445312,84400,0.0,0.0
2023-09-19 00:00:00-04:00,10.680207283598836,10.680207283598836,10.532757082116186,10.624415397644043,50800,0.0,0.0
2023-09-20 00:00:00-04:00,10.688177998014531,10.688177998014531,10.449068715799937,10.465009689331055,70800,0.0,0.0
2023-09-21 00:00:00-04:00,10.472979929055713,10.472979929055713,10.249810865528985,10.265751838684082,69300,0.0,0.0
2023-09-22 00:00:00-04:00,10.297633657650966,10.337485332880057,10.194019606098323,10.257781982421875,72500,0.0,0.0
2023-09-25 00:00:00-04:00,10.281691551208496,10.367771433862174,10.241840640475612,10.281691551208496,52000,0.0,0.0
2023-09-26 00:00:00-04:00,10.265752669764149,10.314371425651302,10.058524562616043,10.154168128967285,82800,0.0,0.0
2023-09-27 00:00:00-04:00,10.21793050653478,10.237856724591808,10.122286940183537,10.154168128967285,63300,0.0,0.0
2023-09-28 00:00:00-04:00,10.186048493123474,10.337484697667142,10.062508991601224,10.265751838684082,119300,0.0,0.0
2023-09-29 00:00:00-04:00,10.3534241072877,10.361394593246736,10.186047702684803,10.217928886413574,88400,0.0,0.0
2023-10-02 00:00:00-04:00,10.257780458977205,10.265750944860775,10.002730991561927,10.074463844299316,96700,0.0,0.0
2023-10-03 00:00:00-04:00,10.042583406573337,10.130256477480563,9.7317412749992,9.73971176147461,133800,0.0,0.0
2023-10-04 00:00:00-04:00,9.763623546133978,9.795504735472155,9.660009490758021,9.747682571411133,152100,0.0,0.0
2023-10-05 00:00:00-04:00,9.787532658158208,9.851295026476576,9.70783007781394,9.755651473999023,71200,0.0,0.0
2023-10-06 00:00:00-04:00,9.755651317072001,9.876800270992561,9.67594873800981,9.803473472595215,185400,0.0,0.0
2023-10-09 00:00:00-04:00,9.811444254353713,9.899117321997723,9.715799940423558,9.867236137390137,114300,0.0,0.0
2023-10-10 00:00:00-04:00,9.875207812112956,9.927014458295266,9.699860895613421,9.707831382751465,124600,0.0,0.0
2023-10-11 00:00:00-04:00,9.723769361275515,9.731739846581023,9.64326943596891,9.699858665466309,116400,0.0,0.0
2023-10-12 00:00:00-04:00,9.683919921337331,9.73174208405811,9.612187817417398,9.707831382751465,78200,0.0,0.0
2023-10-13 00:00:00-04:00,9.731742069264293,9.731742069264293,9.612187802805323,9.683919906616211,84600,0.0,0.0
2023-10-16 00:00:00-04:00,9.739712679634822,9.851296460379825,9.683920029154821,9.795504570007324,106800,0.0,0.0
2023-10-17 00:00:00-04:00,9.851296335723262,9.851296335723262,9.636098504075619,9.683919906616211,123200,0.0,0.0
2023-10-18 00:00:00-04:00,9.675949759583732,9.675949759583732,9.588275925219246,9.612187385559082,144100,0.0,0.0
2023-10-19 00:00:00-04:00,9.66797976278367,9.679935493559512,9.532484521087435,9.572336196899414,135800,0.0,0.0
2023-10-20 00:00:00-04:00,9.564365095328228,9.564365095328228,9.404959162427579,9.500602722167969,126800,0.0,0.0
2023-10-23 00:00:00-04:00,9.500603029829248,9.55639491812434,9.4049594669916,9.484662055969238,147700,0.0,0.0
2023-10-24 00:00:00-04:00,9.500603652526838,9.660009601037519,9.492633165074423,9.580307006835938,127200,0.0,0.0
2023-10-25 00:00:00-04:00,9.580304755733824,9.731740181209025,9.524512116784146,9.548422813415527,115800,0.0,0.0
2023-10-26 00:00:00-04:00,9.540455008271328,9.64406906133948,9.500603332459349,9.572336196899414,87600,0.0,0.0
2023-10-27 00:00:00-04:00,9.691890302957185,9.691890302957185,9.484662200269108,9.5165433883667,104000,0.0,0.0
2023-10-30 00:00:00-04:00,9.556393937265867,9.691889160738976,9.500602054697195,9.644067764282227,95700,0.0,0.0
2023-10-31 00:00:00-04:00,9.636098518724042,9.81542991868511,9.56436565469662,9.707831382751465,107200,0.0,0.0
2023-11-01 00:00:00-04:00,9.683918794382555,9.779563108693615,9.37307743324751,9.731740951538086,254500,0.0,0.0
2023-11-02 00:00:00-04:00,9.851295891059204,10.026642799377441,9.803474490677155,10.026642799377441,106300,0.0,0.0
2023-11-03 00:00:00-04:00,10.186047702684803,10.257780556101384,10.114314849268222,10.217928886413574,115800,0.0,0.0
2023-11-06 00:00:00-05:00,10.257780852747286,10.389290834445044,10.217929181907001,10.281691551208496,163900,0.0,0.0
2023-11-07 00:00:00-05:00,10.305602223847481,10.425156467143445,10.22271099805554,10.337483406066895,124900,0.0,0.0
2023-11-08 00:00:00-05:00,10.441097836888126,10.759909671252665,10.281691159598488,10.544711112976074,385500,0.0,0.0
2023-11-09 00:00:00-05:00,10.640357673330925,10.80773411179144,10.504862425048245,10.55268383026123,237500,0.0,0.0
2023-11-10 00:00:00-05:00,10.552683339834742,10.858199123063349,10.527912002672046,10.750856399536133,143100,0.46,0.0
2023-11-13 00:00:00-05:00,10.783883628870601,10.92425504513691,10.626996677655576,10.915998458862305,155000,0.0,0.0
2023-11-14 00:00:00-05:00,10.110923321743332,10.243038160762834,10.073765924835778,10.181109428405762,1776600,0.0,0.0
2023-11-15 00:00:00-05:00,10.238909395919219,10.321481563413144,10.139823267406438,10.230652809143066,455200,0.0,0.0
2023-11-16 00:00:00-05:00,10.230652529255245,10.251295176830714,10.040736864201506,10.15633773803711,389200,0.0,0.0
2023-11-17 00:00:00-05:00,10.189367867856053,10.280196632310101,10.090281728233462,10.14808177947998,310000,0.0,0.0
2023-11-20 00:00:00-05:00,10.148081342736088,10.296710939506708,10.115052630950018,10.280196189880371,326900,0.0,0.0
2023-11-21 00:00:00-05:00,10.255423264692975,10.371024131774902,10.230651931556308,10.371024131774902,383200,0.0,0.0
2023-11-22 00:00:00-05:00,10.371024279570591,10.486624360833432,10.35698690185539,10.46185302734375,352000,0.0,0.0
2023-11-24 00:00:00-05:00,10.536168944043938,10.65176903769129,10.461854148146882,10.569197654724121,299200,0.0,0.0
2023-11-27 00:00:00-05:00,10.626997314651389,10.766543474388063,10.503139850976616,10.527911186218262,439400,0.0,0.0
2023-11-28 00:00:00-05:00,10.53616913202421,10.585711805195107,10.395796912262346,10.486625671386719,544500,0.0,0.0
2023-11-29 00:00:00-05:00,10.626997641377002,10.655897664625206,10.412310629438096,10.428825378417969,367500,0.0,0.0
2023-11-30 00:00:00-05:00,10.519654215208133,10.519654215208133,10.362768036042093,10.379281997680664,285500,0.0,0.0
2023-12-01 00:00:00-05:00,10.461853625555527,10.461853625555527,10.304966667061553,10.437082290649414,462200,0.0,0.0
2023-12-04 00:00:00-05:00,10.379280731661561,10.503138972442773,10.379280731661561,10.47836685180664,310200,0.0,0.0
2023-12-05 00:00:00-05:00,10.486624211390346,10.49323026771115,10.313223304500697,10.371024131774902,367900,0.0,0.0
2023-12-06 00:00:00-05:00,10.40405401328052,10.734341117287348,10.375153202646672,10.412310600280762,215300,0.0,0.0
2023-12-07 00:00:00-05:00,10.453596363524824,10.536168530719337,10.379281570543071,10.511396408081055,275400,0.0,0.0
2023-12-08 00:00:00-05:00,10.536168944043938,10.610483739940994,10.486625484290375,10.569197654724121,254700,0.0,0.0
2023-12-11 00:00:00-05:00,10.569196806479127,10.626996848663984,10.511395976827757,10.536168098449707,315600,0.0,0.0
2023-12-12 00:00:00-05:00,10.585711047277263,10.651768465086596,10.552682338372597,10.610483169555664,250400,0.0,0.0
2023-12-13 00:00:00-05:00,10.651768358699563,10.678191798039308,10.577454355006193,10.643511772155762,241000,0.0,0.0
2023-12-14 00:00:00-05:00,10.651768713952965,10.734340881877102,10.647640814276658,10.668283462524414,347200,0.0,0.0
2023-12-15 00:00:00-05:00,10.668284117141962,10.676541491934367,10.470111846923828,10.470111846923828,1451000,0.0,0.0
2023-12-18 00:00:00-05:00,10.56919762561481,10.626997672279296,10.503140204436377,10.552682876586914,489200,0.0,0.0
2023-12-19 00:00:00-05:00,10.552683314019854,10.560940688876089,10.40405450394066,10.420568466186523,435700,0.0,0.0
2023-12-20 00:00:00-05:00,10.45359682291416,10.565069017285497,10.3792820266666,10.395796775817871,258100,0.0,0.0
2023-12-21 00:00:00-05:00,10.478368129911834,10.478368129911834,10.32561063802208,10.379281997680664,202000,0.0,0.0
2023-12-22 00:00:00-05:00,10.404052838445955,10.453595504719294,10.362766758240518,10.371024131774902,281900,0.0,0.0
2023-12-26 00:00:00-05:00,10.379280835118056,10.470110370089595,10.321480794657251,10.445338249206543,447100,0.0,0.0
2023-12-27 00:00:00-05:00,10.486625209298008,10.522131288901432,10.38753907985581,10.494882583618164,373000,0.0,0.0
2023-12-28 00:00:00-05:00,10.49488173448549,10.52791044162723,10.453595653691693,10.46185302734375,198200,0.0,0.0
2023-12-29 00:00:00-05:00,10.494883264959423,10.527911976917755,10.395797129084425,10.420568466186523,267900,0.0,0.0
2024-01-02 00:00:00-05:00,10.519654382656181,10.607180506893586,10.428825623531807,10.486625671386719,366900,0.0,0.0
2024-01-03 00:00:00-05:00,10.48662432987847,10.507267763947679,10.399924269187265,10.445338249206543,209800,0.0,0.0
2024-01-04 00:00:00-05:00,10.503139668748865,10.668283213272197,10.470110959844199,10.610483169555664,452300,0.0,0.0
2024-01-05 00:00:00-05:00,10.635254859924316,10.674889626921596,10.52791135552882,10.635254859924316,391600,0.0,0.0
2024-01-08 00:00:00-05:00,10.709569121783439,10.816912620841338,10.598096935746405,10.800397872924805,703100,0.0,0.0
2024-01-09 00:00:00-05:00,10.750855600607762,10.821040919441947,10.63525472332815,10.651768684387207,443600,0.0,0.0
2024-01-10 00:00:00-05:00,10.651767970975463,10.678191409353396,10.585710556230383,10.602225303649902,153300,0.0,0.0
2024-01-11 00:00:00-05:00,10.569197056676625,10.631125787264471,10.42056747329257,10.593968391418457,278500,0.0,0.0
2024-01-12 00:00:00-05:00,10.585710836476874,10.767369125568324,10.585710836476874,10.67654037475586,202600,0.0,0.0
2024-01-16 00:00:00-05:00,10.693054797915034,10.726083507591378,10.585711294600276,10.668283462524414,217700,0.0,0.0
2024-01-17 00:00:00-05:00,10.668283106720219,10.693054441284675,10.560939606985537,10.643511772155762,204100,0.0,0.0
2024-01-18 00:00:00-05:00,10.676540944302056,10.684797531204355,10.51057134183415,10.635254859924316,185100,0.0,0.0
2024-01-19 00:00:00-05:00,10.660026058650011,10.69305476823468,10.570848621518063,10.651768684387207,237200,0.0,0.0
2024-01-22 00:00:00-05:00,10.651768536979482,10.915998997466742,10.6104832411699,10.858198165893555,303700,0.0,0.0
2024-01-23 00:00:00-05:00,10.924255119774653,10.965541201295764,10.841683744198937,10.866455078125,200700,0.0,0.0
2024-01-24 00:00:00-05:00,10.833426400804532,10.981229927342374,10.800397692988252,10.882969856262207,256300,0.0,0.0
2024-01-25 00:00:00-05:00,10.940770362467202,10.944899049552797,10.821040799384564,10.874712944030762,163600,0.0,0.0
2024-01-26 00:00:00-05:00,10.891226026484045,11.039030334841085,10.891226026484045,11.015084266662598,185100,0.0,0.0
2024-01-29 00:00:00-05:00,11.023342809634613,11.048114145311724,10.911870617887772,10.949028015136719,219800,0.0,0.0
2024-01-30 00:00:00-05:00,10.982056404747842,11.089399906171879,10.924255573232413,11.048113822937012,308600,0.0,0.0
2024-01-31 00:00:00-05:00,11.0315990081219,11.13068513480804,10.891226798449901,10.90774154663086,267100,0.0,0.0
2024-02-01 00:00:00-05:00,10.940769968760916,11.09765613503524,10.8251690969238,11.02334213256836,384200,0.0,0.0
2024-02-02 00:00:00-05:00,11.089400565798934,11.28757283215426,11.006828394417589,11.163715362548828,389900,0.0,0.0
2024-02-05 00:00:00-05:00,11.188486422169104,11.188486422169104,10.95728545047456,11.089400291442871,279100,0.0,0.0
2024-02-06 00:00:00-05:00,11.114171383234824,11.320601014582078,11.064627925226201,11.13894271850586,377900,0.0,0.0
2024-02-07 00:00:00-05:00,11.14719960036234,11.163714348124582,11.006827394249344,11.130684852600098,371700,0.0,0.0
2024-02-08 00:00:00-05:00,11.20500027511576,11.213257649463007,11.10178545817485,11.122428894042969,387900,0.0,0.0
2024-02-09 00:00:00-05:00,11.20798636575637,11.349155622927915,11.053983243046856,11.122428894042969,401500,0.47,0.0
2024-02-12 00:00:00-05:00,11.139540579506258,11.481768830331553,11.079650023659449,11.447546005249023,429700,0.0,0.0
2024-02-13 00:00:00-05:00,11.207986438285449,11.58871547640716,11.148095881323897,11.336321830749512,702600,0.0,0.0
2024-02-14 00:00:00-05:00,11.36198902918469,11.533103162046281,11.318355190484363,11.438990592956543,303200,0.0,0.0
2024-02-15 00:00:00-05:00,11.464657354808846,11.729884869131883,11.447546349720945,11.687106132507324,348000,0.0,0.0
2024-02-16 00:00:00-05:00,11.669994086675585,11.669994086675585,11.473212242126465,11.473212242126465,231800,0.0,0.0
2024-02-20 00:00:00-05:00,11.396210961021938,11.550214076474607,11.387655867002943,11.498879432678223,245500,0.0,0.0
2024-02-21 00:00:00-05:00,11.490324686618402,11.53310260581826,11.302098741580297,11.387656211853027,141500,0.0,0.0
2024-02-22 00:00:00-05:00,11.413322106763923,11.695660591125488,11.413322106763923,11.695660591125488,229400,0.0,0.0
2024-02-23 00:00:00-05:00,11.746995123966535,11.755551033932308,11.550214090372661,11.575881004333496,169600,0.0,0.0
2024-02-26 00:00:00-05:00,11.524547367811003,11.746995319060117,11.490324543316024,11.635771751403809,408100,0.0,0.0
2024-02-27 00:00:00-05:00,11.618660920820094,11.627216831656721,11.50743652775363,11.541659355163574,256000,0.0,0.0
2024-02-28 00:00:00-05:00,11.567325116331103,11.640903815551502,11.46380073428595,11.481767654418945,220000,0.0,0.0
2024-02-29 00:00:00-05:00,11.503156611928771,11.635770759486258,11.447544832841368,11.481767654418945,223700,0.0,0.0
2024-03-01 00:00:00-05:00,11.327766151963326,11.490325189407407,11.310655146721947,11.379100799560547,223800,0.0,0.0
2024-03-04 00:00:00-05:00,11.524547833135863,11.545936793332658,11.379100619175379,11.396211624145508,192100,0.0,0.0
2024-03-05 00:00:00-05:00,11.379099130290166,11.499734514526207,11.379099130290166,11.42187786102295,164200,0.0,0.0
2024-03-06 00:00:00-05:00,11.396210133021425,11.507434506552094,11.361987311622482,11.42187786102295,170800,0.0,0.0
2024-03-07 00:00:00-05:00,11.396211642790284,11.56732658839071,11.396211642790284,11.550214767456055,201400,0.0,0.0
2024-03-08 00:00:00-05:00,10.429416925377271,10.52353031888785,9.830516998402777,9.89040756225586,2658700,0.0,0.0
2024-03-11 00:00:00-04:00,9.933183930524532,10.172744516516744,9.821959547585966,10.129965782165527,692000,0.0,0.0
2024-03-12 00:00:00-04:00,10.189856021826513,10.21552293732493,10.07435367817884,10.121410369873047,394200,0.0,0.0
2024-03-13 00:00:00-04:00,10.104299302975084,10.112854397464478,9.967407183969936,9.984519004821777,500200,0.0,0.0
2024-03-14 00:00:00-04:00,9.984517992789423,10.129965191541412,9.898960529075389,9.924628257751465,433800,0.0,0.0
2024-03-15 00:00:00-04:00,9.856184158079056,10.129966779380172,9.856184158079056,10.112854957580566,572700,0.0,0.0
2024-03-18 00:00:00-04:00,10.112854908318308,10.151355691243303,10.045265170786886,10.05296516418457,426600,0.0,0.0
2024-03-19 00:00:00-04:00,10.164188426562708,10.241189983844745,10.112853783062526,10.147076606750488,550000,0.0,0.0
2024-03-20 00:00:00-04:00,10.155633478223505,10.296802741294757,10.155633478223505,10.224079132080078,404400,0.0,0.0
2024-03-21 00:00:00-04:00,10.224077699056398,10.403747719231193,10.224077699056398,10.309635162353516,384800,0.0,0.0
2024-03-22 00:00:00-04:00,10.343858454908633,10.343858454908633,10.134243557827801,10.147076606750488,215400,0.0,0.0
2024-03-25 00:00:00-04:00,10.266857869724575,10.279691735798892,10.202690171226108,10.224079132080078,323100,0.0,0.0
2024-03-26 00:00:00-04:00,10.360969224941098,10.421714878405108,10.318191308248984,10.35241413116455,245400,0.0,0.0
2024-03-27 00:00:00-04:00,10.386637730128367,10.446527470721216,10.309636168830979,10.369525909423828,453800,0.0,0.0
2024-03-28 00:00:00-04:00,10.369525909423828,10.497862116898316,10.360969999071557,10.369525909423828,420600,0.0,0.0
2024-04-01 00:00:00-04:00,10.480750029596788,10.480750029596788,10.395192560123439,10.420860290527344,240500,0.0,0.0
2024-04-02 00:00:00-04:00,10.412305376895855,10.463639210743537,10.360970727111596,10.403749465942383,216400,0.0,0.0
2024-04-03 00:00:00-04:00,10.403748249589107,10.502138766240995,10.403748249589107,10.455082893371582,206900,0.0,0.0
2024-04-04 00:00:00-04:00,10.480750359200508,10.583418836235394,10.463638538393097,10.506417274475098,259900,0.0,0.0
2024-04-05 00:00:00-04:00,10.583417654952212,10.583417654952212,10.489305098825536,10.54063892364502,172600,0.0,0.0
2024-04-08 00:00:00-04:00,10.583419307776452,10.668976783752441,10.540640569788458,10.668976783752441,223100,0.0,0.0
2024-04-09 00:00:00-04:00,10.686086157477257,10.733142843671521,10.62191846826281,10.694642066955566,189600,0.0,0.0
2024-04-10 00:00:00-04:00,10.66041920811787,10.698919984700701,10.523527920684003,10.54063892364502,210800,0.0,0.0
2024-04-11 00:00:00-04:00,10.549194829490327,10.711753845214844,10.549194829490327,10.711753845214844,254200,0.0,0.0
2024-04-12 00:00:00-04:00,10.737421989440918,10.831534556332286,10.660420427467741,10.737421989440918,179200,0.0,0.0
2024-04-15 00:00:00-04:00,10.728867029066718,10.865758344280232,10.591975713853204,10.660421371459961,202400,0.0,0.0
2024-04-16 00:00:00-04:00,10.651864773914022,10.716032471793588,10.579141165400769,10.609086036682129,652900,0.0,0.0
2024-04-17 00:00:00-04:00,10.677530759311072,10.805866959822003,10.677530759311072,10.76308822631836,159600,0.0,0.0
2024-04-18 00:00:00-04:00,10.771644867367092,10.848646429713089,10.754533046429524,10.797311782836914,242100,0.0,0.0
2024-04-19 00:00:00-04:00,10.72030872024478,10.852922866142752,10.70319771763833,10.745976448059082,231800,0.0,0.0
2024-04-22 00:00:00-04:00,10.754532814025879,10.780200544877557,10.686087163627766,10.754532814025879,231300,0.0,0.0
2024-04-23 00:00:00-04:00,10.754532372128633,10.878590618338055,10.754532372128633,10.822978019714355,247900,0.0,0.0
2024-04-24 00:00:00-04:00,10.882869941250993,10.882869941250993,10.750255768439997,10.771645545959473,114500,0.0,0.0
2024-04-25 00:00:00-04:00,10.745976448059082,10.899978735262803,10.66041898721758,10.745976448059082,315600,0.0,0.0
2024-04-26 00:00:00-04:00,10.74597801213893,10.942759058404933,10.74597801213893,10.934203147888184,301000,0.0,0.0
2024-04-29 00:00:00-04:00,10.925648508045839,11.045427996519534,10.917092597172985,10.94275951385498,194000,0.0,0.0
2024-04-30 00:00:00-04:00,10.942758310957611,10.951314220889946,10.8144229257185,10.822978019714355,113400,0.0,0.0
2024-05-01 00:00:00-04:00,10.8572011029825,11.113872695531375,10.8572011029825,11.019760131835938,296600,0.0,0.0
2024-05-02 00:00:00-04:00,11.096762425934525,11.160930124336298,10.994093945304376,11.053983688354492,292000,0.0,0.0
2024-05-03 00:00:00-04:00,11.130984127180694,11.207985683850593,11.07109357425051,11.14809513092041,185500,0.0,0.0
2024-05-06 00:00:00-04:00,11.16520747211847,11.340599552309516,11.156651561880732,11.293542861938477,259200,0.0,0.0
2024-05-07 00:00:00-04:00,11.379100566883043,11.550214695480635,11.310654915444005,11.336321830749512,558000,0.0,0.0
2024-05-08 00:00:00-04:00,10.66041920811787,10.754531764244547,10.352413811391669,10.54063892364502,993500,0.0,0.0
2024-05-09 00:00:00-04:00,10.540640329640803,10.860861998642841,10.540640329640803,10.763016700744629,578500,0.47,0.0
2024-05-10 00:00:00-04:00,10.140362291021571,10.389424440085598,10.095887694965928,10.29157829284668,2671900,0.0,0.0
2024-05-13 00:00:00-04:00,10.336053958380614,10.39831907282975,10.255998326489687,10.380529403686523,773100,0.0,0.0
2024-05-14 00:00:00-04:00,10.36273893897704,10.50506053433989,10.322711122827888,10.49616527557373,506400,0.0,0.0
2024-05-15 00:00:00-04:00,10.407214779653426,10.478375155887406,10.31826473351025,10.416110038757324,587600,0.0,0.0
2024-05-16 00:00:00-04:00,10.43389892578125,10.491717257319708,10.389424330196018,10.43389892578125,492100,0.0,0.0
2024-05-17 00:00:00-04:00,10.425004959106445,10.465032775474702,10.407214441476745,10.425004959106445,357600,0.0,0.0
2024-05-20 00:00:00-04:00,10.416108972330468,10.46058441499785,10.291577902521501,10.371633529663086,547300,0.0,0.0
2024-05-21 00:00:00-04:00,10.344948940646145,10.398318794948146,10.264893310894601,10.362738609313965,518600,0.0,0.0
2024-05-22 00:00:00-04:00,10.38052890587094,10.620694941727594,10.362738389282324,10.6029052734375,540100,0.0,0.0
2024-05-23 00:00:00-04:00,10.629590087018489,10.691856046118168,10.549534459817837,10.558429718017578,494900,0.0,0.0
2024-05-24 00:00:00-04:00,10.540640664185206,10.651828853266068,10.505060477611272,10.567325592041016,366400,0.0,0.0
2024-05-28 00:00:00-04:00,10.602905611964028,10.682961242571745,10.367186349430028,10.407214164733887,384500,0.0,0.0
2024-05-29 00:00:00-04:00,10.407214503252417,10.4516899492921,10.35384464664366,10.398319244384766,374400,0.0,0.0
2024-05-30 00:00:00-04:00,10.425004566203516,10.536192752302917,10.402766420004511,10.505060195922852,251300,0.0,0.0
2024-05-31 00:00:00-04:00,10.567324760248255,10.656274795532227,10.532633593297666,10.656274795532227,280100,0.0,0.0
2024-06-03 00:00:00-04:00,10.700752088417321,10.718542607530745,10.620696449004194,10.682962417602539,265400,0.0,0.0
2024-06-04 00:00:00-04:00,10.674065816469444,10.691856333346857,10.620695114135742,10.620695114135742,303700,0.0,0.0
2024-06-05 00:00:00-04:00,10.629590483727315,10.674065928087387,10.522849926242266,10.665170669555664,304400,0.0,0.0
2024-06-06 00:00:00-04:00,10.674066927636655,10.798598013846588,10.64738199784118,10.780807495117188,493300,0.0,0.0
2024-06-07 00:00:00-04:00,10.807491746323038,10.825282263935392,10.716762821055452,10.79859733581543,293100,0.0,0.0
2024-06-10 00:00:00-04:00,10.763016761480943,10.807491357313854,10.682961131704042,10.73633098602295,266900,0.0,0.0
2024-06-11 00:00:00-04:00,10.727436230618624,10.727436230618624,10.540640049916608,10.558429718017578,267000,0.0,0.0
2024-06-12 00:00:00-04:00,10.585114470992773,10.638485171018797,10.522849361211163,10.540639877319336,190000,0.0,0.0
2024-06-13 00:00:00-04:00,10.540640330421706,10.550424605722691,10.407213998770404,10.43389892578125,303000,0.0,0.0
2024-06-14 00:00:00-04:00,10.442794518135662,10.451689776856556,10.318264289237385,10.380529403686523,223900,0.0,0.0
2024-06-17 00:00:00-04:00,10.40721366183498,10.602015234474639,10.336053293244195,10.442793846130371,172700,0.0,0.0
2024-06-18 00:00:00-04:00,10.469480745082107,10.509507714452448,10.35384492162724,10.416110038757324,253500,0.0,0.0
2024-06-20 00:00:00-04:00,10.433899369622726,10.53174551998894,10.39387240155304,10.425004959106445,149500,0.0,0.0
2024-06-21 00:00:00-04:00,10.43389898058233,10.43389898058233,10.300473496528783,10.362738609313965,532600,0.0,0.0
2024-06-24 00:00:00-04:00,10.318264013495142,10.460584756031869,10.318264013495142,10.362738609313965,225800,0.0,0.0
2024-06-25 00:00:00-04:00,10.336054354819812,10.389425060893648,10.300474166870117,10.300474166870117,256100,0.0,0.0
2024-06-26 00:00:00-04:00,10.602905494302851,10.602905494302851,10.433898976384578,10.505060195922852,749900,0.0,0.0
2024-06-27 00:00:00-04:00,10.540641401962008,10.540641401962008,10.420557945757956,10.478375434875488,338000,0.0,0.0
2024-06-28 00:00:00-04:00,10.522849752600443,10.522849752600443,10.420556826069234,10.46058464050293,283600,0.0,0.0
2024-07-01 00:00:00-04:00,10.522850261174089,10.53174551998894,10.362738995701063,10.425004959106445,236000,0.0,0.0
2024-07-02 00:00:00-04:00,10.451689609326904,10.451689609326904,10.371633978719185,10.407214164733887,183500,0.0,0.0
2024-07-03 00:00:00-04:00,10.407214164733887,10.487269795341605,10.371633978719185,10.407214164733887,153900,0.0,0.0
2024-07-05 00:00:00-04:00,10.478375155887406,10.478375155887406,10.380529850640334,10.416110038757324,249400,0.0,0.0
2024-07-08 00:00:00-04:00,10.398319182661893,10.442794628437575,10.398319182661893,10.425004959106445,184200,0.0,0.0
2024-07-09 00:00:00-04:00,10.398319018724234,10.42055716541076,10.211522828050215,10.264893531799316,250100,0.0,0.0
2024-07-10 00:00:00-04:00,10.282683821954615,10.32715841774789,10.260445675759437,10.31826400756836,207700,0.0,0.0
2024-07-11 00:00:00-04:00,10.407214275089189,10.460584978826445,10.313816603922184,10.451689720153809,248400,0.0,0.0
2024-07-12 00:00:00-04:00,10.496164486846743,10.558429596933857,10.46947956085205,10.46947956085205,233000,0.0,0.0
2024-07-15 00:00:00-04:00,10.513955499713628,10.602906395472743,10.487270570305338,10.576221466064453,206700,0.0,0.0
2024-07-16 00:00:00-04:00,10.611800245155033,10.62958991296471,10.536192248292293,10.540639877319336,155200,0.0,0.0
2024-07-17 00:00:00-04:00,10.540640387482382,10.594010241792988,10.487269684873239,10.549534797668457,323800,0.0,0.0
2024-07-18 00:00:00-04:00,10.576220907872031,10.669618580021005,10.46948034757382,10.49616527557373,215100,0.0,0.0
2024-07-19 00:00:00-04:00,10.496164659794593,10.518401957106828,10.456136845993758,10.487269401550293,153700,0.0,0.0
2024-07-22 00:00:00-04:00,10.50506008784221,10.6696181265291,10.496164829454127,10.647380828857422,246700,0.0,0.0
2024-07-23 00:00:00-04:00,10.647380940170489,10.705198423700423,10.616248383785253,10.691856384277344,177200,0.0,0.0
2024-07-24 00:00:00-04:00,10.647380944402132,10.691856388526663,10.540640387482382,10.549534797668457,141900,0.0,0.0
2024-07-25 00:00:00-04:00,10.647381334404118,10.718541708290477,10.602905888650499,10.611801147460938,186700,0.0,0.0
2024-07-26 00:00:00-04:00,10.647382227674331,10.682962417602539,10.589563888854345,10.682962417602539,119500,0.0,0.0
2024-07-29 00:00:00-04:00,10.682961922911785,10.754122299473009,10.505060981508722,10.531745910644531,174800,0.0,0.0
2024-07-30 00:00:00-04:00,10.505060195922852,10.540640381542719,10.407214049244313,10.505060195922852,199100,0.0,0.0
2024-07-31 00:00:00-04:00,10.558430839780339,10.647381734631171,10.496165722363918,10.531745910644531,167800,0.0,0.0
2024-08-01 00:00:00-04:00,10.54064072110596,10.602905835871944,10.442794571275341,10.49616527557373,261600,0.0,0.0
2024-08-02 00:00:00-04:00,10.442793661076095,10.451688919066939,10.229312559086791,10.238207817077637,265500,0.0,0.0
2024-08-05 00:00:00-04:00,9.88240589641155,9.971356786602252,9.579974736019993,9.891301155090332,480000,0.0,0.0
2024-08-06 00:00:00-04:00,10.060307051882235,10.086991977962448,9.935775983010394,10.024726867675781,232300,0.0,0.0
2024-08-07 00:00:00-04:00,10.131468273618404,10.149257943070713,9.9491197081647,9.980252265930176,183000,0.0,0.0
2024-08-08 00:00:00-04:00,10.078097741281443,10.104782670066253,9.904644431732283,9.998042106628418,312000,0.0,0.0
2024-08-09 00:00:00-04:00,10.26489354455782,10.26489354455782,9.32201733134119,9.330912590026855,1013400,0.0,0.0
2024-08-12 00:00:00-04:00,9.247268648699094,9.470318136307062,9.17291881949644,9.442437171936035,653800,0.45,0.0
2024-08-13 00:00:00-04:00,9.433143061858239,9.553961753845215,9.2937373560455,9.553961753845215,412000,0.0,0.0
2024-08-14 00:00:00-04:00,9.526081551614835,9.553962517742663,9.335559991488132,9.386675834655762,458000,0.0,0.0
2024-08-15 00:00:00-04:00,9.433143167869066,9.83277416229248,9.433143167869066,9.83277416229248,458000,0.0,0.0
2024-08-16 00:00:00-04:00,9.851362921168905,9.958240698561902,9.814188003540039,9.814188003540039,322700,0.0,0.0
2024-08-19 00:00:00-04:00,9.907124484673764,9.981474317156426,9.888537469713057,9.972180366516113,306300,0.0,0.0
2024-08-20 00:00:00-04:00,9.990768170699226,9.990768170699226,9.814187541849023,9.823480606079102,148300,0.0,0.0
2024-08-21 00:00:00-04:00,9.860655292407294,9.897830207421917,9.786305462378051,9.851362228393555,200900,0.0,0.0
2024-08-22 00:00:00-04:00,9.869949637977648,9.962887372395787,9.814187706382702,9.842068672180176,166300,0.0,0.0
2024-08-23 00:00:00-04:00,9.832774555908113,10.065118001721292,9.832774555908113,9.953593254089355,255800,0.0,0.0
2024-08-26 00:00:00-04:00,10.009356467980995,10.130174284633297,9.935005746958124,9.944299697875977,293300,0.0,0.0
2024-08-27 00:00:00-04:00,9.97217997245644,10.046530688320981,9.939652032820636,9.981473922729492,149700,0.0,0.0
2024-08-28 00:00:00-04:00,9.953593556294427,9.98147452246894,9.786305986607482,9.795599937438965,170800,0.0,0.0
2024-08-29 00:00:00-04:00,9.851362359619586,9.879243324671972,9.795599543194916,9.804893493652344,143200,0.0,0.0
2024-08-30 00:00:00-04:00,9.804893755676904,9.879243588683446,9.777012789879432,9.842068672180176,172100,0.0,0.0
2024-09-03 00:00:00-04:00,9.842068805276442,9.869949771450955,9.75842502043297,9.795599937438965,226000,0.0,0.0
2024-09-04 00:00:00-04:00,9.777013085911173,9.8374219946881,9.777013085911173,9.814188003540039,150200,0.0,0.0
2024-09-05 00:00:00-04:00,9.81418783910193,9.879243722282437,9.777012922095935,9.795599937438965,112000,0.0,0.0
2024-09-06 00:00:00-04:00,9.795599143838158,9.842068007910912,9.6515464629005,9.684074401855469,155600,0.0,0.0
2024-09-09 00:00:00-04:00,9.711955496100453,9.739836460390308,9.628311716911016,9.637605667114258,183900,0.0,0.0
2024-09-10 00:00:00-04:00,9.637606229727249,9.660841106591734,9.461025597156784,9.5167875289917,323900,0.0,0.0
2024-09-11 00:00:00-04:00,9.433143123322779,9.484258962736446,9.342994643252668,9.423850059509277,257100,0.0,0.0
2024-09-12 00:00:00-04:00,9.423850453481021,9.581844067073892,9.41455650295911,9.544669151306152,227100,0.0,0.0
2024-09-13 00:00:00-04:00,9.544669469228483,9.795599937438965,9.540022493812742,9.795599937438965,218600,0.0,0.0
2024-09-16 00:00:00-04:00,9.804893493078778,9.809540468307219,9.61901891554058,9.67478084564209,284300,0.0,0.0
2024-09-17 00:00:00-04:00,9.693368913409245,9.716602903631488,9.553962313116047,9.56325626373291,419700,0.0,0.0
2024-09-18 00:00:00-04:00,9.535375558804551,9.660841236601438,9.535375558804551,9.600431442260742,285300,0.0,0.0
2024-09-19 00:00:00-04:00,9.693368482013842,9.718461083978749,9.619018653027647,9.637605667114258,217800,0.0,0.0
2024-09-20 00:00:00-04:00,9.609725435544297,9.623665475592183,9.368088029754919,9.40526294708252,664800,0.0,0.0
2024-09-23 00:00:00-04:00,9.42385042016932,9.544669117567375,9.41455646968026,9.479612350463867,245100,0.0,0.0
2024-09-24 00:00:00-04:00,9.52608134926787,9.563256265421971,9.428497526733318,9.433143615722656,231600,0.0,0.0
2024-09-25 00:00:00-04:00,9.461025668543257,9.470318733039246,9.37738188383984,9.386675834655762,429100,0.0,0.0
2024-09-26 00:00:00-04:00,9.414556109375907,9.478683124448345,9.386675145295666,9.423850059509277,222100,0.0,0.0
2024-09-27 00:00:00-04:00,9.47961192590244,9.595783642853007,9.451730962003865,9.553961753845215,160400,0.0,0.0
2024-09-30 00:00:00-04:00,9.56325626373291,9.62459491969234,9.526081347585373,9.56325626373291,272000,0.0,0.0
2024-10-01 00:00:00-04:00,9.581843666497095,9.619018580710707,9.414556109375907,9.423850059509277,292300,0.0,0.0
2024-10-02 00:00:00-04:00,9.433143518020481,9.488906334834038,9.368087637004585,9.414556503295898,149200,0.0,0.0
2024-10-03 00:00:00-04:00,9.414556729747739,9.540022405856185,9.386675763830281,9.5167875289917,160800,0.0,0.0
2024-10-04 00:00:00-04:00,9.553962051865172,9.660840708396693,9.531656925522597,9.656193733215332,133800,0.0,0.0
2024-10-07 00:00:00-04:00,9.6376056989441,9.670133638443003,9.526080955096477,9.572549819946289,143700,0.0,0.0
2024-10-08 00:00:00-04:00,9.581843604063652,9.591136667816603,9.507492889801014,9.553961753845215,87300,0.0,0.0
2024-10-09 00:00:00-04:00,9.637605997565549,9.637605997565549,9.52608125026233,9.544669151306152,150500,0.0,0.0
2024-10-10 00:00:00-04:00,9.535375558804551,9.622736569822848,9.507493706191951,9.600431442260742,137100,0.0,0.0
2024-10-11 00:00:00-04:00,9.600430917358892,9.69801562352769,9.600430917358892,9.656193733215332,133200,0.0,0.0
2024-10-14 00:00:00-04:00,9.66548691226512,9.777012545305013,9.65619384811171,9.77236557006836,167900,0.0,0.0
2024-10-15 00:00:00-04:00,9.804893755676904,9.874596613330548,9.795599804971106,9.842068672180176,207400,0.0,0.0
2024-10-16 00:00:00-04:00,9.842068896739436,9.972180664309588,9.842068896739436,9.944299697875977,137300,0.0,0.0
2024-10-17 00:00:00-04:00,9.981474219417363,9.981474219417363,9.935005352990744,9.953593254089355,142600,0.0,0.0
2024-10-18 00:00:00-04:00,9.962886908503268,10.018648837501823,9.925711993730937,9.981473922729492,168000,0.0,0.0
2024-10-21 00:00:00-04:00,9.990767478942871,10.033518230400913,9.93035857719046,9.990767478942871,233500,0.0,0.0
2024-10-22 00:00:00-04:00,9.97218003745116,9.995414913285229,9.842068278059928,9.851362228393555,119300,0.0,0.0
2024-10-23 00:00:00-04:00,9.860654760872134,9.907123623715496,9.702661158996609,9.77701187133789,178600,0.0,0.0
2024-10-24 00:00:00-04:00,9.749130112385322,9.795598975660264,9.36808702890652,9.665486335754395,625300,0.0,0.0
2024-10-25 00:00:00-04:00,9.749130940684335,9.767718842101504,9.665487156946924,9.711956024169922,155300,0.0,0.0
2024-10-28 00:00:00-04:00,9.758424627114254,9.851362359043302,9.46102530305314,9.67478084564209,401900,0.0,0.0
2024-10-29 00:00:00-04:00,9.600430617889414,9.637605531860801,9.488905875975252,9.553961753845215,255300,0.0,0.0
2024-10-30 00:00:00-04:00,9.544669854888719,9.583703386374205,9.377382278442383,9.377382278442383,313900,0.0,0.0
2024-10-31 00:00:00-04:00,9.340206671757759,9.442437468542725,9.316971795452151,9.414556503295898,448800,0.0,0.0
2024-11-01 00:00:00-04:00,9.451731419412562,9.451731419412562,9.279796880024351,9.284443855285645,459300,0.0,0.0
2024-11-04 00:00:00-05:00,9.293737707812754,9.368087538569664,9.205446951418963,9.265856742858887,534400,0.0,0.0
2024-11-05 00:00:00-05:00,9.29373780580823,9.330912721578667,9.228681924789942,9.284443855285645,357900,0.0,0.0
2024-11-06 00:00:00-05:00,9.553961595686442,9.665486335754395,9.344853040428973,9.665486335754395,384500,0.0,0.0
2024-11-07 00:00:00-05:00,9.65619383104822,9.804893493078778,9.600431014626812,9.67478084564209,224400,0.0,0.0
2024-11-08 00:00:00-05:00,9.758424627685102,9.804893493652344,9.651546856384375,9.804893493652344,256500,0.0,0.0
2024-11-11 00:00:00-05:00,9.804893229633308,9.814187179840475,9.730543400615717,9.767718315124512,221500,0.0,0.0
2024-11-12 00:00:00-05:00,9.730544054258457,9.851362756107925,9.721250103426975,9.795599937438965,371200,0.0,0.0
2024-11-13 00:00:00-05:00,9.85136232527054,9.85136232527054,9.368087539008108,9.739836692810059,432900,0.0,0.0
2024-11-14 00:00:00-05:00,9.739836162466364,9.81418687549818,9.6190183587993,9.665486335754395,278600,0.0,0.0
2024-11-15 00:00:00-05:00,9.665486895185206,9.730543662063498,9.553962148662288,9.67478084564209,394800,0.0,0.0
2024-11-18 00:00:00-05:00,9.674781316165276,9.911576547041552,9.674781316165276,9.771431922912598,424800,0.4,0.0
2024-11-19 00:00:00-05:00,9.732771469168368,9.906743851268526,9.587795098576425,9.897078514099121,458100,0.0,0.0
2024-11-20 00:00:00-05:00,10.003395762541391,10.009194412022707,9.785930276588932,9.858418464660645,250100,0.0,0.0
2024-11-21 00:00:00-05:00,9.955069693882304,10.022725211127094,9.887413254900224,9.96473503112793,282300,0.0,0.0
2024-11-22 00:00:00-05:00,9.858417840206824,10.090380396038217,9.848752503279533,10.071050643920898,233500,0.0,0.0
2024-11-25 00:00:00-05:00,10.148371830108339,10.158037167353964,9.950237025259494,9.96473503112793,299200,0.0,0.0
2024-11-26 00:00:00-05:00,9.95506992061841,9.959902589351291,9.839088636241208,9.916409492492676,249400,0.0,0.0
2024-11-27 00:00:00-05:00,9.97439906992465,10.02272483259032,9.935738644139564,10.003395080566406,218700,0.0,0.0
2024-11-29 00:00:00-05:00,10.042056354741474,10.148372304198109,10.013060341650027,10.061386108398438,254300,0.0,0.0
2024-12-02 00:00:00-05:00,10.196697235107422,10.332008264826513,10.148371472320349,10.196697235107422,499400,0.0,0.0
2024-12-03 00:00:00-05:00,10.148371722940043,10.196697486920547,9.916409161918361,10.022725105285645,311300,0.0,0.0
2024-12-04 00:00:00-05:00,10.032390488984255,10.100046005828546,9.984064724779497,10.090380668640137,213800,0.0,0.0
2024-12-05 00:00:00-05:00,10.090380648800807,10.13870641291055,9.872916092912893,9.897078514099121,289600,0.0,0.0
2024-12-06 00:00:00-05:00,9.935738817353444,10.211194471091469,9.935738817353444,10.2063627243042,322300,0.0,0.0
2024-12-09 00:00:00-05:00,10.283683400499248,10.399664677883338,10.283683400499248,10.322343826293945,270200,0.0,0.0
2024-12-10 00:00:00-05:00,10.370669440469891,10.457655635427951,10.206363309894732,10.438325881958008,238300,0.0,0.0
2024-12-11 00:00:00-05:00,10.4673205478335,10.4673205478335,10.283683749510672,10.409330368041992,208300,0.0,0.0
2024-12-12 00:00:00-05:00,10.438325326900447,10.621962122917996,10.409330237368682,10.59296703338623,349200,0.0,0.0
2024-12-13 00:00:00-05:00,10.612297012348298,10.612297012348298,10.409330459556333,10.544641494750977,257500,0.0,0.0
2024-12-16 00:00:00-05:00,10.515646525899175,10.515646525899175,10.10487890345442,10.167702674865723,657700,0.0,0.0
2024-12-17 00:00:00-05:00,10.148371770033304,10.216027286877594,10.02755782039005,10.090380668640137,951500,0.0,0.0
2024-12-18 00:00:00-05:00,10.090380648800807,10.129041075741144,9.86808342432819,9.897078514099121,751100,0.0,0.0
2024-12-19 00:00:00-05:00,9.993730195680854,9.99856286433972,9.800428058012784,9.906744003295898,775500,0.0,0.0
2024-12-20 00:00:00-05:00,9.877748491144905,10.196697235107422,9.858417817335173,10.196697235107422,2656200,0.0,0.0
2024-12-23 00:00:00-05:00,10.167702674865723,10.207329083456692,9.916409432695131,10.167702674865723,507000,0.0,0.0
2024-12-24 00:00:00-05:00,10.148371910698925,10.438325578209211,10.129041236054167,10.418994903564453,212900,0.0,0.0
2024-12-26 00:00:00-05:00,10.351339536530757,10.433493061492799,10.332008861604482,10.42866039276123,362300,0.0,0.0
2024-12-27 00:00:00-05:00,10.332008831627135,10.592967411950822,10.258554663637424,10.554306983947754,442800,0.0,0.0
2024-12-30 00:00:00-05:00,10.505981218509593,10.684786274109598,10.467320790506525,10.554306983947754,456200,0.0,0.0
2024-12-31 00:00:00-05:00,10.563971943854465,10.617129454373154,10.457655079342532,10.59296703338623,246000,0.0,0.0
2025-01-02 00:00:00-05:00,10.592967158132357,10.742776197837498,10.58910139194587,10.728279113769531,294500,0.0,0.0
2025-01-03 00:00:00-05:00,10.805599967922978,10.805599967922978,10.650958259616084,10.728279113769531,241600,0.0,0.0
2025-01-06 00:00:00-05:00,10.776603601465919,10.786268938351165,10.592966809332504,10.641292572021484,194100,0.0,0.0
2025-01-07 00:00:00-05:00,10.728278760514197,10.736010292632589,10.554306383528772,10.641292572021484,206000,0.0,0.0
2025-01-08 00:00:00-05:00,10.60263216951884,10.61229658468807,10.467320218039777,10.515645980834961,204200,0.0,0.0
2025-01-10 00:00:00-05:00,10.486650891852754,10.52531131774145,10.418994455244594,10.515645980834961,192000,0.0,0.0
2025-01-13 00:00:00-05:00,10.486651137042573,10.689618608138147,10.428660035985002,10.660622596740723,254000,0.0,0.0
2025-01-14 00:00:00-05:00,10.679953291253756,10.868422757007938,10.670287954102957,10.853924751281738,217200,0.0,0.0
2025-01-15 00:00:00-05:00,10.92158116317832,11.008567353850514,10.873255399278515,10.979571342468262,318000,0.0,0.0
2025-01-16 00:00:00-05:00,11.027897563377195,11.056892654223756,11.008567810058594,11.008567810058594,250100,0.0,0.0
2025-01-17 00:00:00-05:00,11.027897304852695,11.105218159789123,11.018231967551317,11.056892395019531,300300,0.0,0.0
2025-01-21 00:00:00-05:00,11.066557884216309,11.182539168212866,11.027897456217456,11.066557884216309,384300,0.0,0.0
2025-01-22 00:00:00-05:00,11.037562703198581,11.066557793525778,10.902250745442824,10.931246757507324,194700,0.0,0.0
2025-01-23 00:00:00-05:00,10.911916396830145,11.037563020847037,10.911916396830145,11.018232345581055,171300,0.0,0.0
2025-01-24 00:00:00-05:00,11.037562900905154,11.076223329279676,10.979571797474712,11.008567810058594,144700,0.0,0.0
2025-01-27 00:00:00-05:00,11.018231847907794,11.076222949349058,10.97473875226117,11.04722785949707,194100,0.0,0.0
2025-01-28 00:00:00-05:00,11.047227531497814,11.192203898190598,11.042394863043086,11.153543472290039,188600,0.0,0.0
2025-01-29 00:00:00-05:00,11.172874707016842,11.201869797463576,10.989236983467135,10.998902320861816,152000,0.0,0.0
2025-01-30 00:00:00-05:00,11.076223297978556,11.14871148575877,11.027897532212641,11.134214401245117,158700,0.0,0.0
2025-01-31 00:00:00-05:00,11.13421376829554,11.230864372595729,11.119715762868742,11.221199035644531,177900,0.0,0.0
2025-02-03 00:00:00-05:00,11.11488380194165,11.259860178489438,11.076223373413086,11.076223373413086,237600,0.0,0.0
2025-02-04 00:00:00-05:00,11.114883757654198,11.194137497561371,10.96507471292009,11.008567810058594,249300,0.0,0.0
2025-02-05 00:00:00-05:00,11.056892472203707,11.134214249417187,10.945743857673865,11.12454891204834,360000,0.0,0.0
2025-02-06 00:00:00-05:00,11.124549063744471,11.282090562403202,11.124549063744471,11.134214401245117,288700,0.0,0.0
2025-02-07 00:00:00-05:00,11.114883845691358,11.250195806942603,11.100385839284582,11.143878936767578,149600,0.0,0.0
2025-02-10 00:00:00-05:00,11.1535443830259,11.160309935067502,11.027897758155166,11.085888862609863,172600,0.0,0.0
2025-02-11 00:00:00-05:00,10.96024166820382,11.11488337639747,10.921581241155407,11.04722785949707,307800,0.0,0.0
2025-02-12 00:00:00-05:00,11.018231696173649,11.056892122689662,10.950576180204946,11.037562370300293,308300,0.0,0.0
2025-02-13 00:00:00-05:00,11.037562218033502,11.066557307086196,11.008567128980808,11.027896881103516,130300,0.0,0.0
2025-02-14 00:00:00-05:00,11.04722843355251,11.13421462936589,11.037563095853837,11.085888862609863,204900,0.0,0.0
2025-02-18 00:00:00-05:00,11.11488346874355,11.18737165484442,11.10038546282846,11.182538986206055,260000,0.0,0.0
2025-02-19 00:00:00-05:00,11.163209233389894,11.18737165484442,11.11488346874355,11.182538986206055,195900,0.0,0.0
2025-02-20 00:00:00-05:00,11.153543671658088,11.245362530464641,11.114883245066478,11.230864524841309,231200,0.0,0.0
2025-02-21 00:00:00-05:00,11.288855778365894,11.337180620956413,11.230864676825066,11.240530014038086,210200,0.0,0.0
2025-02-24 00:00:00-05:00,11.269524977483254,11.269524977483254,11.052060423054243,11.105217933654785,227200,0.0,0.0
2025-02-25 00:00:00-05:00,11.105218039201045,11.18253889329787,10.955408999605607,11.04722785949707,187500,0.0,0.0
2025-02-26 00:00:00-05:00,11.076222844078373,11.143878360335762,11.032729748845115,11.105217933654785,189200,0.0,0.0
2025-02-27 00:00:00-05:00,11.11488302099799,11.148710778366546,10.887753134568227,10.960241317749023,194200,0.0,0.0
2025-02-28 00:00:00-05:00,10.95057598201495,11.12454835905699,10.95057598201495,11.119715690612793,212300,0.0,0.0
2025-03-03 00:00:00-05:00,11.124548941780745,11.182539122674216,10.936078549533699,10.998902320861816,274200,0.0,0.0
2025-03-04 00:00:00-05:00,10.892585777234768,10.979571043803519,10.65095788604575,10.766939163208008,335700,0.0,0.0
2025-03-05 00:00:00-05:00,10.757273898284417,10.766939235213558,10.573636183579795,10.708948135375977,289800,0.0,0.0
2025-03-06 00:00:00-05:00,10.708948086743701,10.728278760514197,10.525311294610287,10.641292572021484,357700,0.0,0.0
2025-03-07 00:00:00-05:00,10.650958690689905,10.965074788618592,10.631628015500533,10.950576782226562,199900,0.0,0.0
2025-03-10 00:00:00-04:00,10.834595484886917,10.94091143310447,10.670288432899675,10.757274627685547,273300,0.0,0.0
2025-03-11 00:00:00-04:00,10.757274076961695,10.824929593114906,10.45282241079769,10.59296703338623,357900,0.0,0.0
2025-03-12 00:00:00-04:00,10.641293417409567,10.71861427515972,10.530144799610891,10.699283599853516,267200,0.0,0.0
2025-03-13 00:00:00-04:00,10.737943273056551,10.737943273056551,10.443157869280826,10.45765495300293,250900,0.0,0.0
2025-03-14 00:00:00-04:00,10.54464142095025,10.63162761253074,10.508880779290136,10.602632522583008,177300,0.0,0.0
2025-03-17 00:00:00-04:00,10.631627412329616,10.766939365766502,10.505980795939067,10.525311470031738,412400,0.0,0.0
2025-03-18 00:00:00-04:00,10.47698582608901,10.5349760055542,10.399664972310568,10.5349760055542,222200,0.0,0.0
2025-03-19 00:00:00-04:00,10.534975756623046,10.592966856455247,10.274018111721299,10.389999389648438,321300,0.0,0.0
2025-03-20 00:00:00-04:00,10.380334277827284,10.476985805731173,10.298180755630161,10.341673851013184,309500,0.0,0.0
2025-03-21 00:00:00-04:00,10.177367135257825,10.312679094345194,9.897078801370448,10.235358238220215,771700,0.0,0.0
2025-03-24 00:00:00-04:00,10.332008493034404,10.351339167271103,10.032390416263818,10.148371696472168,721100,0.0,0.0
2025-03-25 00:00:00-04:00,10.187032427943372,10.225692855835977,10.085549150376771,10.167702674865723,533100,0.0,0.0
2025-03-26 00:00:00-04:00,10.20636334200896,10.312679290771484,10.119377146777197,10.312679290771484,536600,0.0,0.0
2025-03-27 00:00:00-04:00,10.312678490634378,10.486650867599781,10.274018064835094,10.481818199157715,464000,0.0,0.0
2025-03-28 00:00:00-04:00,10.45765490467162,10.476985578528108,10.201529928233995,10.389999389648438,880500,0.0,0.0
2025-03-31 00:00:00-04:00,10.390000343322754,10.414999961853027,10.09000015258789,10.350000381469727,639400,0.36,0.0
2025-04-01 00:00:00-04:00,10.420000076293945,10.604999542236328,10.347900390625,10.5600004196167,442684,0.0,0.0
