Date,Open,High,Low,Close,Volume,Dividends,Stock Splits
2022-01-13 00:00:00-05:00,29.137040755328012,30.894094088923715,28.730888874367608,30.019981384277344,14928500,0.0,0.0
2022-01-14 00:00:00-05:00,29.621776805862854,29.9228592286866,28.563129767568686,28.95162582397461,3033100,0.0,0.0
2022-01-18 00:00:00-05:00,28.66025680102902,31.256104839936146,28.474840046293306,29.71095848083496,2582000,0.0,0.0
2022-01-19 00:00:00-05:00,29.53436471198545,30.496770132266274,29.260651904476724,30.019981384277344,1566400,0.0,0.0
2022-01-20 00:00:00-05:00,30.019978023463377,31.06184811843564,29.808070814252567,29.85222053527832,4842300,0.0,0.0
2022-01-21 00:00:00-05:00,29.649145854891277,29.914027351346064,28.96044992232767,29.472557067871094,1521700,0.0,0.0
2022-01-24 00:00:00-05:00,28.916309379531416,28.916309379531416,26.594175962718133,28.006879806518555,2551100,0.0,0.0
2022-01-25 00:00:00-05:00,28.10400446898798,28.95162847869728,27.371163701755624,27.900928497314453,825400,0.0,0.0
2022-01-26 00:00:00-05:00,28.324735040147818,29.490216320537844,27.821457501728958,28.26292610168457,921700,0.0,0.0
2022-01-27 00:00:00-05:00,28.66025346410461,29.454901417810472,28.580788668734023,28.695571899414062,366500,0.0,0.0
2022-01-28 00:00:00-05:00,28.563127827933002,29.07523500636465,28.06868323430375,28.986942291259766,252900,0.0,0.0
2022-01-31 00:00:00-05:00,28.828017830230255,29.755104976113465,28.695575365896175,29.640321731567383,666300,0.0,0.0
2022-02-01 00:00:00-05:00,29.578515399167127,30.540920960313855,29.276550495169786,30.39965057373047,361300,0.0,0.0
2022-02-02 00:00:00-05:00,30.56740888398893,30.95590498310438,29.843397713285135,30.805803298950195,510700,0.0,0.0
2022-02-03 00:00:00-05:00,30.611550686524343,30.611550686524343,28.360052705027567,28.90747833251953,900400,0.0,0.0
2022-02-04 00:00:00-05:00,29.393094566298775,29.90519838348755,28.828013098441687,29.207677841186523,276000,0.0,0.0
2022-02-07 00:00:00-05:00,29.401923702753493,30.046469989108665,28.501323813172583,28.73089027404785,866500,0.0,0.0
2022-02-08 00:00:00-05:00,29.066401430860182,29.258002063992883,27.15925165237259,27.362327575683594,1089800,0.0,0.0
2022-02-09 00:00:00-05:00,27.31818640176099,29.022260580069595,27.308474336746727,28.607280731201172,425500,0.0,0.0
2022-02-10 00:00:00-05:00,28.616105534083633,29.09289428014918,27.741994517039053,27.81262969970703,504700,0.0,0.0
2022-02-11 00:00:00-05:00,27.839116283362088,28.174632953003076,26.973833260250245,27.362327575683594,586200,0.0,0.0
2022-02-14 00:00:00-05:00,27.291697551089957,27.556579093756792,26.143875287432632,26.497051239013672,772800,0.0,0.0
2022-02-15 00:00:00-05:00,26.920857905202045,27.503598549446558,26.602998759586676,27.256376266479492,399100,0.0,0.0
2022-02-16 00:00:00-05:00,27.591894601706066,27.87443533297544,26.735442799536326,27.777311325073242,389700,0.0,0.0
2022-02-17 00:00:00-05:00,27.40647908954004,27.72433658422767,25.39337376416523,25.843673706054688,667200,0.0,0.0
2022-02-18 00:00:00-05:00,25.70240515086804,26.655981070482706,25.34039958683405,25.746551513671875,658700,0.0,0.0
2022-02-22 00:00:00-05:00,25.728887981466123,26.435241456437723,25.340395338511026,25.428688049316406,442200,0.0,0.0
2022-02-23 00:00:00-05:00,25.799523875449836,26.585342159181387,25.428688753934825,26.09972381591797,797000,0.0,0.0
2022-02-24 00:00:00-05:00,25.446349376595162,27.062130705910363,24.651703124880015,26.726613998413086,1176400,0.0,0.0
2022-02-25 00:00:00-05:00,26.956179401800025,27.521260894639695,26.479390629159788,27.265207290649414,412800,0.0,0.0
2022-02-28 00:00:00-05:00,27.06213104587675,27.936242102151944,25.684744079995447,27.1415958404541,719500,0.0,0.0
2022-03-01 00:00:00-05:00,27.07978700175549,27.30935174909861,26.090892835052486,26.22333526611328,289600,0.0,0.0
2022-03-02 00:00:00-05:00,26.346949654314127,27.945071791032134,26.046749692622257,27.724336624145508,439500,0.0,0.0
2022-03-03 00:00:00-05:00,27.715505690126655,27.768483340180733,26.3028020368631,26.673635482788086,446400,0.0,0.0
2022-03-04 00:00:00-05:00,26.338119856525925,26.797249404533193,25.420744900234475,25.78186798095703,590900,0.0,0.0
2022-03-07 00:00:00-05:00,25.958457111876793,26.22334034118647,24.898929246865453,24.96956443786621,959900,0.0,0.0
2022-03-08 00:00:00-05:00,24.92541372379103,25.23444328287995,24.316185898128566,24.68701934814453,509200,0.0,0.0
2022-03-09 00:00:00-05:00,25.26976137296621,26.135042779386723,24.89892624391805,25.896648406982422,543700,0.0,0.0
2022-03-10 00:00:00-05:00,25.720062541804758,25.98494576937482,25.163810626836455,25.68474578857422,559700,0.0,0.0
2022-03-11 00:00:00-05:00,26.055578783203778,26.45290106525252,25.472838088938445,25.525814056396484,300000,0.0,0.0
2022-03-14 00:00:00-04:00,25.70240469906649,25.750966707742553,23.618664077098593,23.74227523803711,453400,0.0,0.0
2022-03-15 00:00:00-04:00,23.839398593034275,24.422139312804614,23.397928248718827,24.174915313720703,1070000,0.0,0.0
2022-03-16 00:00:00-04:00,24.536922203671686,26.611831445795485,24.26320938147372,25.96728515625,804200,0.0,0.0
2022-03-17 00:00:00-04:00,25.78186838488423,27.274036913172306,25.569961140887315,26.779590606689453,662400,0.0,0.0
2022-03-18 00:00:00-04:00,26.594171958001418,27.238718200185033,25.72005927067501,26.29397201538086,3458200,0.0,0.0
2022-03-21 00:00:00-04:00,26.558855056762695,26.885543842833332,25.91430877740988,26.558855056762695,448100,0.0,0.0
2022-03-22 00:00:00-04:00,26.585340455285476,27.768480925048078,26.329286887854185,26.973833084106445,531400,0.0,0.0
2022-03-23 00:00:00-04:00,26.912031888893083,27.128353099433728,26.214509617908842,26.285144805908203,242500,0.0,0.0
2022-03-24 00:00:00-04:00,26.841397229309123,27.291697193198324,26.32046207602999,26.567686080932617,427900,0.0,0.0
2022-03-25 00:00:00-04:00,26.585344721843832,27.176915051663507,25.305080047374542,26.47939109802246,955200,0.0,0.0
2022-03-28 00:00:00-04:00,26.426412865913083,26.78135537023513,25.578789000130218,26.064407348632812,1002000,0.0,0.0
2022-03-29 00:00:00-04:00,26.452903608147523,27.93624431216996,26.214510889632045,27.59189796447754,748600,0.0,0.0
2022-03-30 00:00:00-04:00,27.600722118098627,27.76141659950384,26.188016884750734,26.708951950073242,740100,0.0,0.0
2022-03-31 00:00:00-04:00,26.673637243439504,27.892096329900856,26.13504457161014,26.611831665039062,464500,0.0,0.0
2022-04-01 00:00:00-04:00,26.92969036962067,27.371160703548874,26.580928401639223,27.238719940185547,493100,0.0,0.0
2022-04-04 00:00:00-04:00,27.371159972135487,27.733165501557032,26.81490810724343,27.574235916137695,219700,0.0,0.0
2022-04-05 00:00:00-04:00,27.67136078919805,27.67136078919805,26.08206825357339,26.52353858947754,433700,0.0,0.0
2022-04-06 00:00:00-04:00,26.26748546754193,26.391096624955544,25.12407720923884,25.27859115600586,476700,0.0,0.0
2022-04-07 00:00:00-04:00,25.313909222341337,25.817185137693468,24.77973051808693,25.675914764404297,355800,0.0,0.0
2022-04-08 00:00:00-04:00,25.614106916942784,26.302801188759304,25.06050244866472,25.26093101501465,219900,0.0,0.0
2022-04-11 00:00:00-04:00,25.00488115347687,25.19029958212054,24.280870025796165,24.386823654174805,403600,0.0,0.0
2022-04-12 00:00:00-04:00,24.65170268232964,25.013708209213057,24.148426788080773,24.298526763916016,327000,0.0,0.0
2022-04-13 00:00:00-04:00,24.298526158560914,25.313907530231997,23.93652064069623,25.21678352355957,452400,0.0,0.0
2022-04-14 00:00:00-04:00,25.29624650303494,25.29624650303494,24.713505872863905,24.792970657348633,260000,0.0,0.0
2022-04-18 00:00:00-04:00,24.60755613899266,24.819461688447177,23.865885873864045,24.104278564453125,416300,0.0,0.0
2022-04-19 00:00:00-04:00,23.980666330557405,25.207953213845578,23.87471440265907,25.199125289916992,593700,0.0,0.0
2022-04-20 00:00:00-04:00,25.428689353732054,25.914307708449954,24.6340431271921,25.181467056274414,512300,0.0,0.0
2022-04-21 00:00:00-04:00,25.56995923332586,25.7377184206101,23.40675575129464,23.8570556640625,566400,0.0,0.0
2022-04-22 00:00:00-04:00,23.653979137570524,24.141360698008608,22.850501653932692,23.44207191467285,449300,0.0,0.0
2022-04-25 00:00:00-04:00,23.106554763293545,23.817322190950595,22.82401405060203,23.777589797973633,325600,0.0,0.0
2022-04-26 00:00:00-04:00,23.627491590301734,23.662808339975857,22.54147501363154,22.576791763305664,418400,0.0,0.0
2022-04-27 00:00:00-04:00,22.514986486089487,23.10655678661643,22.189181845594646,22.700403213500977,363100,0.0,0.0
2022-04-28 00:00:00-04:00,23.035920815152437,23.281378198715352,22.44435053483864,23.071237564086914,600200,0.0,0.0
2022-04-29 00:00:00-04:00,22.956455755706184,23.4509020235187,22.35605587418178,22.42669105529785,271400,0.0,0.0
2022-05-02 00:00:00-04:00,22.35605703153211,23.256656900441858,22.35605703153211,23.088897705078125,424600,0.0,0.0
2022-05-03 00:00:00-04:00,22.95645496324472,23.70695478924282,22.824014213733406,23.31846046447754,397800,0.0,0.0
2022-05-04 00:00:00-04:00,23.459732541400964,24.48394354933918,23.221338164361303,24.263208389282227,529500,0.0,0.0
2022-05-05 00:00:00-04:00,23.980669646030044,24.47511597409205,22.62976974798969,22.965288162231445,933800,0.0,0.0
2022-05-06 00:00:00-04:00,22.99177740235176,23.283147775696044,22.1000070635524,22.85933494567871,417500,0.0,0.0
2022-05-09 00:00:00-04:00,22.223615364738432,22.788696819887495,21.98522099431908,22.25893211364746,764400,0.0,0.0
2022-05-10 00:00:00-04:00,22.841675547354114,23.548027399626005,22.40020521866527,23.15070343017578,840100,0.0,0.0
2022-05-11 00:00:00-04:00,23.274315317689137,23.3184616751264,22.700402566551194,22.9741153717041,535100,0.0,0.0
2022-05-12 00:00:00-04:00,22.64742647241972,23.141872746031446,21.879269079282384,23.071237564086914,489400,0.0,0.0
2022-05-13 00:00:00-04:00,23.574513684512002,24.48394138577517,23.40675450615186,24.430965423583984,582900,0.0,0.0
2022-05-16 00:00:00-04:00,24.439796331391367,24.483942688219845,23.627490903588164,23.8570556640625,335300,0.0,0.0
2022-05-17 00:00:00-04:00,24.26320781831442,25.172637262615375,23.936520732200158,24.987218856811523,361500,0.0,0.0
2022-05-18 00:00:00-04:00,25.13732203764186,25.499327603091512,23.936523787108573,24.024816513061523,345400,0.0,0.0
2022-05-19 00:00:00-04:00,23.71968225654784,24.015841667997407,23.136338168753937,23.29787826538086,321300,0.44,0.0
2022-05-20 00:00:00-04:00,23.62993552183582,24.47084916172463,23.235055754289984,24.267127990722656,302800,0.0,0.0
2022-05-23 00:00:00-04:00,24.626111876117083,25.047914188329152,24.258156266967955,25.003042221069336,284700,0.0,0.0
2022-05-24 00:00:00-04:00,24.679954712732993,24.985088835212682,23.791476548485274,24.778675079345703,293600,0.0,0.0
2022-05-25 00:00:00-04:00,24.563290000773996,25.747927717643304,24.563290000773996,25.433818817138672,333800,0.0,0.0
2022-05-26 00:00:00-04:00,25.57740795242651,27.381288508166207,25.16906694656852,26.151777267456055,414800,0.0,0.0
2022-05-27 00:00:00-04:00,26.340243313361785,26.83384173033096,26.250497679797686,26.753070831298828,146700,0.0,0.0
2022-05-31 00:00:00-04:00,26.546658890337124,26.546658890337124,25.308174539954727,26.17870330810547,944600,0.0,0.0
2022-06-01 00:00:00-04:00,26.17870306478858,26.25947396860146,25.14663249710317,25.756900787353516,383100,0.0,0.0
2022-06-02 00:00:00-04:00,25.622281872949628,26.47486288794156,25.38894560468907,26.02613639831543,319700,0.0,0.0
2022-06-03 00:00:00-04:00,25.819719461039075,25.819719461039075,25.155604543155988,25.667152404785156,336800,0.0,0.0
2022-06-06 00:00:00-04:00,26.19665429882817,26.33127191032869,25.568436496151357,25.909469604492188,178000,0.0,0.0
2022-06-07 00:00:00-04:00,25.64022923585818,26.16972658703545,25.281248416014837,25.326120376586914,562300,0.0,0.0
2022-06-08 00:00:00-04:00,25.254323339756862,25.783820672633194,24.949189225497435,25.514585494995117,320600,0.0,0.0
2022-06-09 00:00:00-04:00,25.31714942245011,25.57741162554583,24.751754760742188,24.751754760742188,278500,0.0,0.0
2022-06-10 00:00:00-04:00,23.78249958768897,24.697901869432634,23.414544070631194,23.477365493774414,318400,0.0,0.0
2022-06-13 00:00:00-04:00,22.732481612744834,22.965819569324704,21.888875417687704,22.023494720458984,513100,0.0,0.0
2022-06-14 00:00:00-04:00,22.086320838173144,22.310684108087926,21.395281556014197,21.61067008972168,478300,0.0,0.0
2022-06-15 00:00:00-04:00,21.915801181235288,22.8850503020274,21.619641775208688,22.427349090576172,737900,0.0,0.0
2022-06-16 00:00:00-04:00,21.664515051452774,22.33311829515617,20.91065438827618,21.20681381225586,365900,0.0,0.0
2022-06-17 00:00:00-04:00,21.188864333897186,22.02349583696512,21.09911869808509,21.65553855895996,1101500,0.0,0.0
2022-06-21 00:00:00-04:00,22.427349333103898,22.427349333103898,21.44015073175452,21.5478458404541,571100,0.0,0.0
2022-06-22 00:00:00-04:00,21.23373379965759,21.72733217096256,21.143988174396117,21.287580490112305,552700,0.0,0.0
2022-06-23 00:00:00-04:00,21.287584773554634,22.059394909647704,21.117069934178172,22.032470703125,363400,0.0,0.0
2022-06-24 00:00:00-04:00,22.43632401448845,23.585064420262302,22.059393702574816,23.127363204956055,440700,0.0,0.0
2022-06-27 00:00:00-04:00,23.20813360576963,23.486343538232976,22.831203302018533,22.9837703704834,428500,0.0,0.0
2022-06-28 00:00:00-04:00,23.22608210318691,23.7555794922623,22.440810754681713,22.947872161865234,532400,0.0,0.0
2022-06-29 00:00:00-04:00,22.858126359628727,22.858126359628727,21.709387662097722,21.79913330078125,861800,0.0,0.0
2022-06-30 00:00:00-04:00,21.538868351142966,22.04144146671144,20.722186396435898,21.458097457885742,520400,0.0,0.0
2022-07-01 00:00:00-04:00,21.332458306668542,21.848492756691744,21.027324148500146,21.835031509399414,498600,0.0,0.0
2022-07-05 00:00:00-04:00,21.493997713269852,22.43632257679293,20.820908035966063,22.418373107910156,249900,0.0,0.0
2022-07-06 00:00:00-04:00,22.50812066646478,22.885050986476983,21.799133702486895,22.068368911743164,327800,0.0,0.0
2022-07-07 00:00:00-04:00,22.382473959072684,22.858122861315213,22.158110752579287,22.79530143737793,297200,0.0,0.0
2022-07-08 00:00:00-04:00,22.714531456887,22.813251819464227,21.63758904958967,22.131187438964844,411400,0.0,0.0
2022-07-11 00:00:00-04:00,21.91579962059307,22.62478651287892,21.36835281047278,22.023494720458984,270100,0.0,0.0
2022-07-12 00:00:00-04:00,22.068365472578304,22.750429836390126,22.068365472578304,22.364524841308594,377900,0.0,0.0
2022-07-13 00:00:00-04:00,21.924773511282798,22.328626268790742,21.63310064884194,21.933748245239258,322000,0.0,0.0
2022-07-14 00:00:00-04:00,21.817081535903316,22.001059328935145,21.045273134571513,21.44015121459961,466100,0.0,0.0
2022-07-15 00:00:00-04:00,21.691437223076235,22.732482477089157,21.44912452298126,22.561965942382812,390700,0.0,0.0
2022-07-18 00:00:00-04:00,22.705558612964523,23.477368686259663,22.43183690515592,22.508119583129883,384100,0.0,0.0
2022-07-19 00:00:00-04:00,22.813249912351548,23.827370808415463,22.65170813682244,23.513263702392578,409200,0.0,0.0
2022-07-20 00:00:00-04:00,23.38762503584583,24.72482981959687,23.34903521360706,24.285078048706055,732300,0.0,0.0
2022-07-21 00:00:00-04:00,24.204306225876323,24.769702561193977,23.486344527423743,24.572261810302734,462300,0.0,0.0
2022-07-22 00:00:00-04:00,24.58123757373215,24.670983217731695,23.45044656755174,24.159435272216797,354900,0.0,0.0
2022-07-25 00:00:00-04:00,24.213278556085285,24.473540715771048,23.91711917092025,24.07866096496582,166700,0.0,0.0
2022-07-26 00:00:00-04:00,23.979941469594454,24.087636573451768,23.44147108557469,23.540189743041992,210900,0.0,0.0
2022-07-27 00:00:00-04:00,23.863275008388943,24.509440541364963,23.513268891996393,24.419694900512695,261700,0.0,0.0
2022-07-28 00:00:00-04:00,24.392768158087588,25.335092943525854,24.069684591991987,25.254322052001953,444300,0.0,0.0
2022-07-29 00:00:00-04:00,25.35304519372897,25.83767059606595,25.254324823973892,25.59535789489746,192200,0.0,0.0
2022-08-01 00:00:00-04:00,25.299198137229133,25.85561798559603,24.742776577106646,25.397916793823242,392300,0.0,0.0
2022-08-02 00:00:00-04:00,25.110733606721702,25.421252935852625,24.83252366623351,24.877395629882812,280300,0.0,0.0
2022-08-03 00:00:00-04:00,25.218428228964218,25.68959068520639,24.913294089125245,25.33509635925293,406300,0.0,0.0
2022-08-04 00:00:00-04:00,25.469714082452683,26.367167036491622,25.469714082452683,26.062034606933594,336600,0.0,0.0
2022-08-05 00:00:00-04:00,25.756901604574903,26.304346766752506,25.532538356143956,26.196653366088867,827100,0.0,0.0
2022-08-08 00:00:00-04:00,26.672303866842743,27.488986000413654,26.65973957899568,27.201801300048828,899300,0.0,0.0
2022-08-09 00:00:00-04:00,27.803091386500036,28.395410183911817,26.654352730552638,27.749244689941406,650300,0.0,0.0
2022-08-10 00:00:00-04:00,28.539001928607693,29.49927627096081,28.14412387962969,28.960805892944336,574800,0.0,0.0
2022-08-11 00:00:00-04:00,29.158249207596278,29.481329408868813,28.5300314286842,28.700546264648438,445600,0.0,0.0
2022-08-12 00:00:00-04:00,28.978758081811574,29.256966319709786,28.467208435875545,29.149272918701172,494000,0.0,0.0
2022-08-15 00:00:00-04:00,28.772343343633427,30.136472263780348,28.755290833459853,29.71466827392578,527200,0.0,0.0
2022-08-16 00:00:00-04:00,29.508252465353596,29.66979426208177,29.122347442448635,29.33773422241211,351500,0.0,0.0
2022-08-17 00:00:00-04:00,29.03260348412938,29.499279459829825,28.808240231783675,29.06850242614746,531800,0.0,0.0
2022-08-18 00:00:00-04:00,28.88681866820181,29.522692743414648,28.88681866820181,29.45001983642578,315200,0.39,0.0
2022-08-19 00:00:00-04:00,29.068498520383038,29.13753639842211,28.296366181911857,28.33270263671875,279200,0.0,0.0
2022-08-22 00:00:00-04:00,27.978431838710936,28.160110665081117,27.406146481094943,27.6423282623291,534500,0.0,0.0
2022-08-23 00:00:00-04:00,27.60599111033906,28.44171057193052,27.60599111033906,28.396291732788086,339900,0.0,0.0
2022-08-24 00:00:00-04:00,28.387205340600296,29.177504167016803,28.355411809228226,28.69605827331543,376200,0.0,0.0
2022-08-25 00:00:00-04:00,28.923159819008198,29.331936324121234,28.677893915940377,28.941328048706055,307100,0.0,0.0
2022-08-26 00:00:00-04:00,28.914074187429122,28.92315830180153,27.197216421250154,27.297138214111328,399500,0.0,0.0
2022-08-29 00:00:00-04:00,26.95194803928329,27.18812979327742,26.81568980152985,26.88836097717285,324000,0.0,0.0
2022-08-30 00:00:00-04:00,27.024621521929436,27.088208589468096,26.447793258001028,26.988285064697266,262800,0.0,0.0
2022-08-31 00:00:00-04:00,27.242632500281836,27.28805306754188,26.63855368297183,26.670347213745117,442200,0.0,0.0
2022-09-01 00:00:00-04:00,26.615843137654462,26.783896641408013,25.939093129972406,26.588592529296875,452600,0.0,0.0
2022-09-02 00:00:00-04:00,26.93378363422251,27.297139563999078,26.34333003175837,26.4614200592041,381000,0.0,0.0
2022-09-06 00:00:00-04:00,26.634010991149758,27.642325069048788,26.34332628863193,27.469730377197266,806300,0.0,0.0
2022-09-07 00:00:00-04:00,27.26079977813629,28.396287930844643,27.26079977813629,28.305448532104492,570400,0.0,0.0
2022-09-08 00:00:00-04:00,28.169191948344494,28.53254783194586,27.587822534582315,28.17827606201172,665100,0.0,0.0
2022-09-09 00:00:00-04:00,28.287280172936832,30.222152946327423,28.287280172936832,29.76795768737793,880700,0.0,0.0
2022-09-12 00:00:00-04:00,29.88605178520716,30.4274497212781,29.259260060605996,29.804296493530273,715500,0.0,0.0
2022-09-13 00:00:00-04:00,28.759646556783068,29.259260698937105,28.3145353660635,28.532548904418945,1074200,0.0,0.0
2022-09-14 00:00:00-04:00,28.732394214757043,29.168423024085524,28.196445349185893,28.532548904418945,1383300,0.0,0.0
2022-09-15 00:00:00-04:00,28.36903686316347,28.932239774505717,28.19644390369935,28.568883895874023,1308500,0.0,0.0
2022-09-16 00:00:00-04:00,28.0692703791527,28.823234539696255,27.801295071528433,27.996599197387695,3041100,0.0,0.0
2022-09-19 00:00:00-04:00,27.54240035487508,28.73239145378056,27.54240035487508,28.305448532104492,970200,0.0,0.0
2022-09-20 00:00:00-04:00,27.93300917344481,28.39628855789409,27.24263215343907,27.46064567565918,1041000,0.0,0.0
2022-09-21 00:00:00-04:00,27.605994607015766,27.96935229665009,26.615848541259766,26.615848541259766,344800,0.0,0.0
2022-09-22 00:00:00-04:00,26.624929464058788,26.624929464058788,25.88913352275552,26.1343994140625,542800,0.0,0.0
2022-09-23 00:00:00-04:00,25.807379746417084,25.807379746417084,24.74456255407538,25.18058967590332,919900,0.0,0.0
2022-09-26 00:00:00-04:00,25.207839890156706,25.861880517618427,24.808147529287954,24.962574005126953,579200,0.0,0.0
2022-09-27 00:00:00-04:00,25.398599710377756,25.571194405202597,24.590132650995248,25.153335571289062,461400,0.0,0.0
2022-09-28 00:00:00-04:00,25.380435293865332,26.152567694340995,25.216924699338993,25.952720642089844,535300,0.0,0.0
2022-09-29 00:00:00-04:00,25.66203552742944,25.66203552742944,25.062497844867046,25.33501434326172,589400,0.0,0.0
2022-09-30 00:00:00-04:00,25.353179803427484,25.707451559179596,24.835397473445955,25.289592742919922,548300,0.0,0.0
2022-10-03 00:00:00-04:00,25.780125228436873,26.425083474481188,25.30776341924987,25.880048751831055,413800,0.0,0.0
2022-10-04 00:00:00-04:00,26.6249263075067,27.569653303077963,26.361493951222283,27.46064567565918,572200,0.0,0.0
2022-10-05 00:00:00-04:00,26.861110442585904,28.051101673480844,26.538632187276807,26.733936309814453,532300,0.0,0.0
2022-10-06 00:00:00-04:00,26.697597361041716,27.197213196580666,26.570423240141867,26.724849700927734,508300,0.0,0.0
2022-10-07 00:00:00-04:00,26.406916184815564,26.488671482750163,25.907302015319846,26.170734405517578,354900,0.0,0.0
2022-10-10 00:00:00-04:00,26.47050082040187,26.71576669165927,25.916383747426945,26.40691375732422,326700,0.0,0.0
2022-10-11 00:00:00-04:00,26.352410497517454,26.64309520108711,25.662033460230774,25.852794647216797,494300,0.0,0.0
2022-10-12 00:00:00-04:00,25.870965174407093,26.48867109071862,25.32593044044883,26.070812225341797,405800,0.0,0.0
2022-10-13 00:00:00-04:00,25.20783980768619,26.74756163763956,24.46295977347068,26.643096923828125,404500,0.0,0.0
2022-10-14 00:00:00-04:00,26.443252911378053,26.961035315143626,25.053414564993332,25.071582794189453,543500,0.0,0.0
2022-10-17 00:00:00-04:00,25.280511461823483,25.889133260407956,25.207840279870904,25.580280303955078,314400,0.0,0.0
2022-10-18 00:00:00-04:00,26.415997491192485,26.842940431873625,25.916383374807797,26.21615219116211,294300,0.0,0.0
2022-10-19 00:00:00-04:00,25.80737867670419,26.116231641684834,25.407686298620234,25.652952194213867,181400,0.0,0.0
2022-10-20 00:00:00-04:00,25.598447781080722,25.943635452067074,24.571965416941058,24.680973052978516,242700,0.0,0.0
2022-10-21 00:00:00-04:00,24.69005793972616,25.45310621801571,24.544715575539357,25.398601531982422,385100,0.0,0.0
2022-10-24 00:00:00-04:00,25.44402224401481,26.025391703968605,25.112459865596307,25.88913345336914,273500,0.0,0.0
2022-10-25 00:00:00-04:00,25.889130996572298,27.07003803319351,25.889130996572298,26.97920036315918,318000,0.0,0.0
2022-10-26 00:00:00-04:00,26.897445107489563,27.32438804808142,26.68851396134525,26.797521591186523,314700,0.0,0.0
2022-10-27 00:00:00-04:00,26.98828644496588,27.524237088227174,26.652182861467075,27.224468231201172,293600,0.0,0.0
2022-10-28 00:00:00-04:00,27.251716925291753,28.042017478476915,27.251716925291753,27.805835723876953,258600,0.0,0.0
2022-10-31 00:00:00-04:00,27.451564348677703,28.02385141863334,27.27897137562104,27.933012008666992,386100,0.0,0.0
2022-11-01 00:00:00-04:00,28.160111097648496,29.177507689620192,27.987516383207364,28.814151763916016,385200,0.0,0.0
2022-11-02 00:00:00-04:00,28.65064126720427,29.559031896105598,28.396291267369556,28.450794219970703,387500,0.0,0.0
2022-11-03 00:00:00-04:00,28.114693681460896,28.278202556850772,27.460651249430153,27.487903594970703,357600,0.0,0.0
2022-11-04 00:00:00-04:00,27.496983759491528,29.27288557292644,27.496983759491528,29.013996124267578,408800,0.0,0.0
2022-11-07 00:00:00-05:00,29.141173136741543,29.958722626368644,28.88682140343144,29.922386169433594,616300,0.0,0.0
2022-11-08 00:00:00-05:00,29.976887918708073,29.976887918708073,28.850483853313136,29.413686752319336,676000,0.0,0.0
2022-11-09 00:00:00-05:00,28.541626984378524,32.284196266466076,28.250942328025555,32.18427276611328,1571100,0.0,0.0
2022-11-10 00:00:00-05:00,33.3288474256891,37.31668477843877,33.15625447181353,36.95332717895508,1659500,0.0,0.0
2022-11-11 00:00:00-05:00,36.72624181056288,40.359805157913264,36.19029107821926,37.95256805419922,2416000,0.0,0.0
2022-11-14 00:00:00-05:00,37.48019956886268,37.861725473046405,34.93670624683501,34.9912109375,1526000,0.0,0.0
2022-11-15 00:00:00-05:00,36.617225854301154,36.617225854301154,34.58242941222562,35.336395263671875,1177900,0.0,0.0
2022-11-16 00:00:00-05:00,35.00937558360743,35.12292441194147,33.265263778474264,33.28343200683594,1052100,0.0,0.0
2022-11-17 00:00:00-05:00,32.7384042316485,32.94733369323414,31.748258152251303,32.384132385253906,870900,0.0,0.0
2022-11-18 00:00:00-05:00,32.64034408268099,32.88283907053852,31.6703780940249,32.42073059082031,551300,0.26,0.0
2022-11-21 00:00:00-05:00,32.13705613539162,32.722696708776574,31.88998836398987,32.54883575439453,395800,0.0,0.0
2022-11-22 00:00:00-05:00,32.61288639872397,33.19852690790758,31.97234078279461,32.52138137817383,790200,0.0,0.0
2022-11-23 00:00:00-05:00,32.48478646757745,32.92401696431215,32.02725426380875,32.3566780090332,586900,0.0,0.0
2022-11-25 00:00:00-05:00,32.15536064754373,32.40700473965678,31.9174454528406,32.027252197265625,223500,0.0,0.0
2022-11-28 00:00:00-05:00,31.642922810821858,31.75272954124258,30.746156791858052,30.865116119384766,497500,0.0,0.0
2022-11-29 00:00:00-05:00,30.718708267728374,31.08930819215807,29.98208122706922,30.306928634643555,1044900,0.0,0.0
2022-11-30 00:00:00-05:00,30.39843630640207,30.892568361550662,29.529124547760382,30.47163963317871,954200,0.0,0.0
2022-12-01 00:00:00-05:00,30.618053347466194,30.865121149194994,29.886002540877293,30.407588958740234,1273800,0.0,0.0
2022-12-02 00:00:00-05:00,29.922597738535078,30.274895892555477,29.45591307761258,29.712133407592773,1094500,0.0,0.0
2022-12-05 00:00:00-05:00,29.65723546415641,29.742335080412776,28.35784401645382,28.84282875061035,667400,0.0,0.0
2022-12-06 00:00:00-05:00,28.80622586351354,29.428469912528545,28.302941159640866,28.970937728881836,818700,0.0,0.0
2022-12-07 00:00:00-05:00,28.769624456682017,29.373565059585033,28.63236514941557,29.034992218017578,521000,0.0,0.0
2022-12-08 00:00:00-05:00,29.163098346342743,29.922601602229037,28.787920399013004,29.208850860595703,636900,0.0,0.0
2022-12-09 00:00:00-05:00,29.007538733979935,29.346111544385863,28.86112858699143,29.17224884033203,345000,0.0,0.0
2022-12-12 00:00:00-05:00,29.080743009401985,29.730439546011937,28.64151083514384,29.6663818359375,525700,0.0,0.0
2022-12-13 00:00:00-05:00,30.78276307495731,31.03715084346036,29.63893267835103,29.986658096313477,722900,0.0,0.0
2022-12-14 00:00:00-05:00,29.913448726771243,30.18797079112214,28.650660844460006,29.14479637145996,406300,0.0,0.0
2022-12-15 00:00:00-05:00,28.577456501924008,29.693836019310357,28.000966784442348,28.174829483032227,578100,0.0,0.0
2022-12-16 00:00:00-05:00,27.67154451172615,28.037569886481787,27.25061576709383,27.781352996826172,805100,0.0,0.0
2022-12-19 00:00:00-05:00,27.58003777177473,27.731024220838314,26.820534463548217,27.040149688720703,460000,0.0,0.0
2022-12-20 00:00:00-05:00,26.84798579672909,27.32381963557453,26.811382388196403,26.930341720581055,297800,0.0,0.0
2022-12-21 00:00:00-05:00,27.342119044534773,27.497680036976575,26.719876820114113,26.80223274230957,441500,0.0,0.0
2022-12-22 00:00:00-05:00,26.500261581271694,26.500261581271694,25.585197271222036,25.64010238647461,469100,0.0,0.0
2022-12-23 00:00:00-05:00,25.740757594964833,25.93292200258818,25.173418715088808,25.749908447265625,228900,0.0,0.0
2022-12-27 00:00:00-05:00,25.83226270823487,25.992399995161,25.31067637812236,25.722455978393555,221400,0.0,0.0
2022-12-28 00:00:00-05:00,25.713302686150136,25.754480642268923,25.155113002172428,25.328975677490234,326700,0.0,0.0
2022-12-29 00:00:00-05:00,25.6309510369263,26.30809840379098,25.429637520943817,25.841415405273438,289900,0.0,0.0
2022-12-30 00:00:00-05:00,25.41133465551708,25.80481256249138,25.155116037049815,25.466238021850586,230200,0.0,0.0
2023-01-03 00:00:00-05:00,26.033581211115923,26.381304892897333,25.530294776135044,25.95122528076172,261400,0.0,0.0
2023-01-04 00:00:00-05:00,26.189140352062157,27.369572360746826,25.90546916979856,27.259765625,646700,0.0,0.0
2023-01-05 00:00:00-05:00,26.902889236578382,27.552585777009284,26.564316433472822,27.4976806640625,591200,0.0,0.0
2023-01-06 00:00:00-05:00,27.845406951285458,28.312089954113034,27.570886613850426,27.71729850769043,403500,0.0,0.0
2023-01-09 00:00:00-05:00,28.119927231746917,29.65723562857671,27.982667927461417,28.220584869384766,903600,0.0,0.0
2023-01-10 00:00:00-05:00,28.083323310459015,29.739589172605534,28.000967385430226,29.702985763549805,478000,0.0,0.0
2023-01-11 00:00:00-05:00,29.73958647542166,30.782759104048665,29.698410261988283,30.608898162841797,707900,0.0,0.0
2023-01-12 00:00:00-05:00,30.984077971205565,31.386705009345864,29.886000105458116,31.020681381225586,772200,0.0,0.0
2023-01-13 00:00:00-05:00,30.581444104772633,31.60631852932055,30.338952648568334,31.386701583862305,630500,0.0,0.0
2023-01-17 00:00:00-05:00,31.176239011692534,31.180815310379675,30.05528669116875,30.435035705566406,410700,0.0,0.0
2023-01-18 00:00:00-05:00,30.654653756897858,31.048131681391112,30.151369094848633,30.151369094848633,377300,0.0,0.0
2023-01-19 00:00:00-05:00,29.885998911814404,30.151368387820757,29.19054985733007,29.33696174621582,393700,0.0,0.0
2023-01-20 00:00:00-05:00,29.556577337815423,29.895150164548294,29.34611295953859,29.757892608642578,353600,0.0,0.0
2023-01-23 00:00:00-05:00,29.87685023948314,30.343531487958984,29.570301051717887,30.08731460571289,376600,0.0,0.0
2023-01-24 00:00:00-05:00,29.17224907141117,29.81279652391637,28.87027792268708,28.90688133239746,432800,0.0,0.0
2023-01-25 00:00:00-05:00,28.485948675055113,29.291204428459753,27.91860983058392,29.19969940185547,306600,0.0,0.0
2023-01-26 00:00:00-05:00,29.45591607252023,29.721285534873658,29.07707988923694,29.611478805541992,375000,0.0,0.0
2023-01-27 00:00:00-05:00,29.61148165864077,29.8310951384641,29.346112170718698,29.56572914123535,208700,0.0,0.0
2023-01-30 00:00:00-05:00,29.28205577589825,29.56572694787677,28.229732245521213,28.760469436645508,168500,0.0,0.0
2023-01-31 00:00:00-05:00,28.760469377482778,29.49252007223573,28.421894840317957,29.474218368530273,262700,0.0,0.0
2023-02-01 00:00:00-05:00,29.55657367343225,30.343529462888977,29.332383916428924,29.968353271484375,324100,0.0,0.0
2023-02-02 00:00:00-05:00,30.288628010586663,31.94947200817903,30.252028090212306,31.03898048400879,444100,0.0,0.0
2023-02-03 00:00:00-05:00,30.444189890836846,31.405006714355874,30.444189890836846,31.020681381225586,221000,0.0,0.0
2023-02-06 00:00:00-05:00,30.517393510028928,30.88342063231893,30.004959727654928,30.25202751159668,188200,0.0,0.0
2023-02-07 00:00:00-05:00,30.087315335751896,30.663803334793513,29.46964762781113,30.54484748840332,328500,0.0,0.0
2023-02-08 00:00:00-05:00,30.462492411218545,30.654655082927192,29.753316158545108,29.995807647705078,570200,0.0,0.0
2023-02-09 00:00:00-05:00,30.325228904714354,30.949302001641122,29.401015541468524,29.4193172454834,341200,0.0,0.0
2023-02-10 00:00:00-05:00,29.15394976554756,29.702986960739832,28.833676904787612,29.629783630371094,538200,0.0,0.0
2023-02-13 00:00:00-05:00,29.68468512297784,30.26117661884193,29.638932605364925,30.25202751159668,387100,0.0,0.0
2023-02-14 00:00:00-05:00,30.288629167099696,30.755313949299627,29.70298853042754,29.922605514526367,471400,0.0,0.0
2023-02-15 00:00:00-05:00,31.11218426765777,32.19196035384957,29.190549007939012,31.78933334350586,793900,0.0,0.0
2023-02-16 00:00:00-05:00,31.084732844455516,31.084732844455516,30.004956779554746,30.53569221496582,1008500,0.0,0.0
2023-02-17 00:00:00-05:00,30.197119649061417,30.910868632835648,30.05070951160278,30.865116119384766,818600,0.0,0.0
2023-02-21 00:00:00-05:00,30.316081232430594,30.39843715904756,29.510823671141758,30.306928634643555,631500,0.0,0.0
2023-02-22 00:00:00-05:00,30.39843447038751,30.51739030555147,29.419316035371384,29.849393844604492,709900,0.0,0.0
2023-02-23 00:00:00-05:00,30.187975029108426,30.508246161555505,29.80364617947839,30.014110565185547,931500,0.0,0.0
2023-02-24 00:00:00-05:00,29.465862466484054,29.967647176925613,29.27072514955525,29.484447479248047,469400,0.5,0.0
2023-02-27 00:00:00-05:00,29.83755737330908,30.041988980912706,29.76321731791542,29.902603149414062,387500,0.0,0.0
2023-02-28 00:00:00-05:00,29.82825846442142,30.711026989198785,29.80967699818595,30.683151245117188,522500,0.0,0.0
2023-03-01 00:00:00-05:00,30.497306977817317,30.785369352366697,30.33004541126976,30.525182723999023,478900,0.0,0.0
2023-03-02 00:00:00-05:00,30.25570632068117,30.50195151018352,29.81896742927497,30.43225860595703,420600,0.0,0.0
2023-03-03 00:00:00-05:00,30.627402250384065,31.17564777535467,30.265003326963157,31.166357040405273,536600,0.0,0.0
2023-03-06 00:00:00-05:00,31.129180673227268,31.333612247782433,30.999089142047932,31.315027236938477,747100,0.0,0.0
2023-03-07 00:00:00-05:00,31.212814759718885,31.338259165308273,29.81897070116293,30.162784576416016,418000,0.0,0.0
2023-03-08 00:00:00-05:00,30.385796897496707,31.101303838618968,30.10702883407033,30.98979377746582,399200,0.0,0.0
2023-03-09 00:00:00-05:00,30.93404631282814,30.989797805923775,29.214971638593404,29.22426414489746,574200,0.0,0.0
2023-03-10 00:00:00-05:00,28.88044670601676,28.968722851871892,26.65958923595266,26.81755828857422,1197900,0.0,0.0
2023-03-13 00:00:00-04:00,26.167097157169025,26.557373537209987,25.275037872712108,25.50734519958496,1366800,0.0,0.0
2023-03-14 00:00:00-04:00,26.399406323681323,26.90119103542833,25.2053467221361,25.284330368041992,750200,0.0,0.0
2023-03-15 00:00:00-04:00,24.624578623287174,25.990545176791922,24.364393758272957,25.981252670288086,787600,0.0,0.0
2023-03-16 00:00:00-04:00,25.563101807841715,26.42728546050389,24.99162592161516,25.897624969482422,519800,0.0,0.0
2023-03-17 00:00:00-04:00,25.43300736274588,25.563098900872713,24.87546941420129,25.340084075927734,982700,0.0,0.0
2023-03-20 00:00:00-04:00,25.665314943485875,25.86974475858469,24.773253862656592,25.154237747192383,437900,0.0,0.0
2023-03-21 00:00:00-04:00,25.92549827692492,26.966235919387636,25.85116000048932,26.72463607788086,536900,0.0,0.0
2023-03-22 00:00:00-04:00,26.73393059207151,26.83614462212046,26.074176788330078,26.074176788330078,514600,0.0,0.0
2023-03-23 00:00:00-04:00,26.232143200647666,26.80826615718399,25.77682104787805,25.990543365478516,228800,0.0,0.0
2023-03-24 00:00:00-04:00,25.925498180360936,26.548081907826788,25.36889071424998,26.492328643798828,337900,0.0,0.0
2023-03-27 00:00:00-04:00,26.994108766018535,27.124202065081388,26.38081760820435,26.399402618408203,462700,0.0,0.0
2023-03-28 00:00:00-04:00,26.32506543567653,26.8082650867205,26.21355714221862,26.529495239257812,270600,0.0,0.0
2023-03-29 00:00:00-04:00,26.808269309552156,26.836145058034468,26.380822851723792,26.789684295654297,343800,0.0,0.0
2023-03-30 00:00:00-04:00,27.235711101815873,27.235711101815873,26.111344465902004,26.241436004638672,258700,0.0,0.0
2023-03-31 00:00:00-04:00,26.49232945929662,27.291467281875423,26.473744446593773,27.254297256469727,360400,0.0,0.0
2023-04-03 00:00:00-04:00,27.077740551490393,27.235709599398344,26.645648796105828,27.170663833618164,327100,0.0,0.0
2023-04-04 00:00:00-04:00,27.2821780286739,27.2821780286739,26.4691022357983,26.733932495117188,328400,0.0,0.0
2023-04-05 00:00:00-04:00,26.38082207482152,26.613129424609983,25.525930956705388,26.0277156829834,222700,0.0,0.0
2023-04-06 00:00:00-04:00,25.999834060668945,26.966233334044112,25.869742532470035,25.999834060668945,281700,0.0,0.0
2023-04-10 00:00:00-04:00,25.795406257688494,26.343651700866427,25.609559683865225,26.23214340209961,206000,0.0,0.0
2023-04-11 00:00:00-04:00,26.399401527279167,27.22641495116353,26.399401527279167,26.929061889648438,291500,0.0,0.0
2023-04-12 00:00:00-04:00,27.152082841247097,28.109189775796494,26.919775487728117,26.966238021850586,625000,0.0,0.0
2023-04-13 00:00:00-04:00,27.07774382090397,28.18352728977383,27.00340554069886,27.98838996887207,427200,0.0,0.0
2023-04-14 00:00:00-04:00,28.164942914857352,28.332204492200145,27.040576179731033,27.40297508239746,319900,0.0,0.0
2023-04-17 00:00:00-04:00,27.22642055024504,27.64457448672104,27.040575734761365,27.570236206054688,198100,0.0,0.0
2023-04-18 00:00:00-04:00,27.560943433885775,28.32291124646571,27.46802014085701,27.979097366333008,373400,0.0,0.0
2023-04-19 00:00:00-04:00,27.969802792463753,29.20567771301529,27.969802792463753,28.852569580078125,469400,0.0,0.0
2023-04-20 00:00:00-04:00,28.47158556069179,28.518048089723674,27.31934142616493,27.72820281982422,498000,0.0,0.0
2023-04-21 00:00:00-04:00,27.65386527377701,27.90475762006162,27.30075713329549,27.58881950378418,497000,0.0,0.0
2023-04-24 00:00:00-04:00,27.570234934603175,27.997679585631218,27.096327752573604,27.421558380126953,294000,0.0,0.0
2023-04-25 00:00:00-04:00,27.235712903636372,27.379744097026496,26.445867568272543,26.659591674804688,268100,0.0,0.0
2023-04-26 00:00:00-04:00,26.659591466152936,26.90119131815948,25.888331149978516,25.981252670288086,376400,0.0,0.0
2023-04-27 00:00:00-04:00,26.09276002956536,26.566667209885633,26.06488251106499,26.520206451416016,391600,0.0,0.0
2023-04-28 00:00:00-04:00,26.408699549445068,27.310051427023502,26.204269720033867,26.919775009155273,515700,0.0,0.0
2023-05-01 00:00:00-04:00,26.910479157594427,27.254294771795234,26.54343493817927,26.74321937561035,299400,0.0,0.0
2023-05-02 00:00:00-04:00,26.58525385939199,26.58525385939199,25.423717102478523,25.609561920166016,468500,0.0,0.0
2023-05-03 00:00:00-04:00,25.813991695635846,26.222851329012922,25.34008451969193,25.395837783813477,291300,0.0,0.0
2023-05-04 00:00:00-04:00,24.903348306616323,25.089194903737962,23.42587335382926,23.70464324951172,943600,0.0,0.0
2023-05-05 00:00:00-04:00,24.28076489547968,25.58633291867537,23.74645902191757,24.643165588378906,592700,0.0,0.0
2023-05-08 00:00:00-04:00,24.94980759401534,26.157805000950646,24.857813026430637,25.330791473388672,518500,0.0,0.0
2023-05-09 00:00:00-04:00,25.330792456469716,25.618853060558898,24.926578182884082,25.22857666015625,295900,0.0,0.0
2023-05-10 00:00:00-04:00,25.767528969347936,25.851159751076654,25.070606969851486,25.37725257873535,255500,0.0,0.0
2023-05-11 00:00:00-04:00,25.079897956993353,25.349375297880307,25.014852191224556,25.19140625,260900,0.0,0.0
2023-05-12 00:00:00-04:00,25.544513244014883,26.064881155746757,24.91263703644406,25.265745162963867,392100,0.0,0.0
2023-05-15 00:00:00-04:00,24.373683305766047,26.20426610040443,22.989131907340756,25.82328224182129,1008400,0.0,0.0
2023-05-16 00:00:00-04:00,25.572391406790956,26.083466825744335,24.856884402364805,25.340084075927734,973700,0.0,0.0
2023-05-17 00:00:00-04:00,25.581684363392945,25.711775903811663,24.726793299860727,25.618852615356445,631000,0.0,0.0
2023-05-18 00:00:00-04:00,25.460886898790577,25.60027096358736,24.364395850290684,24.884765625,664600,0.0,0.0
2023-05-19 00:00:00-04:00,25.48876011678442,25.7861132107718,24.56882331762438,24.847591400146484,622000,0.0,0.0
2023-05-22 00:00:00-04:00,24.93122493235186,25.135654763950836,24.039165551886022,24.71750259399414,1002500,0.0,0.0
2023-05-23 00:00:00-04:00,24.726792373855275,25.061313718456365,23.67676226665375,23.751100540161133,898100,0.0,0.0
2023-05-24 00:00:00-04:00,23.638712767326307,24.032067016763683,23.36711200190196,23.4794979095459,659900,0.2,0.0
2023-05-25 00:00:00-04:00,23.47013339376003,24.635212370356435,23.47013339376003,23.957143783569336,1110200,0.0,0.0
2023-05-26 00:00:00-04:00,23.929045637898643,24.46288496311808,23.493546216952844,24.041433334350586,717100,0.0,0.0
2023-05-30 00:00:00-04:00,24.144455107774178,24.556539157700545,23.708955689223647,24.191282272338867,818600,0.0,0.0
2023-05-31 00:00:00-04:00,24.02270563084539,24.350501196528626,23.779200404519052,24.163188934326172,1198800,0.0,0.0
2023-06-01 00:00:00-04:00,24.14445671286041,25.03418540313005,24.097627758840783,24.837509155273438,813200,0.0,0.0
2023-06-02 00:00:00-04:00,25.212133477273316,25.99884209198189,25.179354100522296,25.333885192871094,578300,0.0,0.0
2023-06-05 00:00:00-04:00,25.23086517351154,25.952013251617945,25.006091537776054,25.530563354492188,516700,0.0,0.0
2023-06-06 00:00:00-04:00,25.53056082762475,26.888568299078326,25.53056082762475,26.20488166809082,413700,0.0,0.0
2023-06-07 00:00:00-04:00,26.532679801818684,27.019690238804163,26.29854037476898,26.54204559326172,433400,0.0,0.0
2023-06-08 00:00:00-04:00,26.54204771778405,27.063709659888218,26.27044510322214,26.982229232788086,294100,0.0,0.0
2023-06-09 00:00:00-04:00,27.384945048302406,27.46923537840674,26.869839063302074,27.038419723510742,311100,0.0,0.0
2023-06-12 00:00:00-04:00,27.16017228873722,27.19295166410937,26.691893456172785,26.87920570373535,402700,0.0,0.0
2023-06-13 00:00:00-04:00,27.11334303223289,27.85322260181458,26.839868386562216,27.843856811523438,360400,0.0,0.0
2023-06-14 00:00:00-04:00,27.862591086751895,28.54627776704927,27.235097367294053,27.56289291381836,410000,0.0,0.0
2023-06-15 00:00:00-04:00,27.544160126511997,28.115460860138896,27.46455358433353,28.096729278564453,347400,0.0,0.0
2023-06-16 00:00:00-04:00,28.09672957024735,28.490083855684492,27.853224366277505,27.99370765686035,595000,0.0,0.0
2023-06-20 00:00:00-04:00,27.684641732560426,28.265308221673173,27.6378145678131,27.8719539642334,341200,0.0,0.0
2023-06-21 00:00:00-04:00,27.815760616701574,27.92814652504578,26.701256605294347,27.16016960144043,663100,0.0,0.0
2023-06-22 00:00:00-04:00,27.06651510776638,27.06651510776638,26.345365305062426,26.373462677001953,484200,0.0,0.0
2023-06-23 00:00:00-04:00,26.120590747043558,26.270439819302492,25.474367292805088,25.521194458007812,4281300,0.0,0.0
2023-06-26 00:00:00-04:00,25.596118512140958,26.251709530684867,25.55865713795258,25.848989486694336,621600,0.0,0.0
2023-06-27 00:00:00-04:00,25.848990277314545,26.598235647416818,25.848990277314545,26.307903289794922,349600,0.0,0.0
2023-06-28 00:00:00-04:00,26.345365305062426,26.46524492445906,26.040985147589502,26.373462677001953,299400,0.0,0.0
2023-06-29 00:00:00-04:00,26.270439793290656,26.97285798868711,26.214246837834654,26.682525634765625,455900,0.0,0.0
2023-06-30 00:00:00-04:00,27.103978825238144,27.768933897676327,26.832376249954752,27.403676986694336,801800,0.0,0.0
2023-07-03 00:00:00-04:00,27.347484735845892,27.66123069850922,27.291289989361896,27.394311904907227,210700,0.0,0.0
2023-07-05 00:00:00-04:00,27.20700002506489,27.29597414836723,26.748086973938673,27.019689559936523,454300,0.0,0.0
2023-07-06 00:00:00-04:00,26.710624205341958,26.729355786782545,25.9801086062363,26.691892623901367,418900,0.0,0.0
2023-07-07 00:00:00-04:00,26.77617971506645,27.834488929654615,26.77617971506645,27.45050048828125,824400,0.0,0.0
2023-07-10 00:00:00-04:00,27.13207462515176,27.53947849128629,27.113344829669657,27.178903579711914,346200,0.0,0.0
2023-07-11 00:00:00-04:00,27.441134698693887,27.651860498555298,27.22572689720965,27.45050048828125,494300,0.0,0.0
2023-07-12 00:00:00-04:00,27.918782840527136,28.106095083683186,27.590987308175016,27.750202178955078,332600,0.0,0.0
2023-07-13 00:00:00-04:00,27.946880881601608,28.504132049494466,27.722107256241244,28.43389129638672,362600,0.0,0.0
2023-07-14 00:00:00-04:00,28.499450758255865,28.52754634566319,27.72210794794398,28.42452621459961,341300,0.0,0.0
2023-07-17 00:00:00-04:00,28.340233908755515,28.761683767633702,28.218480417317757,28.499448776245117,357300,0.0,0.0
2023-07-18 00:00:00-04:00,28.565009958270046,29.15504052551594,28.499451204836287,28.986461639404297,310300,0.0,0.0
2023-07-19 00:00:00-04:00,28.96772646846225,29.38917631105066,28.79071606977481,29.304887771606445,458100,0.0,0.0
2023-07-20 00:00:00-04:00,29.164406160117668,29.47347012917383,28.771051855287823,29.33298683166504,548900,0.0,0.0
2023-07-21 00:00:00-04:00,29.632685050343348,29.64205084170249,28.621202806002763,28.789783477783203,442300,0.0,0.0
2023-07-24 00:00:00-04:00,28.65866245709176,29.09884387894063,28.63993087667049,28.686758041381836,329000,0.0,0.0
2023-07-25 00:00:00-04:00,28.677396433016344,29.05201914102588,28.555642936449505,28.70549201965332,303300,0.0,0.0
2023-07-26 00:00:00-04:00,28.56500548386111,28.878751407961108,28.51817832055543,28.649295806884766,622700,0.0,0.0
2023-07-27 00:00:00-04:00,28.8178807017224,28.855342080621746,27.750203714789457,27.928150177001953,465900,0.0,0.0
2023-07-28 00:00:00-04:00,28.377695071408144,28.546275728228462,27.881320677817094,28.181018829345703,675100,0.0,0.0
2023-07-31 00:00:00-04:00,28.330869928546043,28.368333093333742,27.413043827351594,27.56289291381836,563100,0.0,0.0
2023-08-01 00:00:00-04:00,27.441139340889414,27.75956909536145,27.253828876480107,27.6378173828125,422600,0.0,0.0
2023-08-02 00:00:00-04:00,27.30065592736335,27.45050501277644,26.907301631568494,27.244462966918945,280200,0.0,0.0
2023-08-03 00:00:00-04:00,27.010323547221404,27.74083917835463,26.79959771263086,27.441139221191406,396800,0.0,0.0
2023-08-04 00:00:00-04:00,27.506698123604522,28.04053568193146,27.366213051335833,28.031169891357422,588500,0.0,0.0
2023-08-07 00:00:00-04:00,28.09672927175011,28.09672927175011,27.450503998324116,27.900053024291992,830500,0.0,0.0
2023-08-08 00:00:00-04:00,26.935396644193972,26.935396644193972,24.837507845939353,25.867721557617188,1206600,0.0,0.0
2023-08-09 00:00:00-04:00,25.774066655173304,26.204882311688756,25.422857540532345,25.727237701416016,605800,0.0,0.0
2023-08-10 00:00:00-04:00,25.755334145499152,26.439020768639445,25.586753490732097,25.764699935913086,524800,0.0,0.0
2023-08-11 00:00:00-04:00,25.680408413294938,25.811525900303703,25.305785745882897,25.755332946777344,456000,0.0,0.0
2023-08-14 00:00:00-04:00,25.61485418046406,25.774069065444007,25.146575317151523,25.54929542541504,670300,0.0,0.0
2023-08-15 00:00:00-04:00,25.240228872259763,25.568022614065747,25.006089464488678,25.21213150024414,860900,0.0,0.0
2023-08-16 00:00:00-04:00,25.165304272527877,25.240228811380227,24.65019650486878,24.940528869628906,414600,0.0,0.0
2023-08-17 00:00:00-04:00,25.15773153005358,25.2804992494678,24.64777843750456,24.732770919799805,348700,0.22,0.0
2023-08-18 00:00:00-04:00,24.581675331525574,25.318274495792938,24.581675331525574,24.968862533569336,365200,0.0,0.0
2023-08-21 00:00:00-04:00,25.157734373669154,25.275779301175067,24.79887858658914,24.88387107849121,323700,0.0,0.0
2023-08-22 00:00:00-04:00,24.883868050550085,25.544918483411085,24.798875568990148,25.271055221557617,518000,0.0,0.0
2023-08-23 00:00:00-04:00,25.27105524724259,25.497701264558643,25.06801785233442,25.337160110473633,434400,0.0,0.0
2023-08-24 00:00:00-04:00,25.374936556142416,25.63935602166329,25.086906665866447,25.14828872680664,257300,0.0,0.0
2023-08-25 00:00:00-04:00,25.148289560030943,25.412710835535258,24.93108733437878,25.101072311401367,273000,0.0,0.0
2023-08-28 00:00:00-04:00,25.28994545811279,25.62046980814984,25.275778842237905,25.52603530883789,181500,0.0,0.0
2023-08-29 00:00:00-04:00,25.648799387192945,26.649819777665385,25.59685933558715,26.593158721923828,349500,0.0,0.0
2023-08-30 00:00:00-04:00,26.65926515214207,26.734813831306585,26.290965566367877,26.49872398376465,382200,0.0,0.0
2023-08-31 00:00:00-04:00,26.630934265195265,26.630934265195265,26.144587977402125,26.55538558959961,392300,0.0,0.0
2023-09-01 00:00:00-04:00,26.715928543908575,27.164497822183844,26.43261964048866,26.489280700683594,422000,0.0,0.0
2023-09-05 00:00:00-04:00,26.630933507416426,27.39586405120929,26.394843677745083,26.80091667175293,548800,0.0,0.0
2023-09-06 00:00:00-04:00,26.678150150706262,26.942571402409968,26.16819526553963,26.612045288085938,377900,0.0,0.0
2023-09-07 00:00:00-04:00,26.328738257978454,27.188106935762082,26.16347608987922,27.11255645751953,696900,0.0,0.0
2023-09-08 00:00:00-04:00,27.254209810128977,28.03802795235598,26.989788559282584,27.71694564819336,514700,0.0,0.0
2023-09-11 00:00:00-04:00,27.90581738445044,28.245787318465258,27.74527622685705,28.000253677368164,597900,0.0,0.0
2023-09-12 00:00:00-04:00,28.000254293506437,29.190147287519114,27.51202032351524,28.55742645263672,580800,0.0,0.0
2023-09-13 00:00:00-04:00,28.746298584745496,29.095710529075006,28.444103886550522,28.76518440246582,556100,0.0,0.0
2023-09-14 00:00:00-04:00,29.048494161473453,29.199591515140682,28.727411834624967,29.152374267578125,548700,0.0,0.0
2023-09-15 00:00:00-04:00,28.774630044348584,30.011742145546318,28.774630044348584,29.936193466186523,1636000,0.0,0.0
2023-09-18 00:00:00-04:00,29.860644601009298,29.945635288690415,29.524451809155583,29.671772003173828,431800,0.0,0.0
2023-09-19 00:00:00-04:00,29.700101293688075,30.01173979681106,29.27513887978289,29.341243743896484,500600,0.0,0.0
2023-09-20 00:00:00-04:00,29.49234203531367,29.93619208210105,28.97294511388196,28.991832733154297,470100,0.0,0.0
2023-09-21 00:00:00-04:00,28.821849624805978,28.821849624805978,28.236345998081987,28.491323471069336,637900,0.0,0.0
2023-09-22 00:00:00-04:00,28.377998699145575,28.774629711502186,28.359112880441035,28.472434997558594,245100,0.0,0.0
2023-09-25 00:00:00-04:00,28.40633035386199,28.95405872752546,28.35439029926261,28.86906623840332,355000,0.0,0.0
2023-09-26 00:00:00-04:00,28.519652441549617,28.906839622141714,28.330779855358237,28.434659957885742,384300,0.0,0.0
2023-09-27 00:00:00-04:00,28.831293288450787,28.954059218585662,28.264677285100912,28.727413177490234,354900,0.0,0.0
2023-09-28 00:00:00-04:00,28.812403801263162,29.11459850314417,28.64241883114947,28.859621047973633,364000,0.0,0.0
2023-09-29 00:00:00-04:00,29.124041296473226,29.142928914987348,28.321335521847445,28.444103240966797,340800,0.0,0.0
2023-10-02 00:00:00-04:00,28.42521443655443,28.519650723962723,27.73583260055191,27.896373748779297,288700,0.0,0.0
2023-10-03 00:00:00-04:00,27.716945860111306,28.015363384984592,26.961457338154908,27.178661346435547,356800,0.0,0.0
2023-10-04 00:00:00-04:00,27.216435929703646,27.74527665652108,27.046450960063844,27.726390838623047,417000,0.0,0.0
2023-10-05 00:00:00-04:00,27.63195444003704,28.066358870836076,27.36753317701426,28.02858543395996,478500,0.0,0.0
2023-10-06 00:00:00-04:00,27.877490214828505,28.727413323563706,27.844437779577103,28.491323471069336,298500,0.0,0.0
2023-10-09 00:00:00-04:00,28.132466513044307,28.76518556213405,27.842547134373827,28.746299743652344,238300,0.0,0.0
2023-10-10 00:00:00-04:00,28.96350290294768,29.492343663206043,28.9446152826328,29.02960777282715,381000,0.0,0.0
2023-10-11 00:00:00-04:00,29.12404396839013,29.64344091662225,28.925727558242656,29.397907257080078,372200,0.0,0.0
2023-10-12 00:00:00-04:00,29.511232990912223,29.511232990912223,28.491324850795205,28.500768661499023,491700,0.0,0.0
2023-10-13 00:00:00-04:00,28.651864970177304,28.651864970177304,27.877490533343753,28.519655227661133,330200,0.0,0.0
2023-10-16 00:00:00-04:00,28.736856746351844,28.802961615963355,28.255233237610334,28.264677047729492,413800,0.0,0.0
2023-10-17 00:00:00-04:00,28.03802894402703,28.458268556662006,27.74527625555701,28.368555068969727,591800,0.0,0.0
2023-10-18 00:00:00-04:00,28.04747353897445,28.099411790426206,27.24476772769585,27.584735870361328,335400,0.0,0.0
2023-10-19 00:00:00-04:00,27.35809039552641,27.35809039552641,25.743236731801787,26.007658004760742,690700,0.0,0.0
2023-10-20 00:00:00-04:00,25.77156812901853,25.97932654243898,25.488259236656944,25.573251724243164,992600,0.0,0.0
2023-10-23 00:00:00-04:00,25.497703471596896,26.357070370430687,25.497703471596896,25.93210792541504,437600,0.0,0.0
2023-10-24 00:00:00-04:00,26.083205871960423,26.517610305582686,25.941550529392508,26.12097930908203,475900,0.0,0.0
2023-10-25 00:00:00-04:00,25.771569358734368,25.950996351113428,25.32771927988924,25.384380340576172,430000,0.0,0.0
2023-10-26 00:00:00-04:00,25.204951475621286,25.894333366633752,25.13884660952728,25.7526798248291,321300,0.0,0.0
2023-10-27 00:00:00-04:00,25.875444144604838,26.272075117822958,25.393820691324095,25.47881317138672,325500,0.0,0.0
2023-10-30 00:00:00-04:00,25.72434747060648,26.432616955373913,25.318272677810896,26.10209083557129,272000,0.0,0.0
2023-10-31 00:00:00-04:00,26.10209083557129,26.489278009813024,25.875444816592402,26.10209083557129,327700,0.0,0.0
2023-11-01 00:00:00-04:00,26.102090402919305,26.62148909720633,25.90377581505834,26.612045288085938,701300,0.0,0.0
2023-11-02 00:00:00-04:00,26.94257347491304,27.641399192576007,26.64982077332875,27.376977920532227,580500,0.0,0.0
2023-11-03 00:00:00-04:00,27.480855247365337,28.222177133727683,27.480855247365337,28.094688415527344,638900,0.0,0.0
2023-11-06 00:00:00-05:00,28.23634292683823,28.462988944434006,27.320315047235823,27.877487182617188,787600,0.0,0.0
2023-11-07 00:00:00-05:00,28.472434859701334,29.482899105016237,27.976646546961714,28.708524703979492,1281700,0.0,0.0
2023-11-08 00:00:00-05:00,29.435680763631357,29.87952900595301,28.840735170680105,29.596221923828125,1492800,0.0,0.0
2023-11-09 00:00:00-05:00,29.87952880344108,29.931468855097194,29.265695595515826,29.33180046081543,537400,0.0,0.0
2023-11-10 00:00:00-05:00,29.57733662612672,30.08729157544328,29.27514190114919,29.955080032348633,498900,0.0,0.0
2023-11-13 00:00:00-05:00,29.690658870900105,30.44142463637819,29.511230087625034,30.28560447692871,369600,0.0,0.0
2023-11-14 00:00:00-05:00,30.84277934429739,31.843801653354674,30.84277934429739,31.607711791992188,584000,0.0,0.0
2023-11-15 00:00:00-05:00,31.81546712283679,32.419860169330654,31.58882288254118,32.29709243774414,833000,0.0,0.0
2023-11-16 00:00:00-05:00,32.72810211847881,33.04417862432593,32.311460465513086,32.41202926635742,1492600,0.48,0.0
2023-11-17 00:00:00-05:00,32.66105206723076,33.37940368443137,32.26835332931011,33.36982727050781,1100500,0.0,0.0
2023-11-20 00:00:00-05:00,33.178266302378965,33.848728546428944,33.05375099829354,33.69548034667969,500600,0.0,0.0
2023-11-21 00:00:00-05:00,33.5709694621258,33.91577887038623,33.05375534973518,33.06333541870117,496100,0.0,0.0
2023-11-22 00:00:00-05:00,33.139958770729336,33.570970544957135,32.799939385984594,33.408145904541016,319200,0.0,0.0
2023-11-24 00:00:00-05:00,33.369827499741874,33.67632389955492,33.063331099928824,33.49434280395508,355700,0.0,0.0
2023-11-27 00:00:00-05:00,33.580545618717316,33.69069082291316,32.79514812639559,33.264469146728516,725700,0.0,0.0
2023-11-28 00:00:00-05:00,33.264468282927446,33.55659823143103,32.632319009090644,32.84303665161133,1145300,0.0,0.0
2023-11-29 00:00:00-05:00,33.1399531453645,33.9732436519994,32.972338498762745,33.36982727050781,951000,0.0,0.0
2023-11-30 00:00:00-05:00,33.973243281488045,33.992399762851505,33.40813986930423,33.523075103759766,2381400,0.0,0.0
2023-12-01 00:00:00-05:00,33.254892520818835,34.20311462329575,33.04417487416827,33.94450759887695,1685000,0.0,0.0
2023-12-04 00:00:00-05:00,33.78168103624922,34.36115087740726,33.70505511325719,33.982818603515625,660700,0.0,0.0
2023-12-05 00:00:00-05:00,33.81041456983817,34.75864028930664,33.68111288950052,34.75864028930664,666200,0.0,0.0
2023-12-06 00:00:00-05:00,35.0076724962652,35.639821852984205,34.883157177202534,35.151344299316406,973500,0.0,0.0
2023-12-07 00:00:00-05:00,35.13218543638072,35.55361709441459,35.036406676649314,35.54404067993164,487100,0.0,0.0
2023-12-08 00:00:00-05:00,35.46741298816736,36.157031715914655,35.46741298816736,35.90800476074219,444300,0.0,0.0
2023-12-11 00:00:00-05:00,35.7739087640118,36.53536337156001,35.7739087640118,36.137874603271484,331400,0.0,0.0
2023-12-12 00:00:00-05:00,36.396481756749665,36.396481756749665,35.783488964389925,35.860111236572266,554900,0.0,0.0
2023-12-13 00:00:00-05:00,35.783489310265196,37.38301716493175,35.57277166570781,37.19145965576172,787400,0.0,0.0
2023-12-14 00:00:00-05:00,37.67036667429717,39.5859712977657,37.66078660509334,39.41356658935547,1356000,0.0,0.0
2023-12-15 00:00:00-05:00,39.3273601429787,40.361784632078184,39.24115779774328,40.29473876953125,1539800,0.0,0.0
2023-12-18 00:00:00-05:00,40.227696453025075,40.51503641123009,39.71048233602056,40.04571533203125,496100,0.0,0.0
2023-12-19 00:00:00-05:00,40.151070278891616,40.74491032990485,40.016978542767916,40.52461624145508,458200,0.0,0.0
2023-12-20 00:00:00-05:00,40.227687481830195,41.50156600587615,39.72005354708481,40.38093566894531,408400,0.0,0.0
2023-12-21 00:00:00-05:00,40.811951169742905,41.39621107977757,40.30431718732441,41.38663101196289,524500,0.0,0.0
2023-12-22 00:00:00-05:00,41.66439770389072,42.05709647862894,41.051404851004285,41.89427185058594,370700,0.0,0.0
2023-12-26 00:00:00-05:00,41.60692351419589,42.58292485634145,41.60692351419589,42.07624816894531,356100,0.0,0.0
2023-12-27 00:00:00-05:00,42.29654305974615,42.29654305974615,41.57340140897548,41.6931266784668,428600,0.0,0.0
2023-12-28 00:00:00-05:00,41.69312978733881,42.104985037397206,41.66439688971049,41.79848861694336,319800,0.0,0.0
2023-12-29 00:00:00-05:00,41.7793317362741,41.817644701897535,41.27169772980285,41.34832000732422,289600,0.0,0.0
2024-01-02 00:00:00-05:00,40.993934404838164,41.24296502885089,38.75267705735118,39.135799407958984,1163300,0.0,0.0
2024-01-03 00:00:00-05:00,38.89634764543146,38.89634764543146,37.95770193466357,38.06306076049805,906100,0.0,0.0
2024-01-04 00:00:00-05:00,37.93854713886376,38.58985295140674,37.78529892730809,38.10137176513672,793300,0.0,0.0
2024-01-05 00:00:00-05:00,37.78529675904822,38.59942715114636,37.708670830804685,38.015167236328125,642300,0.0,0.0
2024-01-08 00:00:00-05:00,37.948126350684056,38.1540539926774,37.48838168212992,37.55542755126953,594800,0.0,0.0
2024-01-09 00:00:00-05:00,37.34470844596171,37.919388290011284,36.990319010196636,37.68951416015625,748400,0.0,0.0
2024-01-10 00:00:00-05:00,37.62247156171223,38.24791631987653,37.48837983005766,38.12052917480469,492800,0.0,0.0
2024-01-11 00:00:00-05:00,38.16841752069573,38.350402283336436,37.71825295575289,38.17799758911133,438600,0.0,0.0
2024-01-12 00:00:00-05:00,38.35040211026142,38.637742048097984,37.7086727171584,37.85234451293945,423600,0.0,0.0
2024-01-16 00:00:00-05:00,37.5745796633564,37.60331256000812,36.83707153491729,37.383018493652344,723300,0.0,0.0
2024-01-17 00:00:00-05:00,36.87538740561943,37.58416269326285,36.58804745528182,37.16272735595703,460200,0.0,0.0
2024-01-18 00:00:00-05:00,37.31597008457557,37.4979548275459,36.87538198194507,37.4500617980957,680300,0.0,0.0
2024-01-19 00:00:00-05:00,38.1684139085512,38.74309738615709,37.5075317457159,38.50364685058594,1228600,0.0,0.0
2024-01-22 00:00:00-05:00,38.86761322231499,40.198957633806984,38.62816268345024,38.87718963623047,528400,0.0,0.0
2024-01-23 00:00:00-05:00,39.01128447247601,39.21242206430993,38.58027273731363,38.98255157470703,411800,0.0,0.0
2024-01-24 00:00:00-05:00,39.41356903476722,39.41356903476722,38.66648070072787,39.020870208740234,604400,0.0,0.0
2024-01-25 00:00:00-05:00,39.49018901748735,39.97867024432879,38.685634926565456,39.739219665527344,851600,0.0,0.0
2024-01-26 00:00:00-05:00,39.66258913088415,40.61081492070792,39.57159675229046,40.246849060058594,456500,0.0,0.0
2024-01-29 00:00:00-05:00,40.28516013342687,40.88857286307263,40.24684717016277,40.409671783447266,499800,0.0,0.0
2024-01-30 00:00:00-05:00,40.39051900517672,40.965202545654414,40.13670199429912,40.48630142211914,621700,0.0,0.0
2024-01-31 00:00:00-05:00,40.18938294276035,40.53419234945074,38.551541914706746,39.87331008911133,594300,0.0,0.0
2024-02-01 00:00:00-05:00,40.12233570668757,40.591660417280515,39.25073580449408,40.20853805541992,455300,0.0,0.0
2024-02-02 00:00:00-05:00,40.016975578090026,40.85026614008248,39.892463920185826,40.342628479003906,541100,0.0,0.0
2024-02-05 00:00:00-05:00,40.13191256295008,40.57729072012961,39.79667960972416,40.17980194091797,615300,0.0,0.0
2024-02-06 00:00:00-05:00,40.361783294539364,40.77555307646735,40.160645713564,40.629966735839844,484600,0.0,0.0
2024-02-07 00:00:00-05:00,40.76406248290761,41.79848694718497,40.131913184258835,41.281272888183594,805200,0.0,0.0
2024-02-08 00:00:00-05:00,41.53988162517009,42.37317219461074,41.28127458503943,41.59735107421875,647400,0.0,0.0
2024-02-09 00:00:00-05:00,41.731443044240336,42.775447625478336,41.5398818666899,42.65093231201172,961800,0.0,0.0
2024-02-12 00:00:00-05:00,42.430637773933945,43.80987531427625,42.32527894474385,43.484222412109375,1280900,0.0,0.0
2024-02-13 00:00:00-05:00,40.28516128614518,43.48422073572942,39.272761481097966,41.3578987121582,1493700,0.0,0.0
2024-02-14 00:00:00-05:00,42.545573185083924,42.631775531694416,40.56292286676816,41.79848861694336,1395500,0.0,0.0
2024-02-15 00:00:00-05:00,42.382746042681255,42.53407969173719,40.639546384749224,41.4632568359375,878100,0.0,0.0
2024-02-16 00:00:00-05:00,41.338744518993586,41.90384798656138,40.93646933211088,41.36747741699219,502000,0.0,0.0
2024-02-20 00:00:00-05:00,41.156764004353704,41.46326043319254,40.811954608478615,41.3387451171875,528000,0.0,0.0
2024-02-21 00:00:00-05:00,41.30042853116174,41.67397079271922,41.09929095243469,41.66439437866211,777700,0.0,0.0
2024-02-22 00:00:00-05:00,42.467493449131304,43.32864732872193,41.79018020629883,41.79018020629883,691100,0.44,0.0
2024-02-23 00:00:00-05:00,42.01272680233366,42.061109221527,41.28703480715789,41.43217468261719,429900,0.0,0.0
2024-02-26 00:00:00-05:00,41.51925805980287,42.70939249441368,41.36444391443221,42.457820892333984,5276400,0.0,0.0
2024-02-27 00:00:00-05:00,42.57392989710158,43.444761757784605,42.19173167441627,42.75777053833008,2745400,0.0,0.0
2024-02-28 00:00:00-05:00,42.148192351819155,42.96096753296367,42.03207897518397,42.21592330932617,1145500,0.0,0.0
2024-02-29 00:00:00-05:00,42.506196678143155,43.541516895711936,42.25462140241871,42.91258239746094,1544400,0.0,0.0
2024-03-01 00:00:00-05:00,42.96096758585878,43.522167476045055,42.55457814925599,43.50281524658203,940100,0.0,0.0
2024-03-04 00:00:00-05:00,43.502815014635814,44.41235133924675,43.502815014635814,44.03498840332031,1297300,0.0,0.0
2024-03-05 00:00:00-05:00,43.68666100999932,44.322364974329766,43.56087335990516,43.928558349609375,894000,0.0,0.0
2024-03-06 00:00:00-05:00,44.41235330280084,44.84776556393652,43.48540251452604,43.90920639038086,815100,0.0,0.0
2024-03-07 00:00:00-05:00,44.23818052231018,44.76067589829954,43.90920003835986,44.08336639404297,565600,0.0,0.0
2024-03-08 00:00:00-05:00,44.23818342357569,44.973549658307356,43.59957464120917,43.88017272949219,579600,0.0,0.0
2024-03-11 00:00:00-04:00,43.88985367626847,44.16077751417665,42.59328379461291,42.65134048461914,757800,0.0,0.0
2024-03-12 00:00:00-04:00,42.71907423690757,43.65763346147482,42.34171126378717,43.231895446777344,774500,0.0,0.0
2024-03-13 00:00:00-04:00,43.26091685429402,43.73503723686362,43.08675048445704,43.318973541259766,456100,0.0,0.0
2024-03-14 00:00:00-04:00,43.454437228791434,43.63827787510482,42.428791196847364,42.94161605834961,649300,0.0,0.0
2024-03-15 00:00:00-04:00,42.74810102299907,42.975485128077906,42.128844382565234,42.69972229003906,1954300,0.0,0.0
2024-03-18 00:00:00-04:00,42.699717286512545,42.873883657608445,42.138513714967914,42.515872955322266,516600,0.0,0.0
2024-03-19 00:00:00-04:00,42.16754515752301,43.5511945162613,42.07271812465692,43.464111328125,932700,0.0,0.0
2024-03-20 00:00:00-04:00,43.386707247745434,44.034990350190476,42.97064352576469,43.90920639038086,785200,0.0,0.0
2024-03-21 00:00:00-04:00,44.383317782521466,45.67021325436774,44.383317782521466,45.05095672607422,745600,0.0,0.0
2024-03-22 00:00:00-04:00,44.93484951176436,45.084828375696844,43.80277170803332,43.8608283996582,392200,0.0,0.0
2024-03-25 00:00:00-04:00,43.793089545939466,44.34461883581348,43.70600636238675,43.88017272949219,298000,0.0,0.0
2024-03-26 00:00:00-04:00,44.08337393378294,44.82841820695277,43.27059869860318,43.30929946899414,653700,0.0,0.0
2024-03-27 00:00:00-04:00,43.74471614086622,44.08337464745909,42.90291439149996,43.52217102050781,538700,0.0,0.0
2024-03-28 00:00:00-04:00,43.55119391995748,43.88017443829459,43.02869848935413,43.251243591308594,504400,0.0,0.0
2024-04-01 00:00:00-04:00,43.81244273471266,43.81244273471266,42.91258438196887,43.29962158203125,677300,0.0,0.0
2024-04-02 00:00:00-04:00,42.50619587708059,42.83517636840182,41.964344570475035,42.709388732910156,827600,0.0,0.0
2024-04-03 00:00:00-04:00,42.631989813698894,43.599579202825474,42.57393312156948,43.57054901123047,691800,0.0,0.0
2024-04-04 00:00:00-04:00,44.10272410758403,44.49943559130863,42.5545789412716,42.67068862915039,681900,0.0,0.0
2024-04-05 00:00:00-04:00,42.44814223678841,43.26091740943742,42.196570638829094,43.019020080566406,729200,0.0,0.0
2024-04-08 00:00:00-04:00,43.54152340823457,44.10272703720538,43.23189509261642,43.773746490478516,355300,0.0,0.0
2024-04-09 00:00:00-04:00,44.11239646181829,44.14142295976269,43.028697476190864,43.580223083496094,723300,0.0,0.0
2024-04-10 00:00:00-04:00,43.26092113257894,43.783420293762376,42.099813115858204,43.28995132446289,533500,0.0,0.0
2024-04-11 00:00:00-04:00,43.18351550586747,43.52217031591712,42.73842158129573,43.30929946899414,350400,0.0,0.0
2024-04-12 00:00:00-04:00,43.33832756115701,43.33832756115701,41.765994878697384,41.90629577636719,571700,0.0,0.0
2024-04-15 00:00:00-04:00,42.14819373902542,42.50329590318795,40.600048552479365,41.08384323120117,702900,0.0,0.0
2024-04-16 00:00:00-04:00,40.86129512379896,41.30638530971088,40.47812985495074,41.28703308105469,461800,0.0,0.0
2024-04-17 00:00:00-04:00,41.48055294335854,41.79018122919323,41.24833357451268,41.46120071411133,479400,0.0,0.0
2024-04-18 00:00:00-04:00,41.32573926608842,41.69342424380771,40.93870574996422,41.43217468261719,614200,0.0,0.0
2024-04-19 00:00:00-04:00,41.35476665065573,41.925644462446186,40.822589604110306,41.10319137573242,432500,0.0,0.0
2024-04-22 00:00:00-04:00,41.53860854186543,41.94499427221951,40.958056443913826,41.79985809326172,332500,0.0,0.0
2024-04-23 00:00:00-04:00,42.17722265152299,43.09643333189357,41.90629879707887,42.7287483215332,316900,0.0,0.0
2024-04-24 00:00:00-04:00,42.738420282589466,43.01418679375657,42.081429971057325,42.3707389831543,352200,0.0,0.0
2024-04-25 00:00:00-04:00,41.896619877455244,42.45298451529805,41.42250314302477,42.02240753173828,516600,0.0,0.0
2024-04-26 00:00:00-04:00,42.080465498047964,43.067403458271876,41.828890181864836,42.44814682006836,338500,0.0,0.0
2024-04-29 00:00:00-04:00,42.63198828096761,42.80131567976488,42.099811183232674,42.39009094238281,430200,0.0,0.0
2024-04-30 00:00:00-04:00,42.2062451874302,43.00450711620313,41.67407179860169,41.70309829711914,462800,0.0,0.0
2024-05-01 00:00:00-04:00,41.71277765613327,43.077078498109145,41.65472096609115,42.39009094238281,690500,0.0,0.0
2024-05-02 00:00:00-04:00,42.893236575456655,42.893236575456655,41.55796227263488,42.21592330932617,470000,0.0,0.0
2024-05-03 00:00:00-04:00,42.73842239379883,43.19319059684879,42.20141366795687,42.73842239379883,724300,0.0,0.0
2024-05-06 00:00:00-04:00,42.844851630693874,43.8317931275522,42.467492406525125,43.6866569519043,680600,0.0,0.0
2024-05-07 00:00:00-04:00,43.676981078538425,44.30591560956867,43.473788208289385,43.54151916503906,1245100,0.0,0.0
2024-05-08 00:00:00-04:00,43.0577226713364,43.67697921581521,41.34508921429085,42.1094856262207,954700,0.0,0.0
2024-05-09 00:00:00-04:00,41.78050587373527,42.109486380263114,40.38717862370804,41.53860855102539,943200,0.0,0.0
2024-05-10 00:00:00-04:00,43.1254567978979,43.69633465891204,41.074168420635395,41.1225471496582,1230700,0.0,0.0
2024-05-13 00:00:00-04:00,41.490230315170294,41.76115413866881,40.86613477227387,40.987083435058594,1103600,0.0,0.0
2024-05-14 00:00:00-04:00,41.04513997921532,41.412824979363656,40.84194709402568,41.006439208984375,580700,0.0,0.0
2024-05-15 00:00:00-04:00,41.27736146909559,42.46749592510382,41.27736146909559,42.148193359375,671500,0.0,0.0
2024-05-16 00:00:00-04:00,41.98370260192647,42.332035369248835,41.66440002592134,42.05143356323242,704100,0.0,0.0
2024-05-17 00:00:00-04:00,42.364011140388975,42.364011140388975,41.35790367358339,41.895145416259766,414300,0.41,0.0
2024-05-20 00:00:00-04:00,41.680246383920604,42.315170801805266,41.40674231527538,42.20772171020508,481500,0.0,0.0
2024-05-21 00:00:00-04:00,42.35424432081503,42.784036965513614,42.00259409960095,42.40308380126953,1346700,0.0,0.0
2024-05-22 00:00:00-04:00,42.11981123247588,42.57891056423423,41.63140895655037,42.08074188232422,804700,0.0,0.0
2024-05-23 00:00:00-04:00,42.30540288794198,42.44215491738883,41.6851299635338,41.875606536865234,769600,0.0,0.0
2024-05-24 00:00:00-04:00,41.92444815457653,43.30174610312675,41.81700278753747,43.204063415527344,723500,0.0,0.0
2024-05-28 00:00:00-04:00,43.32127994073527,43.64851229417868,42.217493491314166,42.237030029296875,1035200,0.0,0.0
2024-05-29 00:00:00-04:00,41.690012528535476,41.93421363110365,40.342021399019494,40.752281188964844,1151200,0.0,0.0
2024-05-30 00:00:00-04:00,40.654600849514075,40.918338502596015,40.469009342329,40.771820068359375,609900,0.0,0.0
2024-05-31 00:00:00-04:00,40.89880379976077,40.986716354729516,40.18573695444249,40.9476432800293,1295700,0.0,0.0
2024-06-03 00:00:00-04:00,41.35790574729224,41.78769841774068,39.91223542718704,40.36156463623047,1194800,0.0,0.0
2024-06-04 00:00:00-04:00,40.26388180513767,40.79135339172314,39.52150831463263,39.658260345458984,1140900,0.0,0.0
2024-06-05 00:00:00-04:00,40.08805942675232,40.205274928829056,38.72053157307375,40.17597198486328,818600,0.0,0.0
2024-06-06 00:00:00-04:00,40.17596649850777,40.586222562859355,39.062410065309905,39.443363189697266,594400,0.0,0.0
2024-06-07 00:00:00-04:00,39.02334036946361,39.02334036946361,38.33957647686286,38.593544006347656,919400,0.0,0.0
2024-06-10 00:00:00-04:00,38.2712009195681,39.80966876483165,38.2712009195681,39.14055633544922,1044600,0.0,0.0
2024-06-11 00:00:00-04:00,38.964731314348334,39.71687123432218,38.881703825275416,39.189395904541016,996100,0.0,0.0
2024-06-12 00:00:00-04:00,39.941539409215046,40.429941708131764,39.755947877063676,40.14666748046875,968600,0.0,0.0
2024-06-13 00:00:00-04:00,39.97083786793707,40.67413829181837,39.672915927157064,40.15643310546875,836700,0.0,0.0
2024-06-14 00:00:00-04:00,39.89269394563226,40.34202309900093,39.707102441296485,39.824317932128906,548300,0.0,0.0
2024-06-17 00:00:00-04:00,39.88293085343875,40.28342056274414,39.16009385980256,40.28342056274414,416000,0.0,0.0
2024-06-18 00:00:00-04:00,40.38109584405371,40.57645747799982,39.91223015831099,40.02944564819336,454200,0.0,0.0
2024-06-20 00:00:00-04:00,40.04898430703896,40.85973382671512,40.024562704171245,40.65460205078125,836300,0.0,0.0
2024-06-21 00:00:00-04:00,40.635065399552296,40.635065399552296,39.6973339809965,40.254112243652344,1455100,0.0,0.0
2024-06-24 00:00:00-04:00,40.215040836416016,41.10393653864175,40.215040836416016,41.03555679321289,769000,0.0,0.0
2024-06-25 00:00:00-04:00,41.084400869521204,41.4751204552679,40.85973626931879,41.07463073730469,629800,0.0,0.0
2024-06-26 00:00:00-04:00,40.859735041394586,41.22115167205767,40.2834202229901,40.488548278808594,818500,0.0,0.0
2024-06-27 00:00:00-04:00,40.44947453150131,41.2309173927411,40.361561976723486,40.8988037109375,851700,0.0,0.0
2024-06-28 00:00:00-04:00,41.1430055215286,41.650944321326925,40.24434714772557,40.488548278808594,1726700,0.0,0.0
2024-07-01 00:00:00-04:00,40.605762613346926,41.30906304307561,39.873159241117364,39.9513053894043,769000,0.0,0.0
2024-07-02 00:00:00-04:00,39.88293136656462,40.31272402498841,39.75594573235688,40.17597198486328,338700,0.0,0.0
2024-07-03 00:00:00-04:00,40.3029538928574,40.38110004505098,39.707106250342704,40.17597198486328,446700,0.0,0.0
2024-07-05 00:00:00-04:00,40.17597013415397,40.17597013415397,39.32614753615729,39.69733428955078,941300,0.0,0.0
2024-07-08 00:00:00-04:00,39.912233864980735,40.342026518606644,39.49220761716318,39.62895965576172,588500,0.0,0.0
2024-07-09 00:00:00-04:00,39.531282858072274,39.85362643439405,39.072183509447854,39.550819396972656,541000,0.0,0.0
2024-07-10 00:00:00-04:00,39.287080082883946,40.283421168227136,39.28024248086289,40.22481155395508,650600,0.0,0.0
2024-07-11 00:00:00-04:00,40.91834301645255,41.89514759063844,40.88904007161537,41.465354919433594,1201700,0.0,0.0
2024-07-12 00:00:00-04:00,41.74862473521229,42.98916313446723,41.35790145627886,42.93055725097656,920200,0.0,0.0
2024-07-15 00:00:00-04:00,43.10638337277057,45.16744145174512,43.10638337277057,45.12836837768555,1888800,0.0,0.0
2024-07-16 00:00:00-04:00,45.39210554636791,46.671717035137995,45.18697377288481,46.64241409301758,1379100,0.0,0.0
2024-07-17 00:00:00-04:00,46.300535263486104,46.300535263486104,44.80114048971701,45.8218994140625,1102500,0.0,0.0
2024-07-18 00:00:00-04:00,45.66561300499999,47.15035637765579,45.255356879954746,46.8475456237793,1233400,0.0,0.0
2024-07-19 00:00:00-04:00,46.84753894604125,47.062437110174095,45.909807599992135,46.232154846191406,871100,0.0,0.0
2024-07-22 00:00:00-04:00,47.03314078952477,47.472699858077576,46.58380786253368,47.15035629272461,867700,0.0,0.0
2024-07-23 00:00:00-04:00,47.21873077716131,48.596025005142955,47.05267207066847,47.87318801879883,1226200,0.0,0.0
2024-07-24 00:00:00-04:00,47.45316225373619,47.72666630898571,46.339602044048945,46.40797805786133,1468700,0.0,0.0
2024-07-25 00:00:00-04:00,46.72056032180131,48.55695007134354,46.47147413470302,47.697364807128906,1453700,0.0,0.0
2024-07-26 00:00:00-04:00,48.29321219883285,48.50322531129477,47.414090401667615,48.302982330322266,795100,0.0,0.0
2024-07-29 00:00:00-04:00,48.76207711503071,49.357928435006976,47.92202840496362,48.312747955322266,851800,0.0,0.0
2024-07-30 00:00:00-04:00,48.869531024956935,49.4263093269775,48.51788078658316,49.103965759277344,720200,0.0,0.0
2024-07-31 00:00:00-04:00,49.65097385181738,50.42264656445462,48.65463282815201,49.8072624206543,652400,0.0,0.0
2024-08-01 00:00:00-04:00,49.797495477131115,50.12960917294808,47.34571769787471,48.10762405395508,984300,0.0,0.0
2024-08-02 00:00:00-04:00,46.62288119688388,47.25292058516506,43.0038222400853,44.03435134887695,1220000,0.0,0.0
2024-08-05 00:00:00-04:00,42.18818463589201,42.18818463589201,40.215039116410104,41.96352005004883,2922100,0.0,0.0
2024-08-06 00:00:00-04:00,42.62774819511526,44.08318855369252,41.6509436856902,41.95375442504883,1534600,0.0,0.0
2024-08-07 00:00:00-04:00,43.506871208053546,45.5386225315952,42.40308113340374,42.58867263793945,1556500,0.0,0.0
2024-08-08 00:00:00-04:00,42.979398867377604,44.72299478601699,42.86022710624835,44.25901412963867,815400,0.0,0.0
2024-08-09 00:00:00-04:00,44.42507068006093,45.16255916185812,44.11249352079861,44.99161911010742,863500,0.0,0.0
2024-08-12 00:00:00-04:00,45.31395922785735,46.2223876922913,44.03434774392282,44.48367691040039,717100,0.0,0.0
2024-08-13 00:00:00-04:00,44.68880332635802,46.44705058084093,44.33715313021879,46.16377639770508,844200,0.0,0.0
2024-08-14 00:00:00-04:00,46.26146147265899,46.994064843802335,45.870738184230504,46.88661575317383,559800,0.0,0.0
2024-08-15 00:00:00-04:00,47.57037980408476,48.31274958312826,47.29199067116677,47.99040603637695,581900,0.0,0.0
2024-08-16 00:00:00-04:00,47.86232921161218,48.512578877849506,47.07414460909432,48.09878158569336,429700,0.42,0.0
2024-08-19 00:00:00-04:00,48.06922215335074,48.58646402945735,47.84262041357892,48.2071533203125,629800,0.0,0.0
2024-08-20 00:00:00-04:00,48.06922569701631,48.384498032840064,47.468236632370164,47.81306457519531,786200,0.0,0.0
2024-08-21 00:00:00-04:00,47.901734259480676,48.84755500762165,47.35986017730512,48.75888442993164,890500,0.0,0.0
2024-08-22 00:00:00-04:00,48.78843829896594,49.14312059709532,48.50272158565701,48.73917770385742,958600,0.0,0.0
2024-08-23 00:00:00-04:00,48.98548733763899,49.94115496601503,48.581544420488044,49.46824645996094,537700,0.0,0.0
2024-08-26 00:00:00-04:00,49.50765186305787,50.11849149042541,49.32046010453912,49.76380920410156,563700,0.0,0.0
2024-08-27 00:00:00-04:00,49.55691384542872,49.91159614169303,49.41898267651314,49.82292556762695,310300,0.0,0.0
2024-08-28 00:00:00-04:00,49.51750543022047,50.46332616957985,48.74902960293715,49.123416900634766,710900,0.0,0.0
2024-08-29 00:00:00-04:00,49.2711987437109,49.52735985864708,48.75888403052372,48.79829025268555,631000,0.0,0.0
2024-08-30 00:00:00-04:00,49.15297202395947,49.822926651850764,48.8672553059353,49.7047004699707,544200,0.0,0.0
2024-09-03 00:00:00-04:00,49.28105369489206,49.5569160449671,47.88695662455504,48.10863494873047,1622800,0.0,0.0
2024-09-04 00:00:00-04:00,48.0987810637971,49.18252924298585,48.0987810637971,48.7884407043457,864800,0.0,0.0
2024-09-05 00:00:00-04:00,49.14312091065813,49.271197707089,48.57168748039416,48.91651916503906,611500,0.0,0.0
2024-09-06 00:00:00-04:00,49.02489436843908,49.12834651184024,47.310601475553334,48.01996612548828,1089300,0.0,0.0
2024-09-09 00:00:00-04:00,48.64065403583974,49.65544036183518,48.57168844920368,49.123416900634766,833700,0.0,0.0
2024-09-10 00:00:00-04:00,48.94607291857597,49.75395867963735,48.60124500532138,49.43868637084961,877500,0.0,0.0
2024-09-11 00:00:00-04:00,50.17760806214203,50.788447709042615,48.57956835118068,50.43376541137695,916900,0.0,0.0
2024-09-12 00:00:00-04:00,50.906672350640726,53.21210345746502,50.581549426499315,53.152992248535156,1619500,0.0,0.0
2024-09-13 00:00:00-04:00,53.71457482398051,55.98059610198647,53.26432537735211,55.60620880126953,1311600,0.0,0.0
2024-09-16 00:00:00-04:00,55.76384411977489,57.074197773227006,55.45842616922783,56.33527755737305,990900,0.0,0.0
2024-09-17 00:00:00-04:00,56.81803413939367,57.09390023007866,55.8131059977621,56.61113739013672,1055600,0.0,0.0
2024-09-18 00:00:00-04:00,56.896856104742284,58.128389786663114,56.236755855237135,57.1333122253418,766500,0.0,0.0
2024-09-19 00:00:00-04:00,58.91657203388467,59.461403931175674,57.93134506422659,58.45351791381836,1532600,0.0,0.0
2024-09-20 00:00:00-04:00,58.0692749914046,58.63085405138043,57.0200096442587,57.8525276184082,1745500,0.0,0.0
2024-09-23 00:00:00-04:00,58.1382377704064,58.72937616597183,57.50769315514383,57.73429489135742,768700,0.0,0.0
2024-09-24 00:00:00-04:00,57.61607183842182,58.17272371461692,57.12345836125507,57.81311798095703,615500,0.0,0.0
2024-09-25 00:00:00-04:00,57.763858145523656,58.02986987769756,57.23183468117585,57.62592697143555,746500,0.0,0.0
2024-09-26 00:00:00-04:00,58.50277854236416,58.65548752007435,56.73429417653053,56.975677490234375,687200,0.0,0.0
2024-09-27 00:00:00-04:00,57.2318312787246,57.53725297343558,56.52246670176615,57.153011322021484,373400,0.0,0.0
2024-09-30 00:00:00-04:00,57.01508133379033,57.24168307647869,56.118524978657035,56.70966339111328,741200,0.0,0.0
2024-10-01 00:00:00-04:00,56.99537825136962,57.53725608717229,56.41409419342526,57.448585510253906,911600,0.0,0.0
2024-10-02 00:00:00-04:00,56.936265627111744,58.09883371417176,56.936265627111744,57.60622024536133,462200,0.0,0.0
2024-10-03 00:00:00-04:00,57.389471056494315,58.22691247844516,57.221984275441194,58.020015716552734,414300,0.0,0.0
2024-10-04 00:00:00-04:00,58.916571398152755,59.65056443029203,58.18750555314454,59.57667541503906,492300,0.0,0.0
2024-10-07 00:00:00-04:00,59.32051609093327,60.50278922910775,59.14317493228996,59.27125549316406,703700,0.0,0.0
2024-10-08 00:00:00-04:00,59.35007227163285,59.74908797799835,57.87223186779913,57.93134307861328,775700,0.0,0.0
2024-10-09 00:00:00-04:00,57.891932185064924,59.06435462559971,57.162866368690665,58.98553466796875,743900,0.0,0.0
2024-10-10 00:00:00-04:00,58.94613195554747,59.813128991030936,58.72938081750527,58.808197021484375,537500,0.0,0.0
2024-10-11 00:00:00-04:00,58.788487401990444,60.28603274310569,58.729376193246104,59.64563751220703,464600,0.0,0.0
2024-10-14 00:00:00-04:00,59.76386578550576,60.06928748865924,59.37568538053181,59.51755905151367,549600,0.0,0.0
2024-10-15 00:00:00-04:00,59.67519301621816,60.93628224520807,59.21213517067365,60.07913589477539,701100,0.0,0.0
2024-10-16 00:00:00-04:00,60.85746892430806,61.5471285383906,59.5668202716442,61.35008239746094,748700,0.0,0.0
2024-10-17 00:00:00-04:00,61.81314468043022,64.28507815282111,61.5717613553358,64.11857604980469,1524800,0.0,0.0
2024-10-18 00:00:00-04:00,64.39443659423031,66.05947261076906,63.16388754392361,65.35995483398438,1249400,0.0,0.0
2024-10-21 00:00:00-04:00,65.2515895028517,65.99050977533597,64.78853159609186,65.69493865966797,1130600,0.0,0.0
2024-10-22 00:00:00-04:00,65.04467613827869,66.69985761841656,64.80231567459285,66.50281524658203,1202100,0.0,0.0
2024-10-23 00:00:00-04:00,66.24665498709389,66.7688240440709,64.98556575137171,65.9905014038086,1540100,0.0,0.0
2024-10-24 00:00:00-04:00,66.00035395440152,68.24667028889691,65.75897815253394,67.88214111328125,869500,0.0,0.0
2024-10-25 00:00:00-04:00,68.56194235439497,68.82795784998464,65.67523450115236,66.33533477783203,1117400,0.0,0.0
2024-10-28 00:00:00-04:00,66.82794664904984,67.36981696824077,66.23681197507555,67.25159454345703,1202200,0.0,0.0
2024-10-29 00:00:00-04:00,67.1530774557298,67.9708101716521,66.89691632523024,67.42893981933594,800800,0.0,0.0
2024-10-30 00:00:00-04:00,67.70480354679816,68.31563950232064,67.0644044659918,67.37967681884766,600900,0.0,0.0
2024-10-31 00:00:00-04:00,67.00528722116383,67.72449868797129,66.0397614992633,66.68016052246094,1207500,0.0,0.0
2024-11-01 00:00:00-04:00,66.69986007150082,67.25159226296147,64.95108828627033,64.96586608886719,2203900,0.0,0.0
2024-11-04 00:00:00-05:00,63.66536846070612,64.29591310980473,58.70967432740801,60.877174377441406,2131800,0.0,0.0
2024-11-05 00:00:00-05:00,61.645649708885,62.28604872710469,59.231842939581796,59.98061752319336,1318800,0.0,0.0
2024-11-06 00:00:00-05:00,64.03975196983896,67.10380839619222,63.49787413880474,66.78853607177734,2665700,0.0,0.0
2024-11-07 00:00:00-05:00,65.6949380417993,66.72942942022205,65.18262329837032,65.4486312866211,886600,0.0,0.0
2024-11-08 00:00:00-05:00,65.49789084762561,65.92153873617391,64.79837309946497,65.24172973632812,541500,0.0,0.0
2024-11-11 00:00:00-05:00,66.40430132400024,69.62599030766113,65.960944663851,67.6949462890625,1567300,0.0,0.0
2024-11-12 00:00:00-05:00,67.04469370826463,67.56686276381467,65.91168126728141,66.6407470703125,659500,0.0,0.0
2024-11-13 00:00:00-05:00,66.58164478725394,67.13336952116605,64.69985754358325,64.93631744384766,449100,0.0,0.0
2024-11-14 00:00:00-05:00,64.26246547402779,66.04616071980165,63.65799139408628,65.3029556274414,512000,0.38,0.0
2024-11-15 00:00:00-05:00,64.66875744606838,64.82730394152162,62.90488137747608,64.08409881591797,2019300,0.0,0.0
2024-11-18 00:00:00-05:00,64.39129530125409,65.9867020127665,63.771957697619,65.82815551757812,1682500,0.0,0.0
2024-11-19 00:00:00-05:00,64.37147487966081,67.52266503740306,64.37147487966081,67.30465698242188,1625100,0.0,0.0
2024-11-20 00:00:00-05:00,67.16592216620762,67.42356872211812,66.05607403663632,66.94791412353516,795200,0.0,0.0
2024-11-21 00:00:00-05:00,68.25595658002253,69.75227836219527,67.09655838892759,69.06852722167969,1556800,0.0,0.0
2024-11-22 00:00:00-05:00,68.67215718235596,70.18829444114101,68.28569111875481,70.01983642578125,1395000,0.0,0.0
2024-11-25 00:00:00-05:00,71.63506707984209,72.3188182286787,69.57390967485175,70.64412689208984,1060400,0.0,0.0
2024-11-26 00:00:00-05:00,70.27747062369126,71.60533429935262,69.63038685432686,70.54502868652344,1483300,0.0,0.0
2024-11-27 00:00:00-05:00,70.64412310716513,71.31300316189687,68.90997787150961,69.17752838134766,804000,0.0,0.0
2024-11-29 00:00:00-05:00,69.9405574887079,70.32702354176297,68.66224379003599,69.326171875,709400,0.0,0.0
2024-12-02 00:00:00-05:00,69.58381752729483,70.18829161479637,67.592025737982,68.30550384521484,1925400,0.0,0.0
2024-12-03 00:00:00-05:00,68.1766871892253,69.36581237729813,67.38393202366105,68.59288024902344,1038000,0.0,0.0
2024-12-04 00:00:00-05:00,69.35589601872923,69.970281607181,68.3253173995229,69.11807250976562,571400,0.0,0.0
2024-12-05 00:00:00-05:00,69.25680355099895,70.4261131809799,68.44423296475952,69.27662658691406,861200,0.0,0.0
2024-12-06 00:00:00-05:00,69.63335901581712,69.86127857029713,67.96857930917784,68.1568603515625,1098200,0.0,0.0
2024-12-09 00:00:00-05:00,69.36580853332222,70.02973660053276,66.36821315250617,67.52265930175781,1165900,0.0,0.0
2024-12-10 00:00:00-05:00,67.15600778193271,68.75638149949415,66.65063377032988,67.05691528320312,1110300,0.0,0.0
2024-12-11 00:00:00-05:00,68.03795233310885,70.46773339688076,67.94381181197525,69.82164001464844,1542700,0.0,0.0
2024-12-12 00:00:00-05:00,69.35589801606041,70.34683815226468,67.63166429594149,67.75057983398438,974800,0.0,0.0
2024-12-13 00:00:00-05:00,68.16677779477514,69.08835249034519,66.21462437596637,66.27407836914062,1298300,0.0,0.0
2024-12-16 00:00:00-05:00,66.47226996547565,67.85958774782577,65.57051076085229,66.52181243896484,933400,0.0,0.0
2024-12-17 00:00:00-05:00,65.62996951953824,66.45244409896384,64.59939085538655,65.9173355102539,1228400,0.0,0.0
2024-12-18 00:00:00-05:00,66.10561578064741,67.28978894461359,62.33013626947731,62.676963806152344,1334400,0.0,0.0
2024-12-19 00:00:00-05:00,64.13364987697707,65.06513606862701,63.18432899986757,63.400352478027344,2027900,0.0,0.0
2024-12-20 00:00:00-05:00,62.35986596998238,64.966035927542,62.1814964347705,64.23274230957031,1896800,0.0,0.0
2024-12-23 00:00:00-05:00,63.82645796182785,64.44083600923953,62.82560630487641,63.31116485595703,1154200,0.0,0.0
2024-12-24 00:00:00-05:00,63.51926131429869,64.53200528009832,63.33098404898552,64.18318939208984,379500,0.0,0.0
2024-12-26 00:00:00-05:00,64.09400844770765,64.61920551136336,63.63817689132207,64.4210205078125,643000,0.0,0.0
2024-12-27 00:00:00-05:00,63.78682138408644,64.36156093615313,62.676965673388835,63.41026306152344,385800,0.0,0.0
2024-12-30 00:00:00-05:00,62.59768677196137,63.26161863082391,61.90403169870645,62.835514068603516,436200,0.0,0.0
2024-12-31 00:00:00-05:00,63.27152736688508,63.49944692899122,61.88421341835761,62.27067947387695,559800,0.0,0.0
2025-01-02 00:00:00-05:00,62.52832029504729,63.62331245828455,62.02294249520719,63.2021598815918,681200,0.0,0.0
2025-01-03 00:00:00-05:00,63.7075432926282,65.17413048414164,63.6579932609085,65.12458801269531,613800,0.0,0.0
2025-01-06 00:00:00-05:00,65.58041861730011,65.68942263727213,64.49038597785314,65.45159912109375,985500,0.0,0.0
2025-01-07 00:00:00-05:00,65.63987170267352,66.0065222702842,62.84542085515795,63.71745300292969,1181000,0.0,0.0
2025-01-08 00:00:00-05:00,63.54898928150527,64.96108202344661,63.311165761694326,64.49038696289062,814300,0.0,0.0
2025-01-10 00:00:00-05:00,63.9850055284515,63.9850055284515,60.57617275490135,61.83466720581055,1361800,0.0,0.0
2025-01-13 00:00:00-05:00,60.982458094993405,62.2112217713054,60.982458094993405,61.31937789916992,1652700,0.0,0.0
2025-01-14 00:00:00-05:00,61.17073340105488,63.10306739888698,61.17073340105488,62.5283203125,760100,0.0,0.0
2025-01-15 00:00:00-05:00,64.85703369362322,65.42186931067916,64.04446302416953,65.40205383300781,997800,0.0,0.0
2025-01-16 00:00:00-05:00,65.3921366074142,66.32362274242874,64.8669395518075,64.90657806396484,538500,0.0,0.0
2025-01-17 00:00:00-05:00,66.07588670763319,66.57135676166155,65.59032817156185,66.42271423339844,649500,0.0,0.0
2025-01-21 00:00:00-05:00,67.13619795255072,68.38478471031611,66.5019968350164,67.86949157714844,651400,0.0,0.0
2025-01-22 00:00:00-05:00,67.88931274414062,68.315417317019,67.12628458420163,67.88931274414062,678600,0.0,0.0
2025-01-23 00:00:00-05:00,67.96858395104361,69.47481727244174,67.67130643043579,69.13789367675781,570000,0.0,0.0
2025-01-24 00:00:00-05:00,68.63251877328634,69.0635753309774,68.11722564751274,68.67215728759766,745900,0.0,0.0
2025-01-27 00:00:00-05:00,67.19564726543672,67.35420131391592,64.51020044157374,66.095703125,1015500,0.0,0.0
2025-01-28 00:00:00-05:00,66.46235369190329,66.48216916782661,64.7480239540194,66.095703125,905800,0.0,0.0
2025-01-29 00:00:00-05:00,66.33353661269068,67.38393076115052,66.11552856823144,66.30876159667969,667300,0.0,0.0
2025-01-30 00:00:00-05:00,67.69112223079006,67.69112223079006,66.24435045482699,66.44254302978516,443800,0.0,0.0
2025-01-31 00:00:00-05:00,67.03710174879845,68.56315046629858,66.63081266388701,66.6407241821289,620000,0.0,0.0
2025-02-03 00:00:00-05:00,63.52917471093467,65.75383810753912,63.33098592150812,64.8768539428711,757900,0.0,0.0
2025-02-04 00:00:00-05:00,64.58948047170415,65.29304708395887,63.30125900895149,63.44989776611328,1050100,0.0,0.0
2025-02-05 00:00:00-05:00,63.48953632274567,63.73727136498524,62.24095337311842,63.251712799072266,1351000,0.0,0.0
2025-02-06 00:00:00-05:00,63.94536690117345,64.62911802643434,62.74633022256884,63.182342529296875,694300,0.0,0.0
2025-02-07 00:00:00-05:00,63.29134757935313,63.97509493558666,62.16167639073392,62.30040740966797,836500,0.0,0.0
2025-02-10 00:00:00-05:00,62.44904711382086,62.69678214500225,61.190552701803014,61.81484603881836,1210400,0.0,0.0
2025-02-11 00:00:00-05:00,61.14100940363656,62.58778114835688,58.76275147741229,60.239253997802734,1408900,0.0,0.0
2025-02-12 00:00:00-05:00,59.41676993421108,61.05182267856031,58.88661711009679,60.2987060546875,1413500,0.0,0.0
2025-02-13 00:00:00-05:00,59.634778118313214,60.44734873330075,57.705419050653724,57.96009063720703,2323000,0.0,0.0
2025-02-14 00:00:00-05:00,58.18800542469781,59.218580283123295,57.940270393128266,58.84202575683594,1219400,0.0,0.0
2025-02-18 00:00:00-05:00,59.21858025758373,60.06583739170637,58.98075674425603,59.674415588378906,1381300,0.0,0.0
2025-02-19 00:00:00-05:00,59.35731692196378,60.36014560900302,58.653746537523396,59.73387145996094,1308000,0.0,0.0
2025-02-20 00:00:00-05:00,59.585230870799485,59.94196992119676,56.87500901973103,57.96999740600586,1938700,0.0,0.0
2025-02-21 00:00:00-05:00,58.790000915527344,58.790000915527344,55.619998931884766,56.630001068115234,2852200,0.53,0.0
2025-02-24 00:00:00-05:00,57.040000915527344,57.13999938964844,54.792999267578125,56.15999984741211,1267200,0.0,0.0
2025-02-25 00:00:00-05:00,55.91999816894531,55.970001220703125,53.779998779296875,54.77000045776367,1107800,0.0,0.0
2025-02-26 00:00:00-05:00,55.31999969482422,56.689998626708984,55.18000030517578,55.61000061035156,1026400,0.0,0.0
2025-02-27 00:00:00-05:00,55.86000061035156,56.25299835205078,54.45000076293945,54.52000045776367,761500,0.0,0.0
2025-02-28 00:00:00-05:00,54.150001525878906,55.44499969482422,53.95000076293945,55.15999984741211,1254800,0.0,0.0
2025-03-03 00:00:00-05:00,55.619998931884766,55.685001373291016,52.61000061035156,52.79999923706055,1128100,0.0,0.0
2025-03-04 00:00:00-05:00,52.2599983215332,52.59000015258789,48.70500183105469,50.09000015258789,1888700,0.0,0.0
2025-03-05 00:00:00-05:00,50.4900016784668,51.63999938964844,49.61000061035156,50.83000183105469,967500,0.0,0.0
2025-03-06 00:00:00-05:00,49.439998626708984,49.91999816894531,48.09000015258789,48.970001220703125,1884600,0.0,0.0
2025-03-07 00:00:00-05:00,48.44499969482422,49.150001525878906,46.52000045776367,49.08000183105469,2018800,0.0,0.0
2025-03-10 00:00:00-04:00,47.4900016784668,47.89500045776367,45.560001373291016,46.5,2103400,0.0,0.0
2025-03-11 00:00:00-04:00,46.869998931884766,49.060001373291016,46.650001525878906,48.630001068115234,2449900,0.0,0.0
2025-03-12 00:00:00-04:00,50.0,50.560001373291016,49.33000183105469,49.68000030517578,1739400,0.0,0.0
2025-03-13 00:00:00-04:00,49.540000915527344,49.75,46.06999969482422,46.54999923706055,3574600,0.0,0.0
2025-03-14 00:00:00-04:00,47.4900016784668,47.779998779296875,46.220001220703125,47.59000015258789,2442500,0.0,0.0
2025-03-17 00:00:00-04:00,47.72999954223633,49.61000061035156,47.71500015258789,49.5099983215332,1772200,0.0,0.0
2025-03-18 00:00:00-04:00,49.08000183105469,49.68000030517578,48.63999938964844,49.20000076293945,1901100,0.0,0.0
2025-03-19 00:00:00-04:00,49.27000045776367,51.029998779296875,48.7400016784668,50.5,1506200,0.0,0.0
2025-03-20 00:00:00-04:00,50.02000045776367,50.79999923706055,49.7599983215332,50.4900016784668,1537800,0.0,0.0
2025-03-21 00:00:00-04:00,49.72999954223633,50.380001068115234,49.349998474121094,50.0,2593000,0.0,0.0
2025-03-24 00:00:00-04:00,50.7599983215332,52.709999084472656,50.7599983215332,52.2400016784668,1499000,0.0,0.0
2025-03-25 00:00:00-04:00,52.619998931884766,52.96900177001953,51.86000061035156,52.54999923706055,1590300,0.0,0.0
2025-03-26 00:00:00-04:00,52.25,53.150001525878906,51.18000030517578,51.33000183105469,1074700,0.0,0.0
2025-03-27 00:00:00-04:00,51.0099983215332,51.084999084472656,49.15999984741211,49.540000915527344,1176400,0.0,0.0
2025-03-28 00:00:00-04:00,49.41999816894531,49.459999084472656,47.15999984741211,47.709999084472656,770700,0.0,0.0
2025-03-31 00:00:00-04:00,46.83000183105469,47.7400016784668,45.54999923706055,47.43000030517578,1198700,0.0,0.0
2025-04-01 00:00:00-04:00,47.63999938964844,47.939998626708984,46.619998931884766,47.720001220703125,1084202,0.0,0.0
